# eV, DoS
0.000000000000000000e+00 0.000000000000000000e+00
3.891643966065747875e-04 0.000000000000000000e+00
7.783287932131495749e-04 0.000000000000000000e+00
1.167493189819724525e-03 0.000000000000000000e+00
1.556657586426299150e-03 0.000000000000000000e+00
1.945821983032873992e-03 0.000000000000000000e+00
2.334986379639449050e-03 0.000000000000000000e+00
2.724150776246023892e-03 0.000000000000000000e+00
3.113315172852598300e-03 0.000000000000000000e+00
3.502479569459173141e-03 0.000000000000000000e+00
3.891643966065747983e-03 0.000000000000000000e+00
4.280808362672322391e-03 0.000000000000000000e+00
4.669972759278898100e-03 0.000000000000000000e+00
5.059137155885472074e-03 0.000000000000000000e+00
5.448301552492047783e-03 0.000000000000000000e+00
5.837465949098621758e-03 0.000000000000000000e+00
6.226630345705196599e-03 0.000000000000000000e+00
6.615794742311772308e-03 0.000000000000000000e+00
7.004959138918346283e-03 0.000000000000000000e+00
7.394123535524921992e-03 0.000000000000000000e+00
7.783287932131495966e-03 0.000000000000000000e+00
8.172452328738071675e-03 0.000000000000000000e+00
8.561616725344644782e-03 0.000000000000000000e+00
8.950781121951219624e-03 0.000000000000000000e+00
9.339945518557796200e-03 0.000000000000000000e+00
9.729109915164371042e-03 0.000000000000000000e+00
1.011827431177094415e-02 0.000000000000000000e+00
1.050743870837752073e-02 0.000000000000000000e+00
1.089660310498409557e-02 0.000000000000000000e+00
1.128576750159066867e-02 0.000000000000000000e+00
1.167493189819724352e-02 0.000000000000000000e+00
1.206409629480382009e-02 0.000000000000000000e+00
1.245326069141039320e-02 0.000000000000000000e+00
1.284242508801696804e-02 0.000000000000000000e+00
1.323158948462354462e-02 0.000000000000000000e+00
1.362075388123011946e-02 0.000000000000000000e+00
1.400991827783669257e-02 0.000000000000000000e+00
1.439908267444326741e-02 0.000000000000000000e+00
1.478824707104984398e-02 0.000000000000000000e+00
1.517741146765641709e-02 0.000000000000000000e+00
1.556657586426299193e-02 0.000000000000000000e+00
1.595574026086956851e-02 0.000000000000000000e+00
1.634490465747614335e-02 0.000000000000000000e+00
1.673406905408271819e-02 0.000000000000000000e+00
1.712323345068928956e-02 0.000000000000000000e+00
1.751239784729586441e-02 0.000000000000000000e+00
1.790156224390243925e-02 0.000000000000000000e+00
1.829072664050901756e-02 0.000000000000000000e+00
1.867989103711559240e-02 0.000000000000000000e+00
1.906905543372216724e-02 0.000000000000000000e+00
1.945821983032874208e-02 0.000000000000000000e+00
1.984738422693531346e-02 0.000000000000000000e+00
2.023654862354188830e-02 0.000000000000000000e+00
2.062571302014846314e-02 0.000000000000000000e+00
2.101487741675504145e-02 0.000000000000000000e+00
2.140404181336161629e-02 0.000000000000000000e+00
2.179320620996819113e-02 0.000000000000000000e+00
2.218237060657476598e-02 3.596943994307784109e+00
2.257153500318133735e-02 3.865184730347515973e+00
2.296069939978791219e-02 4.133425466387247837e+00
2.334986379639448703e-02 4.401666202426978813e+00
2.373902819300106534e-02 4.669906938466713342e+00
2.412819258960764018e-02 4.938147674506445206e+00
2.451735698621421503e-02 5.206388410546176182e+00
2.490652138282078640e-02 5.474629146585907158e+00
2.529568577942736124e-02 5.742869882625639910e+00
2.568485017603393608e-02 6.011110618665370886e+00
2.607401457264051092e-02 6.279351354705102750e+00
2.646317896924708923e-02 6.547592090744835502e+00
2.685234336585366408e-02 6.815832826784568255e+00
2.724150776246023892e-02 7.084073562824300119e+00
2.763067215906681029e-02 7.519694963183607861e+00
2.801983655567338513e-02 8.074168191948656315e+00
2.840900095227995997e-02 8.628641420713702104e+00
2.879816534888653481e-02 9.183114649478751446e+00
2.918732974549311313e-02 9.737587878243804340e+00
2.957649414209968797e-02 1.029206110700885191e+01
2.996565853870626281e-02 1.084653433577389947e+01
3.035482293531283418e-02 1.148817325527616617e+01
3.074398733191940902e-02 1.223564896485029330e+01
3.113315172852598386e-02 1.298312467442442220e+01
3.152231612513255871e-02 1.373060038399855287e+01
3.191148052173913702e-02 1.447807609357268710e+01
3.230064491834570839e-02 1.522555180314681600e+01
3.268980931495228670e-02 1.597302751272094667e+01
3.307897371155885807e-02 1.659496062269392880e+01
3.346813810816543638e-02 1.694825329942919012e+01
3.385730250477200776e-02 1.730154597616445145e+01
3.424646690137857913e-02 1.765483865289971632e+01
3.463563129798515744e-02 1.800813132963497765e+01
3.502479569459172881e-02 1.836142400637024252e+01
3.541396009119830712e-02 1.871471668310550385e+01
3.580312448780487850e-02 1.907407245994499334e+01
3.619228888441146375e-02 1.946007742156314890e+01
3.658145328101803512e-02 1.984608238318129736e+01
3.697061767762460649e-02 2.023208734479944226e+01
3.735978207423118480e-02 2.061809230641759072e+01
3.774894647083775617e-02 2.100409726803573918e+01
3.813811086744433448e-02 2.139010222965388408e+01
3.852727526405090586e-02 2.178259655467957501e+01
3.891643966065748417e-02 2.229290819885271446e+01
3.930560405726405554e-02 2.280321984302585747e+01
3.969476845387062691e-02 2.331353148719899693e+01
4.008393285047720522e-02 2.382384313137213994e+01
4.047309724708377660e-02 2.433415477554527939e+01
4.086226164369035491e-02 2.484446641971841885e+01
4.125142604029692628e-02 2.535477806389156186e+01
4.164059043690351153e-02 2.568139476253018927e+01
4.202975483351008290e-02 2.599183434606886323e+01
4.241891923011665427e-02 2.630227392960753363e+01
4.280808362672323258e-02 2.661271351314620404e+01
4.319724802332980396e-02 2.692315309668487799e+01
4.358641241993638227e-02 2.723359268022354840e+01
4.397557681654295364e-02 2.754403226376222236e+01
4.436474121314953195e-02 2.681890260025473083e+01
4.475390560975610332e-02 2.581169134871041138e+01
4.514307000636267470e-02 2.480448009716609903e+01
4.553223440296925301e-02 2.379726884562178313e+01
4.592139879957582438e-02 2.279005759407746723e+01
4.631056319618240269e-02 2.178284634253315133e+01
4.669972759278897406e-02 2.077563509098883898e+01
4.708889198939555931e-02 1.994099100943956415e+01
4.747805638600213068e-02 1.919813747080576505e+01
4.786722078260870206e-02 1.845528393217196950e+01
4.825638517921528037e-02 1.771243039353817394e+01
4.864554957582185174e-02 1.696957685490438195e+01
4.903471397242843005e-02 1.622672331627058639e+01
4.942387836903500142e-02 1.548386977763679084e+01
4.981304276564157280e-02 1.513246872998835713e+01
5.020220716224815111e-02 1.507197313908762126e+01
5.059137155885472248e-02 1.501147754818688185e+01
5.098053595546130079e-02 1.495098195728613888e+01
5.136970035206787216e-02 1.489048636638540302e+01
5.175886474867445047e-02 1.482999077548466360e+01
5.214802914528102185e-02 1.476949518458392241e+01
5.253719354188759322e-02 1.472922007438866032e+01
5.292635793849417847e-02 1.472104200316794120e+01
5.331552233510074984e-02 1.471286393194722031e+01
5.370468673170732815e-02 1.470468586072649941e+01
5.409385112831389952e-02 1.469650778950578207e+01
5.448301552492047783e-02 1.468832971828505940e+01
5.487217992152704921e-02 1.468015164706434206e+01
5.526134431813362058e-02 1.434957913825920173e+01
5.565050871474019889e-02 1.306889318509390918e+01
5.603967311134677026e-02 1.178820723192861308e+01
5.642883750795334857e-02 1.050752127876332054e+01
5.681800190455991995e-02 9.226835325598026216e+00
5.720716630116649826e-02 7.946149372432731894e+00
5.759633069777306963e-02 6.665463419267438461e+00
5.798549509437964100e-02 5.568224012562419389e+00
5.837465949098622625e-02 5.813566149184127951e+00
5.876382388759279762e-02 6.058908285805831184e+00
5.915298828419937593e-02 6.304250422427534417e+00
5.954215268080594731e-02 6.549592559049237650e+00
5.993131707741252562e-02 6.794934695670941771e+00
6.032048147401909699e-02 7.040276832292645892e+00
6.070964587062566836e-02 7.285618968914349125e+00
6.109881026723224667e-02 7.986240430744333096e+00
6.148797466383881805e-02 8.692825784214837981e+00
6.187713906044539636e-02 9.399411137685344642e+00
6.226630345705196773e-02 1.010599649115584775e+01
6.265546785365853910e-02 1.081258184462635086e+01
6.304463225026511741e-02 1.151916719809685574e+01
6.343379664687169572e-02 1.222575255156736063e+01
6.382296104347827403e-02 1.390862914133971806e+01
6.421212544008485235e-02 1.575850885146739344e+01
6.460128983669141678e-02 1.760838856159506349e+01
6.499045423329799509e-02 1.945826827172273710e+01
6.537961862990457340e-02 2.130814798185041425e+01
6.576878302651113783e-02 2.315802769197808431e+01
6.615794742311771615e-02 2.500790740210575436e+01
6.654711181972429446e-02 2.461546528962044533e+01
6.693627621633087277e-02 2.335440670738489288e+01
6.732544061293743720e-02 2.209334812514933688e+01
6.771460500954401551e-02 2.083228954291378443e+01
6.810376940615059382e-02 1.957123096067822843e+01
6.849293380275715826e-02 1.831017237844267598e+01
6.888209819936373657e-02 1.704911379620712353e+01
6.927126259597031488e-02 1.584860827875518652e+01
6.966042699257689319e-02 1.469059339390072871e+01
7.004959138918345762e-02 1.353257850904627269e+01
7.043875578579003593e-02 1.237456362419181488e+01
7.082792018239661425e-02 1.121654873933735530e+01
7.121708457900317868e-02 1.005853385448289927e+01
7.160624897560975699e-02 8.900518969628441468e+00
7.199541337221634918e-02 8.044533274472186690e+00
7.238457776882292749e-02 7.551045091095955009e+00
7.277374216542949192e-02 7.057556907719720662e+00
7.316290656203607023e-02 6.564068724343488981e+00
7.355207095864264855e-02 6.070580540967257299e+00
7.394123535524921298e-02 5.577092357591024729e+00
7.433039975185579129e-02 5.083604174214792160e+00
7.471956414846236960e-02 4.638139248139647286e+00
7.510872854506894791e-02 4.219037151228214988e+00
7.549789294167551235e-02 3.799935054316781358e+00
7.588705733828209066e-02 3.380832957405349060e+00
7.627622173488866897e-02 2.961730860493915429e+00
7.666538613149523340e-02 2.595966846529279781e+00
7.705455052810181171e-02 2.576037950585915226e+00
7.744371492470839002e-02 2.556109054642550671e+00
7.783287932131496833e-02 2.536180158699186116e+00
7.822204371792153277e-02 2.516251262755821116e+00
7.861120811452811108e-02 2.496322366812456117e+00
7.900037251113468939e-02 2.476393470869091562e+00
7.938953690774125382e-02 2.456464574925727007e+00
7.977870130434783214e-02 2.436535678982362008e+00
8.016786570095441045e-02 2.416606783038997452e+00
8.055703009756098876e-02 2.396677887095632453e+00
8.094619449416755319e-02 2.376748991152267898e+00
8.133535889077413150e-02 2.356820095208903343e+00
8.172452328738070981e-02 2.336891199265538344e+00
8.211368768398727425e-02 2.316962303322173344e+00
8.250285208059385256e-02 2.297033407378809233e+00
8.289201647720043087e-02 2.277104511435444234e+00
8.328118087380702306e-02 2.257175615492078791e+00
8.367034527041358749e-02 2.237246719548714236e+00
8.405950966702016580e-02 2.217317823605349680e+00
8.444867406362674411e-02 2.197388927661984237e+00
8.483783846023330855e-02 2.177460031718619682e+00
8.522700285683988686e-02 2.157531135775255127e+00
8.561616725344646517e-02 2.137602239831890572e+00
8.600533165005304348e-02 2.117673343888525572e+00
8.639449604665960791e-02 2.097744447945161017e+00
8.678366044326618622e-02 2.077815552001796018e+00
8.717282483987276454e-02 2.057886656058431463e+00
8.756198923647932897e-02 2.037957760115066908e+00
8.795115363308590728e-02 2.018028864171701908e+00
8.834031802969248559e-02 1.998099968228337131e+00
8.872948242629906390e-02 1.978171072284972576e+00
8.911864682290562834e-02 1.958242176341608243e+00
8.950781121951220665e-02 1.938313280398243243e+00
8.989697561611878496e-02 1.918384384454878244e+00
9.028614001272534939e-02 1.898455488511513689e+00
9.067530440933192770e-02 1.878526592568148912e+00
9.106446880593850601e-02 1.858597696624784135e+00
9.145363320254508432e-02 2.111946715140236908e+00
9.184279759915164876e-02 2.903584009306267255e+00
9.223196199575822707e-02 3.695221303472298047e+00
9.262112639236480538e-02 4.486858597638328838e+00
9.301029078897136981e-02 5.278495891804357854e+00
9.339945518557794812e-02 1.034209213928759397e+01
9.378861958218452644e-02 1.746682778678179560e+01
9.417778397879111862e-02 2.459156343427655145e+01
9.456694837539768306e-02 2.947429491635852017e+01
9.495611277200426137e-02 3.264084409302269307e+01
9.534527716861083968e-02 3.431702540985214966e+01
9.573444156521740411e-02 3.115047623318807979e+01
9.612360596182398242e-02 2.798392705652400991e+01
9.651277035843056074e-02 2.445946366683869755e+01
9.690193475503713905e-02 1.881800013620596701e+01
9.729109915164370348e-02 1.204069405884770916e+01
9.768026354825028179e-02 7.313532159323751891e+00
9.806942794485686010e-02 3.751164335576685716e+00
9.845859234146342454e-02 1.845379438935257355e+00
9.884775673807000285e-02 1.845379438935257355e+00
9.923692113467658116e-02 1.845379438935257355e+00
9.962608553128314559e-02 1.845379438935257355e+00
1.000152499278897239e-01 1.845379438935257355e+00
1.004044143244963022e-01 1.845379438935257355e+00
1.007935787211028805e-01 1.845379438935257355e+00
1.011827431177094450e-01 1.845379438935257355e+00
1.015719075143160233e-01 1.845379438935257355e+00
1.019610719109226016e-01 1.845379438935257355e+00
1.023502363075291660e-01 1.845379438935257355e+00
1.027394007041357443e-01 1.845379438935257355e+00
1.031285651007423226e-01 1.858708886642596925e+00
1.035177294973489009e-01 2.268444686691225787e+00
1.039068938939554654e-01 2.678180486739854427e+00
1.042960582905620437e-01 3.087916286788483067e+00
1.046852226871686220e-01 3.497652086837112595e+00
1.050743870837751864e-01 3.907387886885740347e+00
1.054635514803817786e-01 9.022427875487073479e+00
1.058527158769883569e-01 7.016248013259865246e+00
1.062418802735949352e-01 5.432344840852946000e+00
1.066310446702014997e-01 5.036526193769925719e+00
1.070202090668080780e-01 4.640707546686905438e+00
1.074093734634146563e-01 4.244888899603886045e+00
1.077985378600212207e-01 3.849070252520866209e+00
1.081877022566277990e-01 3.722676507638748689e+00
1.085768666532343774e-01 3.775868954773435870e+00
1.089660310498409557e-01 3.829061401908124829e+00
1.093551954464475201e-01 3.882253849042812455e+00
1.097443598430540984e-01 3.935446296177500525e+00
1.101335242396606767e-01 3.988638743312187707e+00
1.105226886362672412e-01 4.041831190446876221e+00
1.109118530328738195e-01 4.095023637581563847e+00
1.113010174294803978e-01 4.148216084716251473e+00
1.116901818260869761e-01 4.201408531850939987e+00
1.120793462226935405e-01 4.254600978985627613e+00
1.124685106193001188e-01 4.307793426120315239e+00
1.128576750159066971e-01 4.360985873255003753e+00
1.132468394125132616e-01 4.414178320389690491e+00
1.136360038091198399e-01 4.467370767524379005e+00
1.140251682057264182e-01 4.497146909212258237e+00
1.144143326023329965e-01 4.404389408077654444e+00
1.148034969989395609e-01 4.311631906943052428e+00
1.151926613955461393e-01 4.218874405808450412e+00
1.155818257921527176e-01 4.126116904673848396e+00
1.159709901887592820e-01 4.033359403539244603e+00
1.163601545853658603e-01 3.940601902404642587e+00
