-1.185300360063867853e-02 0.000000000000000000e+00 0.000000000000000000e+00 0.000000000000000000e+00 0.000000000000000000e+00 0.000000000000000000e+00 0.000000000000000000e+00 0.000000000000000000e+00 0.000000000000000000e+00 0.000000000000000000e+00 0.000000000000000000e+00 0.000000000000000000e+00 0.000000000000000000e+00
-1.114351358582322399e-02 0.000000000000000000e+00 0.000000000000000000e+00 0.000000000000000000e+00 0.000000000000000000e+00 0.000000000000000000e+00 0.000000000000000000e+00 0.000000000000000000e+00 0.000000000000000000e+00 0.000000000000000000e+00 0.000000000000000000e+00 0.000000000000000000e+00 0.000000000000000000e+00
-1.043402357142133273e-02 0.000000000000000000e+00 0.000000000000000000e+00 0.000000000000000000e+00 0.000000000000000000e+00 0.000000000000000000e+00 0.000000000000000000e+00 0.000000000000000000e+00 0.000000000000000000e+00 0.000000000000000000e+00 0.000000000000000000e+00 0.000000000000000000e+00 0.000000000000000000e+00
-9.724533556605876455e-03 0.000000000000000000e+00 0.000000000000000000e+00 0.000000000000000000e+00 0.000000000000000000e+00 0.000000000000000000e+00 0.000000000000000000e+00 0.000000000000000000e+00 0.000000000000000000e+00 0.000000000000000000e+00 0.000000000000000000e+00 0.000000000000000000e+00 0.000000000000000000e+00
-9.015043542203986932e-03 0.000000000000000000e+00 0.000000000000000000e+00 0.000000000000000000e+00 0.000000000000000000e+00 0.000000000000000000e+00 0.000000000000000000e+00 0.000000000000000000e+00 0.000000000000000000e+00 0.000000000000000000e+00 0.000000000000000000e+00 0.000000000000000000e+00 0.000000000000000000e+00
-8.305553527388530657e-03 0.000000000000000000e+00 0.000000000000000000e+00 0.000000000000000000e+00 0.000000000000000000e+00 0.000000000000000000e+00 0.000000000000000000e+00 0.000000000000000000e+00 0.000000000000000000e+00 0.000000000000000000e+00 0.000000000000000000e+00 0.000000000000000000e+00 0.000000000000000000e+00
-7.596063512986640266e-03 0.000000000000000000e+00 0.000000000000000000e+00 0.000000000000000000e+00 0.000000000000000000e+00 0.000000000000000000e+00 0.000000000000000000e+00 0.000000000000000000e+00 0.000000000000000000e+00 0.000000000000000000e+00 0.000000000000000000e+00 0.000000000000000000e+00 0.000000000000000000e+00
-6.886573498171183992e-03 0.000000000000000000e+00 0.000000000000000000e+00 0.000000000000000000e+00 0.000000000000000000e+00 0.000000000000000000e+00 0.000000000000000000e+00 0.000000000000000000e+00 0.000000000000000000e+00 0.000000000000000000e+00 0.000000000000000000e+00 0.000000000000000000e+00 0.000000000000000000e+00
-6.177083483769294468e-03 0.000000000000000000e+00 0.000000000000000000e+00 0.000000000000000000e+00 0.000000000000000000e+00 0.000000000000000000e+00 0.000000000000000000e+00 0.000000000000000000e+00 0.000000000000000000e+00 0.000000000000000000e+00 0.000000000000000000e+00 0.000000000000000000e+00 0.000000000000000000e+00
-5.467593468953838194e-03 0.000000000000000000e+00 0.000000000000000000e+00 0.000000000000000000e+00 0.000000000000000000e+00 0.000000000000000000e+00 0.000000000000000000e+00 0.000000000000000000e+00 0.000000000000000000e+00 0.000000000000000000e+00 0.000000000000000000e+00 0.000000000000000000e+00 0.000000000000000000e+00
-4.758103454138382787e-03 0.000000000000000000e+00 0.000000000000000000e+00 0.000000000000000000e+00 0.000000000000000000e+00 0.000000000000000000e+00 0.000000000000000000e+00 0.000000000000000000e+00 0.000000000000000000e+00 0.000000000000000000e+00 0.000000000000000000e+00 0.000000000000000000e+00 0.000000000000000000e+00
-4.048613439736492396e-03 0.000000000000000000e+00 0.000000000000000000e+00 0.000000000000000000e+00 0.000000000000000000e+00 0.000000000000000000e+00 0.000000000000000000e+00 0.000000000000000000e+00 0.000000000000000000e+00 0.000000000000000000e+00 0.000000000000000000e+00 0.000000000000000000e+00 0.000000000000000000e+00
-3.339123424921036122e-03 0.000000000000000000e+00 0.000000000000000000e+00 0.000000000000000000e+00 0.000000000000000000e+00 0.000000000000000000e+00 0.000000000000000000e+00 0.000000000000000000e+00 0.000000000000000000e+00 0.000000000000000000e+00 0.000000000000000000e+00 0.000000000000000000e+00 0.000000000000000000e+00
-2.629633410519146165e-03 0.000000000000000000e+00 0.000000000000000000e+00 0.000000000000000000e+00 0.000000000000000000e+00 0.000000000000000000e+00 0.000000000000000000e+00 0.000000000000000000e+00 0.000000000000000000e+00 0.000000000000000000e+00 0.000000000000000000e+00 0.000000000000000000e+00 0.000000000000000000e+00
-1.920143395703690107e-03 0.000000000000000000e+00 0.000000000000000000e+00 0.000000000000000000e+00 0.000000000000000000e+00 0.000000000000000000e+00 0.000000000000000000e+00 0.000000000000000000e+00 0.000000000000000000e+00 0.000000000000000000e+00 0.000000000000000000e+00 0.000000000000000000e+00 0.000000000000000000e+00
-1.210653381301800150e-03 0.000000000000000000e+00 0.000000000000000000e+00 0.000000000000000000e+00 0.000000000000000000e+00 0.000000000000000000e+00 0.000000000000000000e+00 0.000000000000000000e+00 0.000000000000000000e+00 0.000000000000000000e+00 0.000000000000000000e+00 0.000000000000000000e+00 0.000000000000000000e+00
-5.011633664863439841e-04 0.000000000000000000e+00 0.000000000000000000e+00 0.000000000000000000e+00 0.000000000000000000e+00 0.000000000000000000e+00 0.000000000000000000e+00 0.000000000000000000e+00 0.000000000000000000e+00 0.000000000000000000e+00 0.000000000000000000e+00 0.000000000000000000e+00 0.000000000000000000e+00
2.083266479155460277e-04 5.544459650938423208e-05 1.402919969243119442e-04 2.556302984287876670e-04 1.412833743586271553e-04 1.567585343089132003e-04 1.972841094287247795e-04 2.367215873645318755e-05 5.996624480735843454e-05 1.093658569611621824e-04 6.037730374353791180e-05 6.702678653467645121e-05 8.438798160390360566e-05
9.178166627310020307e-04 1.702364314281154751e-03 2.873398683644206881e-03 3.559480228065169463e-03 2.872189686773090472e-03 2.705057959310001089e-03 3.173737686366867681e-03 7.253739427322361023e-04 1.226285526373057690e-03 1.525342992412335530e-03 1.225826107562033454e-03 1.156212067723168648e-03 1.358042005387290066e-03
1.627306677132892097e-03 7.510022584061552473e-03 9.443184401038770201e-03 9.429377656770623201e-03 9.347504388658641264e-03 8.850921013816414468e-03 9.216279868267699890e-03 3.196974606229719199e-03 4.024412064821576707e-03 4.049414120116257530e-03 3.983789769952074920e-03 3.781911472413109279e-03 3.945319489513160992e-03
2.336796691948348371e-03 2.123854475464617350e-02 2.169953526160274190e-02 2.320345482945889923e-02 2.166210471847298744e-02 2.270118916932242770e-02 2.217435669276487942e-02 9.026515719377316976e-03 9.225661683987562353e-03 9.982832244430151977e-03 9.210428323411498641e-03 9.704690424261181933e-03 9.488811942954691533e-03
3.046286706763804211e-03 4.047080756155002623e-02 4.117512077878742599e-02 4.809786104273561930e-02 4.068291397261863257e-02 4.434721422940957752e-02 4.460059579365808352e-02 1.716927890590618996e-02 1.747462315567527291e-02 2.068126973687391817e-02 1.726619209509485525e-02 1.895042145630927016e-02 1.906363192332058420e-02
3.755776721165694169e-03 6.425562062645381878e-02 6.369595179487674841e-02 6.903120662723724599e-02 6.358182249024339761e-02 6.678520477989001447e-02 6.628199610219409621e-02 2.724844402102687135e-02 2.701527688446342043e-02 2.962777404332077660e-02 2.696928664348616569e-02 2.849414603715005184e-02 2.828929360730814135e-02
4.465266735981150009e-03 9.365528114013239869e-02 9.348814941266930800e-02 9.446003781742211280e-02 9.332679669025016611e-02 9.406687203493517557e-02 9.396879820875023159e-02 3.969337421354753037e-02 3.963101415493536228e-02 4.046256220288901168e-02 3.956601848314416497e-02 4.007691638094040831e-02 4.004741685728516881e-02
5.174756750383040400e-03 1.309623373294709903e-01 1.311932315519167280e-01 1.297484077511207312e-01 1.312574534657104108e-01 1.295854591528317057e-01 1.309152589913097353e-01 5.545784711509166298e-02 5.556718879211540452e-02 5.545569510066107599e-02 5.559961408819873857e-02 5.513194991851360499e-02 5.569896945106705272e-02
5.884246765198495807e-03 1.733648317318154664e-01 1.731579481872300985e-01 1.727365160578964165e-01 1.732263774101352460e-01 1.737753587093716356e-01 1.725288103954386865e-01 7.334011983576985139e-02 7.325817402784561005e-02 7.363941910118336487e-02 7.329033334461730609e-02 7.377930003917149149e-02 7.328165274708267618e-02
6.593736779600386198e-03 2.146440229612685546e-01 2.147908193613594918e-01 2.182687406604991442e-01 2.148264605891199719e-01 2.159007268489188947e-01 2.168507807701793577e-01 9.063075784759869191e-02 9.071998181668705641e-02 9.282549822761057556e-02 9.074609614910315869e-02 9.149103166121005937e-02 9.190973145761498209e-02
7.303226794415842472e-03 2.639185039389118081e-01 2.634789368565114143e-01 2.718653854523824243e-01 2.634850785606167034e-01 2.678607525763723185e-01 2.676905983567314240e-01 1.112382787753345287e-01 1.110779416102871120e-01 1.153188366548507371e-01 1.110913856554939100e-01 1.132542810579206111e-01 1.132126190257419507e-01
8.012716808817732864e-03 3.239563939008525684e-01 3.238496878370078491e-01 3.277816116411890746e-01 3.238827176315267620e-01 3.259680679746400633e-01 3.257586697165627543e-01 1.362868804495533936e-01 1.362622894531949069e-01 1.386032700947369967e-01 1.362847042551853793e-01 1.374693761092546096e-01 1.374188642199793697e-01
8.722206823633187403e-03 3.874331545629959850e-01 3.874860360861386299e-01 3.836792676380553213e-01 3.876106111237383467e-01 3.856230928074357855e-01 3.855438309725653934e-01 1.626490330443024768e-01 1.626961839222759998e-01 1.616578974093614840e-01 1.627595353583224935e-01 1.621614687861187842e-01 1.621723497579588280e-01
9.431696838035078662e-03 4.562805453059487482e-01 4.554709284612371012e-01 4.548519946030379901e-01 4.552735234521212981e-01 4.555316926439794134e-01 4.551813495306674118e-01 1.911067640956945202e-01 1.908093750453373760e-01 1.909302505525115601e-01 1.907432429164873100e-01 1.909877504437018370e-01 1.908875487830237194e-01
1.014118685285053320e-02 5.341853779082419429e-01 5.343137008361421580e-01 5.298950348916496855e-01 5.344114361432031890e-01 5.323807324586643519e-01 5.319075310833095704e-01 2.231971438657916751e-01 2.232759704617884311e-01 2.215210147836137178e-01 2.233278122476218819e-01 2.224703674866889136e-01 2.223341618991890034e-01
1.085067686766598948e-02 6.166021142937281319e-01 6.166203701464820774e-01 6.113436065827461130e-01 6.166901050860079669e-01 6.141690564504819205e-01 6.138684272885102100e-01 2.569150268639104895e-01 2.569442604082540771e-01 2.544325935884477752e-01 2.569825856090684479e-01 2.557224239903667096e-01 2.556602331913164772e-01
1.156016688206788073e-02 6.991313599280405411e-01 6.987450370678440770e-01 7.076421175821997478e-01 6.986291426277788652e-01 7.037052127109094668e-01 7.030101604097047652e-01 2.904083024233133359e-01 2.903087536209456032e-01 2.931384591576676746e-01 2.902841868045245577e-01 2.918771127220322614e-01 2.916638456739673591e-01
1.226965689688333527e-02 7.932260630709487836e-01 7.930272072655875082e-01 8.062601857986391174e-01 7.929926299550736912e-01 7.987245083009724134e-01 8.002324900983155409e-01 3.284251606756841690e-01 3.284161657389630951e-01 3.323383933882378960e-01 3.284305044418544539e-01 3.299383169796356596e-01 3.306335385404022276e-01
1.297914691128522653e-02 9.028331874477109054e-01 9.027292137167948205e-01 9.024523776132467034e-01 9.027404815676336458e-01 9.030715049109452330e-01 9.023432535556598078e-01 3.725911704540508795e-01 3.725886557405589383e-01 3.699467074179211834e-01 3.726094021268672729e-01 3.713921840770276206e-01 3.711963749437816040e-01
1.368863692610068107e-02 1.016940391618266437e+00 1.017050313613788282e+00 1.016140398388648780e+00 1.017124908720736354e+00 1.017119710034190438e+00 1.016260838656949606e+00 4.182005048770933708e-01 4.182657665281961923e-01 4.141196810182655175e-01 4.183058568644424380e-01 4.163498208266637191e-01 4.160829710372709322e-01
1.439812694050257233e-02 1.129630312936749981e+00 1.129486539028836889e+00 1.144234463181209360e+00 1.129456314107059045e+00 1.136042977420774536e+00 1.137374784194058464e+00 4.627229027531276628e-01 4.627679741564828531e-01 4.634308671409158031e-01 4.627950073265210129e-01 4.626780006093343944e-01 4.633297708225531109e-01
1.510761695531802860e-02 1.261949120575675876e+00 1.261128937098310754e+00 1.270818345802120941e+00 1.260850746918266818e+00 1.265199145964610139e+00 1.266658042488985947e+00 5.147958729682806656e-01 5.145820497816551153e-01 5.114713491921482058e-01 5.145142250571854703e-01 5.126290120561167729e-01 5.133178259334665317e-01
1.581710696971991986e-02 1.407724329369435701e+00 1.407952201099703426e+00 1.400830459950769491e+00 1.408037411199179578e+00 1.405546829284805677e+00 1.403658061832935955e+00 5.718278581895029911e-01 5.719333310765390976e-01 5.599331182930898931e-01 5.719747271294062241e-01 5.663102866289781989e-01 5.656844373086762356e-01
1.652659698453537440e-02 1.556757252772229760e+00 1.557231469704956295e+00 1.553729779527330601e+00 1.557443576116024797e+00 1.555120730427549613e+00 1.555551350933103594e+00 6.294756580569970117e-01 6.297007249145238905e-01 6.164114071272782658e-01 6.298002737168916232e-01 6.228146172557705862e-01 6.231298027400705708e-01
1.723608699935082894e-02 1.712381554576536624e+00 1.711628446245581081e+00 1.721451207304275588e+00 1.711370011074411224e+00 1.716243767621129290e+00 1.716928640168679188e+00 6.890701121465497847e-01 6.889185764787240096e-01 6.777762920549561532e-01 6.888718366596866538e-01 6.831173258923606273e-01 6.835234279413684444e-01
1.794557701375271846e-02 1.889383073076606578e+00 1.888926797657447532e+00 1.890827413278654223e+00 1.888722211206917301e+00 1.888865428976269634e+00 1.890592988785344764e+00 7.563577276662006854e-01 7.563134300208431693e-01 7.386211874283669099e-01 7.562840272169375488e-01 7.469518045487298918e-01 7.477767514737672094e-01
1.865506702856817647e-02 2.085172112794571930e+00 2.085615210147835796e+00 2.069689505423559783e+00 2.085808335308028116e+00 2.077934670645072313e+00 2.077360614750729084e+00 8.302926014227475227e-01 8.304863794412499223e-01 8.016100936730775617e-01 8.305713961012267665e-01 8.160499896026268685e-01 8.159897331985703772e-01
1.936455704297006600e-02 2.286736506385921075e+00 2.286897980008027798e+00 2.266380118288253698e+00 2.286971583737541280e+00 2.278709565099645395e+00 2.275395898115415871e+00 9.054721132781707871e-01 9.055811406160080290e-01 8.699251630936778446e-01 9.056287025529177193e-01 8.884202521483873793e-01 8.873345971380626196e-01
2.007404705778552054e-02 2.495548110821488752e+00 2.494805593303124347e+00 2.492272986657510181e+00 2.494519085224607302e+00 2.492967942238965229e+00 2.494083338572319786e+00 9.820549319818360212e-01 9.819493623750501499e-01 9.477562227068956346e-01 9.819075310833095260e-01 9.644651639641557139e-01 9.651052069077244999e-01
2.078353707218741006e-02 2.734059255354647000e+00 2.733780243056731063e+00 2.725414299047793865e+00 2.733606413486601827e+00 2.728577397561695150e+00 2.730266148571207196e+00 1.069190383155288249e+00 1.069251655116716604e+00 1.026288379605673429e+00 1.069247230188168141e+00 1.047231542244768665e+00 1.048060914098354113e+00
2.149302708700286807e-02 2.997994467630317406e+00 2.998064081670156256e+00 2.968012844382758697e+00 2.998110821489193611e+00 2.984219399080195068e+00 2.982334935657186659e+00 1.164823728256191293e+00 1.164913846882964288e+00 1.106124995768510866e+00 1.164957128970950162e+00 1.135820667076113510e+00 1.135316297761421511e+00
2.220251710140475759e-02 3.281246645033682352e+00 3.281502613851235317e+00 3.245012742827021679e+00 3.281608038378396319e+00 3.263594057538579118e+00 3.262987624708027390e+00 1.265957549701861362e+00 1.266176547395095220e+00 1.196289129183733424e+00 1.266263522630003413e+00 1.231138633253217263e+00 1.231220240542017397e+00
2.291200711622021213e-02 3.580448513659246323e+00 3.580222842303284025e+00 3.547268465009212335e+00 3.580149988151830165e+00 3.566062007031525649e+00 3.562471649023371878e+00 1.371299937615761300e+00 1.371375959339017347e+00 1.293029697799142008e+00 1.371410923528529890e+00 1.332837902535508157e+00 1.331809989215748002e+00
2.362149713062210513e-02 3.953852734509122779e+00 3.934186659444925294e+00 3.857563025006890634e+00 3.937038006025639802e+00 3.905074643466822426e+00 3.896235232103219204e+00 1.502548396144750775e+00 1.496103233824830792e+00 1.389754742894725448e+00 1.497701987107257438e+00 1.445837738111933835e+00 1.443104099466590462e+00
2.433098714543755967e-02 4.295060159684306988e+00 4.285111082632517387e+00 4.202392556448063310e+00 4.286408215375538511e+00 4.248135388305615656e+00 4.244088005300241662e+00 1.618975713670852912e+00 1.615738189309565920e+00 1.495353583224926508e+00 1.616487090331410137e+00 1.556821136166899322e+00 1.555737560631192951e+00
2.504047716025301420e-02 4.696973977551345492e+00 4.699800950755139262e+00 4.565085911317661171e+00 4.700557081578272012e+00 4.634005696793257023e+00 4.630718240861192214e+00 1.756448789310533165e+00 1.756175773637097759e+00 1.603530802822282331e+00 1.755970897027318456e+00 1.680899251872736144e+00 1.679319987619871890e+00
2.574996717465490720e-02 5.162348113723081333e+00 5.163721074749857642e+00 4.998888472456632925e+00 5.163906413970201115e+00 5.082484150051019611e+00 5.080218683354047471e+00 1.912311408578074579e+00 1.913271618073052460e+00 1.732333001262192473e+00 1.913504253250992493e+00 1.822742464322502087e+00 1.822549967840683127e+00
2.645945718947036174e-02 5.655370001402436841e+00 5.655151438948075260e+00 5.479578978929602329e+00 5.654799693398393501e+00 5.567063564219495220e+00 5.567592935589482650e+00 2.075041299333117095e+00 2.076260500137825815e+00 1.872447904324823442e+00 2.076607192080586639e+00 1.973502294676061197e+00 1.974483153837597760e+00
2.716894720387225126e-02 6.255058491268624010e+00 6.255302732816526934e+00 5.975918716722360635e+00 6.255279810235850668e+00 6.118283828941450508e+00 6.113981807015083092e+00 2.273450863949164180e+00 2.273624983678542488e+00 2.012431679586812905e+00 2.273651678329456249e+00 2.143699264446303321e+00 2.142576614131722845e+00
2.787843721868771274e-02 6.910421287049708816e+00 6.909188980718917961e+00 6.521279191229452543e+00 6.908741071558107016e+00 6.716156913285908026e+00 6.715035979746883932e+00 2.485348142739006505e+00 2.486009270588007691e+00 2.162741714744442323e+00 2.486256897327149495e+00 2.323924307123893307e+00 2.324427757600963318e+00
2.858792723308960226e-02 7.745688451178287970e+00 7.753189285386128837e+00 7.216513639902699673e+00 7.752156777878258076e+00 7.485909479986265325e+00 7.482046710803111900e+00 2.757870714710590310e+00 2.759836301823650473e+00 2.358573698031269483e+00 2.759150824777665267e+00 2.559673353225361936e+00 2.558345632861501961e+00
2.929741724790505680e-02 8.620236794127176694e+00 8.621713801424681023e+00 7.853325805312815433e+00 8.622751991217846523e+00 8.240332353239869789e+00 8.235428154151936297e+00 3.033473109491592545e+00 3.034083797991130371e+00 2.519608309193695828e+00 3.034506173138023843e+00 2.777587664363124542e+00 2.776213881218475343e+00
3.000690726230694633e-02 9.820608028706422132e+00 9.819003327159387950e+00 8.681508078517092386e+00 9.820838124990933338e+00 9.257799843314003851e+00 9.246301775291003722e+00 3.418573456231895236e+00 3.415908295169332032e+00 2.734501361330476499e+00 3.415841703621671055e+00 3.078566613309604794e+00 3.073996363337411886e+00
3.071639727712240434e-02 1.134856463055473519e+01 1.135138517189517415e+01 9.743768394887393214e+00 1.134991561201839616e+01 1.054872559639815677e+01 1.054601258323943469e+01 3.905560273330012322e+00 3.905220907908290240e+00 3.027134580695705068e+00 3.904194324485087630e+00 3.466759066267536049e+00 3.465892674929757167e+00
3.142588729152429039e-02 1.430692211158557470e+01 1.441296598366403359e+01 1.085642547985085926e+01 1.439137080901234533e+01 1.258894210355783549e+01 1.263031296093005729e+01 4.882007152425488883e+00 4.918166386985389771e+00 3.310173394331255459e+00 4.909578011732105729e+00 4.098110458790132249e+00 4.112918711886373480e+00
3.213537730633975187e-02 1.599134658071504766e+01 1.599524692552095573e+01 1.206472799988393518e+01 1.599667487172543190e+01 1.402905911027502128e+01 1.402918537790824161e+01 5.373187254271385882e+00 5.371257211666335962e+00 3.603361325640889401e+00 5.370550843154417997e+00 4.487936193981130195e+00 4.487408950445636258e+00
3.284486732115520641e-02 1.666105468051048533e+01 1.665596045129435154e+01 1.360365042097270916e+01 1.665409622647896626e+01 1.514820623552226131e+01 1.512048708065943359e+01 5.488818544077607164e+00 5.489310799243651395e+00 3.983186238714013783e+00 5.489491060677134548e+00 4.739904319987619630e+00 4.733914490069299319e+00
3.355435733555709593e-02 1.750343173761866211e+01 1.750535902371084518e+01 1.564338313594444152e+01 1.750606493280395526e+01 1.658350069880019007e+01 1.656844315054912542e+01 5.652589550398243290e+00 5.650714081911956121e+00 4.494877310997519082e+00 5.650027734388222811e+00 5.076106304676883063e+00 5.071363289051807222e+00
3.426384735037255047e-02 1.838998017245131322e+01 1.838776359758780998e+01 1.818781754302819564e+01 1.838695282010609944e+01 1.829052306040631848e+01 1.828684168911370733e+01 5.808180459708970567e+00 5.809214442193023409e+00 5.126508948994839443e+00 5.809593003293307412e+00 5.466203000246634858e+00 5.468484111363119737e+00
3.497333736477443999e-02 1.948434220898236191e+01 1.948816633862551484e+01 2.171150034093711767e+01 1.948956679224114197e+01 2.060362539473747745e+01 2.059666002524385320e+01 6.011313430020843285e+00 6.010291779304874460e+00 6.002895595866197809e+00 6.009917957472326044e+00 6.008325104094629943e+00 6.005888612700270635e+00
3.568282737958989453e-02 2.104200383977406119e+01 2.103713124386434075e+01 2.683847601108408298e+01 2.103534867469763014e+01 2.395161289854581810e+01 2.393155000652858178e+01 6.318597708709129179e+00 6.322781418201690151e+00 7.281525270452600118e+00 6.324312927078143964e+00 6.803141046410971171e+00 6.800427477113689001e+00
3.639231739399178406e-02 2.333816469438976782e+01 2.333510779416102920e+01 3.718574742604565841e+01 2.333399010073361879e+01 3.024881888259672991e+01 3.026875952085035593e+01 6.786165037744882333e+00 6.786833975713670419e+00 9.922832244430152215e+00 6.787079063559382952e+00 8.352121257550185973e+00 8.356375209760956935e+00
3.710180740880723860e-02 2.415728169143498150e+01 2.414021222731075511e+01 4.564175123196780959e+01 2.413396548555732224e+01 3.494042505911994567e+01 3.486852250910374096e+01 6.774954493357770779e+00 6.780289651470381429e+00 1.199839583041158875e+01 6.782242640836045666e+00 9.398463921115371988e+00 9.382818679485257718e+00
3.781129742320913506e-02 2.209803743537911558e+01 2.210464617497569861e+01 3.651269231513228419e+01 2.210706641745210987e+01 2.929291955818418458e+01 2.931663216995594112e+01 6.191564466131160849e+00 6.190078222097560534e+00 9.297048983717228765e+00 6.189534463664807973e+00 7.739937422321950145e+00 7.746254092454408990e+00
3.852078743802458266e-02 2.295140507198367175e+01 2.297145626091119652e+01 3.519510225695535865e+01 2.297879545223736741e+01 2.902836163998007635e+01 2.910985932112407681e+01 6.251868819003496114e+00 6.253245310301136506e+00 8.691085292311262478e+00 6.253749220197017955e+00 7.464692286116362929e+00 7.476214292277410856e+00
3.923027745242647912e-02 2.244797282658632298e+01 2.244898069473796198e+01 3.058876938626482556e+01 2.244934980148271464e+01 2.656993577808620444e+01 2.648954394220027808e+01 6.026363772650555894e+00 6.023303172891387725e+00 7.321381206385437324e+00 6.022183134010049343e+00 6.682926014227474454e+00 6.667185189304730031e+00
3.993976746724193366e-02 2.300081822490243155e+01 2.301611626681110323e+01 2.944439837897699519e+01 2.302171450264286534e+01 2.626888849663657055e+01 2.620388574012370597e+01 6.053104824864713684e+00 6.046918629674586043e+00 6.830453107847356264e+00 6.044654347794548244e+00 6.447767563097547061e+00 6.435270114080944737e+00
4.064925748205738820e-02 2.368080265302273446e+01 2.367422911941503827e+01 2.807525176150844004e+01 2.367182232098383210e+01 2.585032236692571317e+01 2.589097302486181107e+01 6.103752218509258753e+00 6.109838332938394068e+00 6.302985859572594940e+00 6.112066248192549622e+00 6.198757368835929427e+00 6.209085393867000313e+00
4.135874749645927773e-02 2.410137344462552633e+01 2.410323551742648007e+01 2.683895477384504247e+01 2.410391685970316544e+01 2.550008866783052497e+01 2.545396613841563038e+01 6.081170671670301786e+00 6.079187795901984437e+00 5.825150568470328416e+00 6.078462180159877271e+00 5.957643761817944750e+00 5.949566961500703854e+00
4.206823751127473920e-02 2.498471046942930585e+01 2.497622821992136366e+01 2.321050475619368925e+01 2.497312337087671352e+01 2.410139728604382370e+01 2.409108287431751805e+01 6.134005406634007507e+00 6.134952655682527123e+00 4.942995217208377312e+00 6.135299516884850313e+00 5.538787134338896578e+00 5.538743997330534796e+00
4.277772752567662179e-02 2.600544599894575626e+01 2.599953398006605809e+01 2.062741787284254613e+01 2.599736970640719846e+01 2.328813555756517673e+01 2.332952263967540674e+01 6.210129556104708293e+00 6.213411813350226964e+00 4.314199402271946759e+00 6.214613338620678995e+00 5.257625965384001177e+00 5.266323488874810721e+00
4.348721754049208327e-02 2.721292937523877598e+01 2.721036216710271205e+01 1.890908776350086740e+01 2.720942212367554092e+01 2.308060582833211427e+01 2.304796206651417023e+01 6.312052223828844788e+00 6.312472229341869578e+00 3.869275133835953895e+00 6.312626158823500866e+00 5.094212120919030973e+00 5.088693074382323545e+00
4.419670755489396585e-02 2.571039896896746768e+01 2.570048937775348818e+01 1.782441835160530630e+01 2.569686294327870257e+01 2.172666785954357849e+01 2.178554965833748369e+01 5.816007432912763342e+00 5.819899000401386857e+00 3.566178941208900000e+00 5.821323803213997117e+00 4.685512759752977097e+00 4.696139382831277409e+00
4.490619756970942733e-02 2.316429856419531319e+01 2.316397387599560531e+01 1.694840941953642144e+01 2.316385515250286531e+01 2.003212858407122354e+01 2.006984270950706772e+01 5.127026810714613525e+00 5.126464506269857502e+00 3.317292717486447273e+00 5.126259049341579832e+00 4.218262357157019693e+00 4.224030916467987673e+00
4.561568758411131685e-02 2.185606684301901126e+01 2.186131461483777727e+01 1.631510639172465815e+01 2.186323544488666926e+01 1.908387962259953596e+01 1.908889688707485632e+01 4.728338814119148914e+00 4.724358071021312000e+00 3.113306582262564959e+00 4.722901302331428575e+00 3.918115318957554383e+00 3.920308124942572636e+00
4.632517759892677139e-02 2.112402475058394558e+01 2.111132051474250915e+01 1.601416083527175971e+01 2.110667064023638062e+01 1.851397619726959931e+01 1.859428647422660319e+01 4.457103291856680194e+00 4.457279104181678164e+00 2.976123230633079153e+00 4.457343688794533243e+00 3.709006567271003973e+00 3.721012825038808369e+00
4.703466761374222593e-02 2.040092652684214514e+01 2.040033259503924157e+01 1.555302275815710189e+01 2.040011521740181522e+01 1.799234177857947614e+01 1.796754382613657697e+01 4.197763113989060990e+00 4.196392474236276371e+00 2.814451478119574190e+00 4.195891006514075094e+00 3.509242345840808852e+00 3.503537162145824002e+00
4.774415762814412240e-02 2.013045654139846974e+01 2.012952116469922359e+01 1.567434097580555452e+01 2.012917880096526346e+01 1.789912575018255936e+01 1.790358025079431314e+01 4.037893975810390224e+00 4.037477911627164850e+00 2.745105521246910651e+00 4.037325844000715591e+00 3.392555311606853419e+00 3.390612381095157613e+00
4.845364764295957000e-02 1.987823334123211083e+01 1.988076309464511127e+01 1.596398594178438124e+01 1.988168901698882252e+01 1.791898103325708647e+01 1.792339222760091388e+01 3.885380205336028236e+00 3.886133168587360132e+00 2.663460294124758931e+00 3.886408964953598222e+00 3.274759989941145921e+00 3.274534536204620316e+00
4.916313765736146646e-02 1.988954892326738744e+01 1.989069942886987619e+01 1.665860278649598669e+01 1.989112032904058580e+01 1.826988541127655452e+01 1.827689611815284465e+01 3.780209374078139728e+00 3.778272512730737276e+00 2.578669837462460812e+00 3.777563750405013909e+00 3.177330994327386193e+00 3.179623590914146369e+00
4.987262767217692100e-02 2.047059736535401697e+01 2.046697583940652621e+01 1.778107547525666732e+01 2.046565024687716061e+01 1.911570337019967525e+01 1.912973094983630418e+01 3.781354003955837317e+00 3.784749810187491015e+00 2.547644559755879001e+00 3.785992973310185139e+00 3.167289960973580953e+00 3.164519278664106761e+00
5.058211768657881052e-02 1.850935831282068733e+01 1.850565875821513373e+01 1.902615413259310628e+01 1.850430451245992103e+01 1.878565919345400559e+01 1.875559821165182584e+01 3.334528346140639865e+00 3.332160961007432753e+00 2.777861357074807636e+00 3.331294618029528198e+00 3.055408882741811549e+00 3.055434803634728080e+00
5.129160770139427200e-02 1.729276647500036290e+01 1.729536913092469064e+01 1.980568093121774709e+01 1.729632160283969355e+01 1.857093743199392577e+01 1.853812443479396066e+01 3.051116992209224055e+00 3.050774701015073642e+00 2.745047852096158536e+00 3.050649594018850497e+00 2.900564311379561833e+00 2.896461749756991555e+00
5.200109771579616152e-02 1.635837460042653291e+01 1.636493652766426621e+01 1.923302401551384833e+01 1.636733812740892802e+01 1.780275394979277692e+01 1.779506279529748625e+01 2.828998708791341521e+00 2.831019329441974985e+00 2.579242273300996757e+00 2.831759066267536262e+00 2.705756541882069488e+00 2.704172635081219855e+00
5.271058773061161606e-02 1.614295386951538447e+01 1.615991624069677002e+01 2.310069057901278100e+01 1.616612468142932357e+01 1.966424471547467689e+01 1.960618721074749615e+01 2.732483327933147077e+00 2.732623910089320596e+00 2.794647263072882915e+00 2.732675485895842638e+00 2.765463964639259586e+00 2.762542592959769117e+00
5.342007774501350559e-02 1.578477752039577808e+01 1.577974270128588863e+01 2.250279585362433110e+01 1.577789963391574624e+01 1.916587567643374612e+01 1.912887986439891108e+01 2.622544575714637727e+00 2.620310808915626399e+00 2.621900857420580877e+00 2.619493309411315085e+00 2.622939700072056013e+00 2.620691715469840588e+00
5.412956775982896707e-02 1.454963466532548466e+01 1.457125721166633703e+01 1.866407797062620944e+01 1.457917169206366026e+01 1.661110497478032144e+01 1.661543729416828086e+01 2.433310983011176099e+00 2.434046585067437540e+00 2.243418607912642582e+00 2.434315973750259765e+00 2.335050632788961966e+00 2.340635714734770279e+00
5.483905777464441467e-02 1.217885329064768207e+01 1.219068687948235485e+01 1.264577956118249524e+01 1.219501801405337993e+01 1.241333071384011077e+01 1.241767328552153771e+01 2.027907855094471135e+00 2.029889594405729358e+00 1.719653235517426326e+00 2.030615089248148930e+00 1.873941160540276485e+00 1.874661964474835907e+00
5.554854778904631113e-02 9.505650053437660674e+00 9.507672656843164205e+00 7.474385370170661957e+00 9.508412804727660372e+00 8.475357403655038979e+00 8.499383653395103266e+00 1.762567522475251725e+00 1.763078323653298307e+00 1.358523452121305874e+00 1.763265379649197273e+00 1.558785248303777182e+00 1.561795311993732449e+00
5.625803780386176567e-02 8.010625921860114573e+00 8.011735249029174000e+00 6.722835774701015232e+00 8.012141302718308822e+00 7.360917193386303126e+00 7.370572556738222758e+00 1.652685302950435808e+00 1.653199900378657716e+00 1.346165884042691996e+00 1.653388334630989887e+00 1.499511710343693460e+00 1.499616578732294148e+00
5.696752781826365519e-02 6.257679959184264895e+00 6.258517286237262667e+00 5.936182737459074765e+00 6.258823766944090927e+00 6.086139503730964684e+00 6.103563349018052975e+00 1.527585826687880344e+00 1.527952974857700985e+00 1.346871914035486340e+00 1.528087439489706600e+00 1.436030355493439936e+00 1.438094620931120948e+00
5.767701783307910973e-02 5.371391797198028506e+00 5.371221473718826189e+00 5.837585633248380645e+00 5.371159065300338931e+00 5.604641604967526725e+00 5.604340419666993256e+00 1.487788140224292954e+00 1.487962139053984112e+00 1.386994989916966015e+00 1.488025877369029359e+00 1.438395467712529463e+00 1.436893482539667311e+00
5.838650784748099926e-02 5.834756314590657134e+00 5.834017375703031583e+00 6.102438135630104732e+00 5.833746850563150232e+00 5.963797966950861174e+00 5.971013018478307899e+00 1.550085355179100732e+00 1.550140920675297185e+00 1.452532872624925586e+00 1.550161304362544179e+00 1.501180392005145414e+00 1.501405942461421006e+00
5.909599786229645380e-02 6.446593070997131747e+00 6.445600484565945365e+00 6.555418216197656633e+00 6.445237132646300715e+00 6.495054815918136271e+00 6.503950880875120077e+00 1.626580739229046779e+00 1.626519805786742490e+00 1.535345458765952520e+00 1.626497560244313911e+00 1.580612139295783480e+00 1.581130339534681184e+00
5.980548787669835026e-02 7.264783444480445773e+00 7.263750791892950254e+00 7.115883776712784936e+00 7.263372859471038723e+00 7.192547912546002564e+00 7.188530754462406414e+00 1.713115802556302913e+00 1.713154006857430023e+00 1.626902066417452053e+00 1.713168031221135257e+00 1.671511850587330539e+00 1.669155660765149651e+00
6.051497789151379786e-02 8.590347755860006984e+00 8.588693533801134095e+00 7.920508093025055096e+00 8.588088237427641047e+00 8.253863663840837361e+00 8.255467712529558355e+00 1.827425247723458712e+00 1.827370359265510169e+00 1.761376515477578009e+00 1.827350289917449633e+00 1.794860723560447457e+00 1.794104350937939740e+00
6.122446790591569432e-02 8.938140200113162237e+00 8.936696778748736136e+00 8.806750313130189411e+00 8.936168664735493650e+00 8.864214272933461203e+00 8.876468568499344514e+00 1.839509558329262884e+00 1.839258667298568906e+00 1.814298636735128145e+00 1.839166880256113856e+00 1.826671583253942410e+00 1.826911496593046635e+00
6.193395792073114886e-02 9.689503972763718664e+00 9.689027893975808325e+00 9.931339713612819864e+00 9.688853870966180892e+00 9.802482312375774498e+00 9.814780712147516795e+00 1.871861782641706329e+00 1.871781118370465569e+00 1.883860157749911668e+00 1.871751643026747791e+00 1.877990623020267646e+00 1.877746429832239494e+00
6.264344793554660340e-02 1.062076331226454684e+01 1.061999240749964990e+01 1.142053773762833302e+01 1.061971039688949325e+01 1.101786771639834939e+01 1.102191485760434730e+01 1.907483738992083566e+00 1.907176363627570703e+00 1.955312162992122182e+00 1.907063902738619587e+00 1.932384649608526628e+00 1.930677134967574649e+00
6.335293794994849292e-02 1.181329993277977408e+01 1.181253845819046866e+01 1.355650524946441493e+01 1.181225983277155223e+01 1.267101427583505391e+01 1.269263438000222521e+01 1.947478443585787922e+00 1.947200978803866667e+00 2.028839435543540404e+00 1.947099471426567918e+00 1.988344157885319152e+00 1.987917647969126955e+00
6.406242796476395440e-02 1.358984297548637876e+01 1.358958717592838816e+01 1.734639740694350962e+01 1.358949350285081437e+01 1.543374735834183475e+01 1.548804028861173165e+01 2.008533390075586400e+00 2.008211071509746759e+00 2.112036845388644224e+00 2.008093170134875649e+00 2.059699685177214246e+00 2.060467494910123154e+00
6.477191797916584393e-02 1.993144612951741479e+01 1.993442589574577894e+01 3.250313166459525149e+01 1.993551498430722191e+01 2.623195257830672844e+01 2.621099171595343691e+01 2.183585691280230723e+00 2.183306872421813871e+00 2.181123327352828767e+00 2.183204929805641292e+00 2.184154427588341107e+00 2.181175749457160418e+00
6.548140799398129153e-02 2.224625399573465856e+01 2.224959438154974123e+01 3.391310325316877794e+01 2.225081766876387235e+01 2.812456449514708723e+01 2.805606362708733315e+01 2.051504499886354527e+00 2.051245581116436068e+00 1.967213238032139655e+00 2.051150989201239838e+00 2.011517387792999934e+00 2.007978629771306256e+00
6.619089800838318105e-02 2.173257975752358817e+01 2.173329998113964834e+01 2.413329485499291494e+01 2.173356373589705015e+01 2.294078618648534729e+01 2.292889541209867232e+01 1.810394689118544509e+00 1.810149432013270054e+00 1.783609798677840974e+00 1.810059796985245439e+00 1.797619388441022759e+00 1.796521836901486147e+00
6.690038802319864253e-02 2.231651322884376398e+01 2.231562323788705626e+01 2.125591528317124812e+01 2.231529709889110791e+01 2.178926991096946963e+01 2.178394802764250571e+01 1.643583370006238331e+00 1.643290599323928847e+00 1.694102755062069754e+00 1.643183578920897725e+00 1.669331884149083844e+00 1.668417132936459879e+00
6.760987803760053205e-02 2.291764591383237359e+01 2.291636314397218399e+01 1.963764049752639451e+01 2.291589294090907103e+01 2.127363941910118328e+01 2.127913619591552319e+01 1.460160337165047340e+00 1.460076408602254405e+00 1.617466788855950410e+00 1.460045748441602953e+00 1.539014909349414539e+00 1.538663865017917409e+00
6.831936805241597965e-02 2.399264269790069548e+01 2.399005762079087489e+01 1.862918472504992806e+01 2.398910892094611214e+01 2.131481497511884271e+01 2.130707947461831964e+01 1.308371698834043251e+00 1.308294177954667292e+00 1.627300140727235611e+00 1.308265766528196261e+00 1.468046043436839421e+00 1.467693040530411164e+00
6.902885806723145501e-02 2.277455201829937437e+01 2.277709640057451423e+01 1.737299712742343161e+01 2.277802788430383174e+01 2.008006782472446616e+01 2.007112163475720834e+01 1.089972265611776514e+00 1.089898492622701109e+00 1.456492313197893296e+00 1.089871580352349989e+00 1.273117640231546943e+00 1.273281338407896035e+00
6.973834808163333066e-02 2.242436160129217271e+01 2.243038639540000645e+01 1.678327210167180183e+01 2.243259158151298749e+01 1.959619195001523195e+01 1.961092686536127161e+01 8.778181233466967326e-01 8.777589308598869877e-01 1.315828743175212479e+00 8.777373381757688220e-01 1.096422602438304805e+00 1.097048862817542991e+00
7.044783809644879213e-02 1.912492349467799357e+01 1.912418414473143358e+01 1.408322175904208606e+01 1.912391332943230182e+01 1.662290807271390491e+01 1.659255608536484772e+01 6.233784450365842389e-01 6.234412645140073872e-01 1.202299391149175722e+00 6.234643321743083000e-01 9.125752116953521620e-01 9.130538051967520552e-01
7.115732811085066778e-02 1.464534408050951875e+01 1.464535426026317211e+01 1.068615780794359260e+01 1.464535827413278746e+01 1.267030374837389850e+01 1.266291373081926430e+01 4.310248666476450552e-01 4.311375451560330863e-01 1.099247568707292011e+00 4.311788444891504479e-01 7.649041507280578411e-01 7.653626023415851520e-01
7.186681812566614314e-02 1.189068301069236888e+01 1.189141863692856660e+01 8.417649903522049115e+00 1.189168870264963651e+01 1.015997942287325273e+01 1.015099070039606666e+01 2.860665770396985663e-01 2.863116407054738799e-01 1.022991154978890815e+00 2.864013966331855343e-01 6.543409758055546144e-01 6.547996692184561152e-01
7.257630814006801878e-02 9.524816208295652231e+00 9.525658202076572323e+00 6.242058002833888786e+00 9.525965335641711107e+00 7.887323788706035010e+00 7.881436868601382706e+00 1.712822379015682961e-01 1.715820207657302587e-01 9.455028459786346540e-01 1.716917976816275948e-01 5.581625423753402426e-01 5.587170367003089222e-01
7.328579815488349414e-02 7.049334809921511180e+00 7.052541674122146276e+00 3.554892616897907143e+00 7.053715610084000609e+00 5.307973672884134686e+00 5.300145297243970433e+00 8.113587674035099839e-02 8.140195277174622213e-02 8.212428246035698987e-01 8.149937373962075349e-02 4.508991067931115704e-01 4.515299130005851480e-01
7.399528816928536978e-02 3.759219157280820678e+00 3.762603381322448648e+00 1.867242326496858951e+00 3.763842288776156675e+00 2.816630090481325510e+00 2.812858189503005146e+00 1.781070010590812477e-02 1.796061571792651954e-02 5.219646440955010291e-01 1.801550417587519104e-02 2.696814051445234894e-01 2.701089306180875504e-01
7.470477818410083126e-02 0.000000000000000000e+00 0.000000000000000000e+00 0.000000000000000000e+00 0.000000000000000000e+00 0.000000000000000000e+00 0.000000000000000000e+00 0.000000000000000000e+00 0.000000000000000000e+00 0.000000000000000000e+00 0.000000000000000000e+00 0.000000000000000000e+00 0.000000000000000000e+00
7.541426819850270691e-02 0.000000000000000000e+00 0.000000000000000000e+00 0.000000000000000000e+00 0.000000000000000000e+00 0.000000000000000000e+00 0.000000000000000000e+00 0.000000000000000000e+00 0.000000000000000000e+00 0.000000000000000000e+00 0.000000000000000000e+00 0.000000000000000000e+00 0.000000000000000000e+00
7.612375821331818226e-02 0.000000000000000000e+00 0.000000000000000000e+00 0.000000000000000000e+00 0.000000000000000000e+00 0.000000000000000000e+00 0.000000000000000000e+00 0.000000000000000000e+00 0.000000000000000000e+00 0.000000000000000000e+00 0.000000000000000000e+00 0.000000000000000000e+00 0.000000000000000000e+00
7.683324822813362986e-02 0.000000000000000000e+00 0.000000000000000000e+00 0.000000000000000000e+00 0.000000000000000000e+00 0.000000000000000000e+00 0.000000000000000000e+00 0.000000000000000000e+00 0.000000000000000000e+00 0.000000000000000000e+00 0.000000000000000000e+00 0.000000000000000000e+00 0.000000000000000000e+00
7.754273824253551939e-02 0.000000000000000000e+00 0.000000000000000000e+00 0.000000000000000000e+00 0.000000000000000000e+00 0.000000000000000000e+00 0.000000000000000000e+00 0.000000000000000000e+00 0.000000000000000000e+00 0.000000000000000000e+00 0.000000000000000000e+00 0.000000000000000000e+00 0.000000000000000000e+00
7.825222825735098087e-02 0.000000000000000000e+00 0.000000000000000000e+00 0.000000000000000000e+00 0.000000000000000000e+00 0.000000000000000000e+00 0.000000000000000000e+00 0.000000000000000000e+00 0.000000000000000000e+00 0.000000000000000000e+00 0.000000000000000000e+00 0.000000000000000000e+00 0.000000000000000000e+00
7.896171827175287039e-02 0.000000000000000000e+00 0.000000000000000000e+00 0.000000000000000000e+00 0.000000000000000000e+00 0.000000000000000000e+00 0.000000000000000000e+00 0.000000000000000000e+00 0.000000000000000000e+00 0.000000000000000000e+00 0.000000000000000000e+00 0.000000000000000000e+00 0.000000000000000000e+00
7.967120828656831799e-02 0.000000000000000000e+00 0.000000000000000000e+00 0.000000000000000000e+00 0.000000000000000000e+00 0.000000000000000000e+00 0.000000000000000000e+00 0.000000000000000000e+00 0.000000000000000000e+00 0.000000000000000000e+00 0.000000000000000000e+00 0.000000000000000000e+00 0.000000000000000000e+00
8.038069830097022139e-02 0.000000000000000000e+00 0.000000000000000000e+00 0.000000000000000000e+00 0.000000000000000000e+00 0.000000000000000000e+00 0.000000000000000000e+00 0.000000000000000000e+00 0.000000000000000000e+00 0.000000000000000000e+00 0.000000000000000000e+00 0.000000000000000000e+00 0.000000000000000000e+00
8.109018831578566899e-02 0.000000000000000000e+00 0.000000000000000000e+00 0.000000000000000000e+00 0.000000000000000000e+00 0.000000000000000000e+00 0.000000000000000000e+00 0.000000000000000000e+00 0.000000000000000000e+00 0.000000000000000000e+00 0.000000000000000000e+00 0.000000000000000000e+00 0.000000000000000000e+00
8.179967833018755852e-02 0.000000000000000000e+00 0.000000000000000000e+00 0.000000000000000000e+00 0.000000000000000000e+00 0.000000000000000000e+00 0.000000000000000000e+00 0.000000000000000000e+00 0.000000000000000000e+00 0.000000000000000000e+00 0.000000000000000000e+00 0.000000000000000000e+00 0.000000000000000000e+00
8.250916834500302000e-02 0.000000000000000000e+00 0.000000000000000000e+00 0.000000000000000000e+00 0.000000000000000000e+00 0.000000000000000000e+00 0.000000000000000000e+00 0.000000000000000000e+00 0.000000000000000000e+00 0.000000000000000000e+00 0.000000000000000000e+00 0.000000000000000000e+00 0.000000000000000000e+00
8.321865835940490952e-02 0.000000000000000000e+00 0.000000000000000000e+00 0.000000000000000000e+00 0.000000000000000000e+00 0.000000000000000000e+00 0.000000000000000000e+00 0.000000000000000000e+00 0.000000000000000000e+00 0.000000000000000000e+00 0.000000000000000000e+00 0.000000000000000000e+00 0.000000000000000000e+00
8.392814837422035712e-02 0.000000000000000000e+00 0.000000000000000000e+00 0.000000000000000000e+00 0.000000000000000000e+00 0.000000000000000000e+00 0.000000000000000000e+00 0.000000000000000000e+00 0.000000000000000000e+00 0.000000000000000000e+00 0.000000000000000000e+00 0.000000000000000000e+00 0.000000000000000000e+00
8.463763838903581860e-02 0.000000000000000000e+00 0.000000000000000000e+00 0.000000000000000000e+00 0.000000000000000000e+00 0.000000000000000000e+00 0.000000000000000000e+00 0.000000000000000000e+00 0.000000000000000000e+00 0.000000000000000000e+00 0.000000000000000000e+00 0.000000000000000000e+00 0.000000000000000000e+00
8.534712840343770812e-02 0.000000000000000000e+00 0.000000000000000000e+00 0.000000000000000000e+00 0.000000000000000000e+00 0.000000000000000000e+00 0.000000000000000000e+00 0.000000000000000000e+00 0.000000000000000000e+00 0.000000000000000000e+00 0.000000000000000000e+00 0.000000000000000000e+00 0.000000000000000000e+00
8.605661841825315572e-02 0.000000000000000000e+00 0.000000000000000000e+00 0.000000000000000000e+00 0.000000000000000000e+00 0.000000000000000000e+00 0.000000000000000000e+00 0.000000000000000000e+00 0.000000000000000000e+00 0.000000000000000000e+00 0.000000000000000000e+00 0.000000000000000000e+00 0.000000000000000000e+00
8.676610843265505912e-02 0.000000000000000000e+00 0.000000000000000000e+00 0.000000000000000000e+00 0.000000000000000000e+00 0.000000000000000000e+00 0.000000000000000000e+00 0.000000000000000000e+00 0.000000000000000000e+00 0.000000000000000000e+00 0.000000000000000000e+00 0.000000000000000000e+00 0.000000000000000000e+00
8.747559844747050672e-02 0.000000000000000000e+00 0.000000000000000000e+00 0.000000000000000000e+00 0.000000000000000000e+00 0.000000000000000000e+00 0.000000000000000000e+00 0.000000000000000000e+00 0.000000000000000000e+00 0.000000000000000000e+00 0.000000000000000000e+00 0.000000000000000000e+00 0.000000000000000000e+00
8.818508846187239625e-02 0.000000000000000000e+00 0.000000000000000000e+00 0.000000000000000000e+00 0.000000000000000000e+00 0.000000000000000000e+00 0.000000000000000000e+00 0.000000000000000000e+00 0.000000000000000000e+00 0.000000000000000000e+00 0.000000000000000000e+00 0.000000000000000000e+00 0.000000000000000000e+00
8.889457847668785773e-02 0.000000000000000000e+00 0.000000000000000000e+00 0.000000000000000000e+00 0.000000000000000000e+00 0.000000000000000000e+00 0.000000000000000000e+00 0.000000000000000000e+00 0.000000000000000000e+00 0.000000000000000000e+00 0.000000000000000000e+00 0.000000000000000000e+00 0.000000000000000000e+00
8.960406849108974725e-02 0.000000000000000000e+00 0.000000000000000000e+00 0.000000000000000000e+00 0.000000000000000000e+00 0.000000000000000000e+00 0.000000000000000000e+00 0.000000000000000000e+00 0.000000000000000000e+00 0.000000000000000000e+00 0.000000000000000000e+00 0.000000000000000000e+00 0.000000000000000000e+00
9.031355850590519485e-02 1.470844605214161493e+00 1.473031221135199464e+00 1.535182897046662331e+00 1.473831673783628116e+00 1.486034707882175843e+00 1.513913353612240664e+00 1.875416881465110919e+01 1.875040029886402593e+01 2.670619028159955022e+01 1.874902020475570907e+01 2.264200526639037037e+01 2.277963234405149251e+01
9.102304852072065633e-02 4.150459007752087537e+00 4.150559934810888585e+00 8.627149354637468903e+00 4.150596905935207026e+00 6.391548604092212038e+00 6.387511642639868370e+00 3.064084779696590388e+01 3.064140640188023212e+01 4.970589608430093165e+01 3.064160953753451722e+01 4.018467328068555133e+01 4.016815644903110893e+01
9.173253853512254585e-02 7.619564446787211232e+00 7.620651044815095254e+00 1.399533264339911831e+01 7.621048490446507451e+00 1.081207961969794340e+01 1.080566226430605958e+01 3.588949374465018849e+01 3.588952150321834722e+01 8.228067643374939166e+01 3.588953003873625391e+01 5.910073993026505690e+01 5.907856668584940962e+01
9.244202854993799345e-02 9.366187718526182593e+00 9.365739640105811503e+00 1.784263418656272293e+01 9.365574878012214555e+00 1.360551106715735870e+01 1.360400879182524569e+01 3.584122703510443131e+01 3.584234941943969943e+01 8.482474308816487962e+01 3.584275607762727134e+01 6.033332682087019094e+01 6.033599307002993584e+01
9.315151856433988298e-02 1.216706235522262425e+01 1.216661333378469223e+01 2.004199883452701414e+01 1.216644230908730329e+01 1.610234864568170465e+01 1.610599038605688094e+01 4.913623653781984046e+01 4.914197383247172013e+01 7.694869534729643590e+01 4.914405828815714727e+01 6.305451190378318671e+01 6.303988183264581835e+01
9.386100857915534446e-02 2.781912978823210736e+01 2.782810238269103209e+01 1.307969451067060618e+01 2.783137010779416087e+01 2.043919456628445985e+01 2.045899713709540890e+01 1.059316386259992271e+02 1.059702373260857939e+02 4.496453117519331499e+01 1.059843750211574331e+02 7.537318331294159179e+01 7.550734006180391589e+01
9.457049859355723398e-02 1.454859062398746339e+01 1.453915505626671312e+01 8.842528060817377522e+00 1.453559284370571980e+01 1.170835327372172685e+01 1.168314445578214844e+01 5.077296392836935013e+01 5.080003070852052360e+01 2.926522833114907840e+01 5.080974819013167831e+01 4.005028394500514821e+01 4.001347262589284526e+01
9.527998860837268158e-02 2.178733875608729775e+01 2.178183027618324274e+01 1.519024150921497274e+01 2.177980271589056827e+01 1.848395334722873429e+01 1.848847090911728586e+01 7.443264436631636727e+01 7.444227018178476385e+01 6.034052639723768152e+01 7.444594649947045184e+01 6.738953685747860334e+01 6.738893542989509911e+01
9.598947862277458498e-02 2.378091869254242496e+01 2.373677371930961399e+01 2.141894703626507024e+01 2.371968788536775108e+01 2.264180326719314351e+01 2.255356037488574827e+01 8.557924031472606430e+01 8.542869520221681512e+01 8.213562720339679402e+01 8.537148394693954856e+01 8.373496097358099632e+01 8.385267971738488768e+01
9.669896863759003258e-02 2.383907784972652166e+01 2.384108326119651977e+01 1.528431007384552842e+01 2.383981478167934398e+01 1.957484299966631625e+01 1.955464356354245581e+01 8.215219445022076172e+01 8.220116380456806837e+01 8.232775871324044203e+01 8.221442420315015909e+01 8.223992550161280235e+01 8.226450377932421532e+01
9.740845865199192211e-02 2.406731305281381594e+01 2.408397905050221510e+01 1.098581493643094298e+01 2.407607566869616988e+01 1.750005365528113899e+01 1.754949971709473289e+01 8.863168843667031638e+01 8.867078546108723458e+01 9.043219935874806481e+01 8.865219969726717864e+01 8.944131623489357708e+01 8.960392053505366050e+01
9.811794866680738358e-02 6.710936730775739711e+00 6.709857797788019163e+00 7.024312032420459317e+00 6.709465526663216828e+00 6.868239893995153444e+00 6.866746202540827682e+00 3.939167784585773546e+01 3.936940115966979192e+01 5.364872997296682655e+01 3.936125206133966259e+01 4.651156995497695590e+01 4.651481930332764136e+01
9.882743868162284506e-02 2.263253966718733690e+00 2.262759414458634932e+00 4.539568122137700001e+00 2.262660228355328762e+00 3.411134184144731130e+00 3.395673024378212723e+00 1.859276062345550429e+01 1.860062103751275231e+01 2.660408005010082988e+01 1.860368893961302561e+01 2.261642673720760399e+01 2.259238680162295765e+01
9.953692869602473459e-02 4.232456246403233971e-04 3.102285971283906096e-05 8.221178723589462677e-07 1.139116851965586995e-04 2.116469922575840267e-04 1.612801826068873960e-05 9.897090186330595799e-04 7.253981226696585118e-05 7.872987624708026105e-04 2.663661906442986102e-04 8.895557178298022080e-04 4.293147889333261960e-04
1.002464187108401961e-01 6.863958836074531738e-04 5.123728739790021452e-05 2.563073366766126711e-06 1.854601200292093667e-04 3.433067515221270094e-04 2.754094872402469880e-05 1.605040066156308582e-03 1.198599498024498981e-04 2.458325877852628183e-03 4.337397174816111671e-04 2.035080253212304298e-03 1.287194788739886523e-03
1.009559087252420856e-01 8.113094403311683044e-04 6.272275767350313452e-05 5.827364918779589964e-06 2.209079082903333310e-04 4.059811493207855283e-04 3.571376757276951996e-05 1.897157890155380406e-03 1.467722201534942407e-04 5.600653825507899593e-03 5.166769028401754348e-04 3.756812697368739143e-03 2.869336454157256182e-03
1.016653987400575332e-01 6.676080722303090638e-04 5.646015388112175099e-05 1.109859127684577599e-05 1.856051996537432815e-04 3.345294342378241602e-04 3.651170550770613954e-05 1.561250199484483540e-03 1.322158978252564222e-04 1.067890010300653371e-02 4.342233162300575679e-04 6.135344781727705178e-03 5.397252191911327060e-03
1.023748887544594366e-01 7.190389200272748749e-01 7.192437724571167923e-01 6.878708114303400123e-01 7.193774633311248445e-01 6.988222436080335775e-01 7.062302026762354856e-01 1.737781773646769778e+01 1.739687126117717497e+01 6.278171900011122020e+00 1.740398103325708590e+01 1.183543475527485356e+01 1.183262574776456333e+01
1.030843787692748842e-01 6.231599865559547702e+00 6.230044394365107152e+00 4.151800027081529620e+00 6.229474545779875250e+00 5.191992958802222446e+00 5.190641638819438519e+00 6.732296187307467505e+01 6.732574674900740774e+01 3.320605729194372202e+01 6.732678174704884100e+01 5.027436851675427931e+01 5.025837227915253891e+01
1.037938687836767737e-01 5.108287020693190073e+00 5.109060875410453839e+00 3.339870782414414929e+00 5.109343877398044853e+00 4.222724764608308590e+00 4.225152744664696591e+00 5.204299778028174472e+01 5.204147633025925046e+01 3.958063970442444202e+01 5.204092251297253569e+01 4.581518652403727998e+01 4.580844305382937875e+01
1.045033587984922352e-01 6.467347412504896198e+00 6.467001494320132160e+00 3.367518896621095603e+00 6.466874404569040280e+00 4.916543550485291014e+00 4.917606790693625385e+00 5.421847591436433333e+01 5.421471075958855579e+01 5.286290717805622563e+01 5.421332655489087671e+01 5.355039643007403782e+01 5.353313374406986469e+01
1.052128488128941247e-01 6.365592577726408408e+00 6.365550649714918130e+00 3.683474439388150667e+00 6.365536093392590189e+00 5.028955716862604675e+00 5.021815042822669106e+00 5.268442425151003761e+01 5.268331016089329921e+01 4.230830462368763278e+01 5.268291331976032410e+01 4.749404907560099076e+01 4.749658078758891833e+01
1.059223388277095723e-01 4.288136089523800543e+00 4.289299966631686445e+00 2.878154490456178216e+00 4.289726258928441283e+00 3.587313173713506220e+00 3.581244928258125348e+00 2.793563066112784909e+01 2.793552272188719243e+01 2.428332486229525600e+01 2.793548422742681581e+01 2.608574844160303030e+01 2.612292632856665975e+01
1.066318288425250338e-01 3.777297553473931480e+00 3.776824497178200790e+00 2.732270447764081123e+00 3.776651610625631150e+00 3.257055778279645875e+00 3.253179540871347974e+00 2.114052422104331441e+01 2.113499760618619305e+01 1.850275433667177438e+01 2.113297507532050545e+01 1.982597084866744552e+01 1.981623245141041423e+01
1.073413188569269233e-01 3.512937088638814487e+00 3.512477573108040652e+00 2.669246649869669863e+00 3.512309667622580012e+00 3.093071384011258029e+00 3.089673740104360355e+00 1.739506342397585570e+01 1.739070395051817286e+01 1.526871822151724167e+01 1.738910846152730016e+01 1.633618203624089205e+01 1.632711862193700370e+01
1.080508088717423709e-01 3.346693151758123097e+00 3.346585551036593831e+00 2.623403785611002625e+00 3.346546452077781897e+00 2.986757276952167306e+00 2.983969064188062070e+00 1.495641280956364838e+01 1.495327754215771954e+01 1.309985356629896991e+01 1.495213003486746928e+01 1.402874856733870779e+01 1.402610993166749687e+01
1.087602988861442743e-01 3.217496747798416656e+00 3.217907371495722479e+00 2.576263498450065637e+00 3.218057964145988770e+00 2.897902027729552188e+00 2.896460806739432403e+00 1.316885904547279118e+01 1.316763982048814441e+01 1.148102416542945825e+01 1.316719355556307747e+01 1.232176032362428053e+01 1.232607750637141386e+01
1.094697889009597219e-01 3.114533133768249584e+00 3.115130789281517210e+00 2.534922164781437726e+00 3.115349883694500832e+00 2.824903642949371907e+00 2.824893559915466756e+00 1.179559864689070281e+01 1.179533721340729180e+01 1.027057690912695875e+01 1.179524148503503689e+01 1.102739864979229267e+01 1.103615930709971416e+01
1.101792789153616114e-01 2.993401174177761082e+00 2.993441844832505527e+00 2.472728536678546973e+00 2.993457078193081600e+00 2.734015151148788902e+00 2.732508378348316835e+00 1.060111309923929923e+01 1.059953385916637281e+01 9.194244304415740032e+00 1.059895574104254123e+01 9.894939211637320042e+00 9.898394742314406969e+00
1.108887689301770729e-01 2.883874206293553843e+00 2.883651049651083653e+00 2.369114216352408153e+00 2.883569708341594762e+00 2.627024368540933796e+00 2.626048708065943149e+00 9.619032947582731197e+00 9.617953676075885028e+00 8.187000575482510811e+00 9.617558624258279565e+00 8.902430954188689682e+00 8.902738015214016087e+00
1.115982589445789624e-01 2.771569809897331815e+00 2.771901776258202776e+00 2.374178921864949832e+00 2.772023594782936584e+00 2.575039824356934570e+00 2.571768641522755861e+00 8.750757799238815693e+00 8.750670703104219683e+00 7.687371761701879969e+00 8.750639027386196034e+00 8.224058650856211017e+00 8.216080577223467074e+00
1.123077489593944100e-01 2.630254010242621732e+00 2.631005982116517927e+00 2.218461551481504479e+00 2.631281488323508277e+00 2.423424725436810423e+00 2.425250189812508506e+00 7.924793309894913484e+00 7.925690385573281205e+00 6.760261675282784211e+00 7.926019039282725664e+00 7.336541301751110744e+00 7.346369261496350944e+00
1.130172389742098715e-01 2.471695618111739989e+00 2.472107015567043486e+00 2.095560974548197564e+00 2.472257850016684078e+00 2.283135823544488741e+00 2.284097991614397305e+00 7.136020659338533356e+00 7.136248579428675853e+00 6.049437623015431420e+00 7.136332314551969702e+00 6.588780823375229190e+00 6.595063980114419522e+00
1.137267289886117611e-01 2.283433913813031069e+00 2.284005430813945026e+00 1.945879593583611511e+00 2.284214877431897328e+00 2.113595846853948412e+00 2.115536770430837876e+00 6.346633137153440352e+00 6.347349250180140068e+00 5.348931198406058130e+00 6.347611747580796937e+00 5.842743818398997924e+00 5.850995246224302448e+00
1.144362190034272087e-01 2.066830372902995094e+00 2.067215946185131159e+00 1.759420068380862956e+00 2.067357326279239516e+00 1.912089001513664011e+00 1.913899667767659851e+00 5.552834541524205747e+00 5.553219800467156020e+00 4.628639805980181876e+00 5.553361204741201540e+00 5.086408602254537392e+00 5.093379001175144083e+00
1.151457090178290982e-01 1.820234013434373299e+00 1.820103756111479232e+00 1.533921212091903019e+00 1.820056315074256581e+00 1.676778047518412862e+00 1.677169955944153967e+00 4.743332382255793789e+00 4.742592790509857714e+00 3.882502502623522922e+00 4.742322482989413501e+00 4.310953173133187377e+00 4.313635235972009596e+00
1.158551990326445597e-01 1.542627682159558589e+00 1.543149025790321316e+00 1.267940981608739470e+00 1.543340071475894915e+00 1.402890397179652027e+00 1.406912294530981544e+00 3.910509277841989206e+00 3.911333330109342032e+00 3.104918199271700097e+00 3.911635337527746170e+00 3.500908972207579684e+00 3.512010997035539539e+00
1.165646890470464492e-01 1.216737812102542282e+00 1.217303598458287173e+00 9.398541707974058523e-01 1.217510941421683590e+00 1.077229583669837343e+00 1.079179623083135420e+00 3.005527872213866747e+00 3.006590266124391064e+00 2.240652132912279715e+00 3.006979635656702676e+00 2.620029475343717884e+00 2.625346909562197961e+00
1.172741790618618968e-01 8.431359928040506047e-01 8.421745017723892834e-01 4.753904576294956108e-01 8.418227804026442440e-01 6.570679649681065992e-01 6.600300314822784564e-01 2.033183240401773784e+00 2.030740123704559696e+00 1.110542936314880880e+00 2.029846336497680870e+00 1.566480876087492646e+00 1.573699143546616330e+00
1.179836690762638002e-01 2.570470976821112030e-01 2.575849078502584488e-01 3.585848449824211720e-02 2.577821194198749444e-01 1.403339732956770947e-01 1.502424522325336298e-01 6.064364817223852899e-01 6.076358066185323370e-01 8.263641111696802544e-02 6.080756396802444730e-01 3.301330380156975997e-01 3.534236615195639475e-01
1.186931590910792478e-01 0.000000000000000000e+00 0.000000000000000000e+00 0.000000000000000000e+00 0.000000000000000000e+00 0.000000000000000000e+00 0.000000000000000000e+00 0.000000000000000000e+00 0.000000000000000000e+00 0.000000000000000000e+00 0.000000000000000000e+00 0.000000000000000000e+00 0.000000000000000000e+00
1.194026491054811373e-01 0.000000000000000000e+00 0.000000000000000000e+00 0.000000000000000000e+00 0.000000000000000000e+00 0.000000000000000000e+00 0.000000000000000000e+00 0.000000000000000000e+00 0.000000000000000000e+00 0.000000000000000000e+00 0.000000000000000000e+00 0.000000000000000000e+00 0.000000000000000000e+00
1.201121391202965988e-01 0.000000000000000000e+00 0.000000000000000000e+00 0.000000000000000000e+00 0.000000000000000000e+00 0.000000000000000000e+00 0.000000000000000000e+00 0.000000000000000000e+00 0.000000000000000000e+00 0.000000000000000000e+00 0.000000000000000000e+00 0.000000000000000000e+00 0.000000000000000000e+00
1.208216291351120603e-01 0.000000000000000000e+00 0.000000000000000000e+00 0.000000000000000000e+00 0.000000000000000000e+00 0.000000000000000000e+00 0.000000000000000000e+00 0.000000000000000000e+00 0.000000000000000000e+00 0.000000000000000000e+00 0.000000000000000000e+00 0.000000000000000000e+00 0.000000000000000000e+00
1.215311191495139359e-01 0.000000000000000000e+00 0.000000000000000000e+00 0.000000000000000000e+00 0.000000000000000000e+00 0.000000000000000000e+00 0.000000000000000000e+00 0.000000000000000000e+00 0.000000000000000000e+00 0.000000000000000000e+00 0.000000000000000000e+00 0.000000000000000000e+00 0.000000000000000000e+00
1.222406091643294113e-01 0.000000000000000000e+00 0.000000000000000000e+00 0.000000000000000000e+00 0.000000000000000000e+00 0.000000000000000000e+00 0.000000000000000000e+00 0.000000000000000000e+00 0.000000000000000000e+00 0.000000000000000000e+00 0.000000000000000000e+00 0.000000000000000000e+00 0.000000000000000000e+00
1.229500991787312869e-01 0.000000000000000000e+00 0.000000000000000000e+00 0.000000000000000000e+00 0.000000000000000000e+00 0.000000000000000000e+00 0.000000000000000000e+00 0.000000000000000000e+00 0.000000000000000000e+00 0.000000000000000000e+00 0.000000000000000000e+00 0.000000000000000000e+00 0.000000000000000000e+00
1.236595891935467484e-01 0.000000000000000000e+00 0.000000000000000000e+00 0.000000000000000000e+00 0.000000000000000000e+00 0.000000000000000000e+00 0.000000000000000000e+00 0.000000000000000000e+00 0.000000000000000000e+00 0.000000000000000000e+00 0.000000000000000000e+00 0.000000000000000000e+00 0.000000000000000000e+00
1.243690792079486379e-01 0.000000000000000000e+00 0.000000000000000000e+00 0.000000000000000000e+00 0.000000000000000000e+00 0.000000000000000000e+00 0.000000000000000000e+00 0.000000000000000000e+00 0.000000000000000000e+00 0.000000000000000000e+00 0.000000000000000000e+00 0.000000000000000000e+00 0.000000000000000000e+00
1.250785692227641133e-01 0.000000000000000000e+00 0.000000000000000000e+00 0.000000000000000000e+00 0.000000000000000000e+00 0.000000000000000000e+00 0.000000000000000000e+00 0.000000000000000000e+00 0.000000000000000000e+00 0.000000000000000000e+00 0.000000000000000000e+00 0.000000000000000000e+00 0.000000000000000000e+00
1.257880592371659889e-01 0.000000000000000000e+00 0.000000000000000000e+00 0.000000000000000000e+00 0.000000000000000000e+00 0.000000000000000000e+00 0.000000000000000000e+00 0.000000000000000000e+00 0.000000000000000000e+00 0.000000000000000000e+00 0.000000000000000000e+00 0.000000000000000000e+00 0.000000000000000000e+00
1.264975492519814504e-01 0.000000000000000000e+00 0.000000000000000000e+00 0.000000000000000000e+00 0.000000000000000000e+00 0.000000000000000000e+00 0.000000000000000000e+00 0.000000000000000000e+00 0.000000000000000000e+00 0.000000000000000000e+00 0.000000000000000000e+00 0.000000000000000000e+00 0.000000000000000000e+00
1.272070392663833260e-01 0.000000000000000000e+00 0.000000000000000000e+00 0.000000000000000000e+00 0.000000000000000000e+00 0.000000000000000000e+00 0.000000000000000000e+00 0.000000000000000000e+00 0.000000000000000000e+00 0.000000000000000000e+00 0.000000000000000000e+00 0.000000000000000000e+00 0.000000000000000000e+00
1.279165292811987875e-01 0.000000000000000000e+00 0.000000000000000000e+00 0.000000000000000000e+00 0.000000000000000000e+00 0.000000000000000000e+00 0.000000000000000000e+00 0.000000000000000000e+00 0.000000000000000000e+00 0.000000000000000000e+00 0.000000000000000000e+00 0.000000000000000000e+00 0.000000000000000000e+00
1.286260192960142490e-01 0.000000000000000000e+00 0.000000000000000000e+00 0.000000000000000000e+00 0.000000000000000000e+00 0.000000000000000000e+00 0.000000000000000000e+00 0.000000000000000000e+00 0.000000000000000000e+00 0.000000000000000000e+00 0.000000000000000000e+00 0.000000000000000000e+00 0.000000000000000000e+00
1.293355093104161246e-01 0.000000000000000000e+00 0.000000000000000000e+00 0.000000000000000000e+00 0.000000000000000000e+00 0.000000000000000000e+00 0.000000000000000000e+00 0.000000000000000000e+00 0.000000000000000000e+00 0.000000000000000000e+00 0.000000000000000000e+00 0.000000000000000000e+00 0.000000000000000000e+00
1.300449993252315861e-01 0.000000000000000000e+00 0.000000000000000000e+00 0.000000000000000000e+00 0.000000000000000000e+00 0.000000000000000000e+00 0.000000000000000000e+00 0.000000000000000000e+00 0.000000000000000000e+00 0.000000000000000000e+00 0.000000000000000000e+00 0.000000000000000000e+00 0.000000000000000000e+00
