# eV, DoS, Note that this is averaged across each O atom per cell
7.262734593535923717e-05 4.883440509552697088e-03
1.966115432616362705e-04 6.816004718092040331e-03
3.205957405879133310e-04 9.393239541918861624e-03
4.445799379141903373e-04 1.275564515112842003e-02
5.685641352404672893e-04 1.708280936063509212e-02
6.925483325667442956e-04 2.261990057265005072e-02
8.165325298930213018e-04 2.962853852262131715e-02
9.405167272192984165e-04 3.825662707758503700e-02
1.064500924545575206e-03 4.842453583242785353e-02
1.188485121871852429e-03 5.985177249168633501e-02
1.312469319198129435e-03 7.223829209276057262e-02
1.436453516524406442e-03 8.546330977672297879e-02
1.560437713850683665e-03 9.964329289213499918e-02
1.684421911176960671e-03 1.150414200678448740e-01
1.808406108503237677e-03 1.319720163522309919e-01
1.932390305829514900e-03 1.508023056806111761e-01
2.056374503155791907e-03 1.719691342001872791e-01
2.180358700482068479e-03 1.958603215931109809e-01
2.304342897808345485e-03 2.225878860989302099e-01
2.428327095134622492e-03 2.518932991537721211e-01
2.552311292460899498e-03 2.833743127701426334e-01
2.676295489787176504e-03 3.169248659979937988e-01
2.800279687113453510e-03 3.530745594266024301e-01
2.924263884439730517e-03 3.930608756289638572e-01
3.048248081766007523e-03 4.388417021369233062e-01
3.172232279092284529e-03 4.934948772049870813e-01
3.296216476418561536e-03 5.623162542298143496e-01
3.420200673744838975e-03 6.544841434710459982e-01
3.544184871071115982e-03 7.846721482069316522e-01
3.668169068397392988e-03 9.737038032970701806e-01
3.792153265723669561e-03 1.247312373659627882e+00
3.916137463049947434e-03 1.632250317540733242e+00
4.040121660376224007e-03 2.149492013221590447e+00
4.164105857702501447e-03 2.805417838345519499e+00
4.288090055028778887e-03 3.583667134565176049e+00
4.412074252355055459e-03 4.441792368655743672e+00
4.536058449681332032e-03 5.316249940920081407e+00
4.660042647007610339e-03 6.135897616664508725e+00
4.784026844333886044e-03 6.839525634646142827e+00
4.908011041660163484e-03 7.389948959880834778e+00
5.031995238986440057e-03 7.778040772967930394e+00
5.155979436312717497e-03 8.014851365978257647e+00
5.279963633638994069e-03 8.116520909319584476e+00
5.403947830965272377e-03 8.091537818524427550e+00
5.527932028291548949e-03 7.939545149862899720e+00
5.651916225617825522e-03 7.664250040302693634e+00
5.775900422944102094e-03 7.293076234327096508e+00
5.899884620270379534e-03 6.889220763024091809e+00
6.023868817596656974e-03 6.543280156051507923e+00
6.147853014922934414e-03 6.342403380934034551e+00
6.271837212249210987e-03 6.329702958143640146e+00
6.395821409575488427e-03 6.476380403276310815e+00
6.519805606901764999e-03 6.686036272170669648e+00
6.643789804228041572e-03 6.834201895268820159e+00
6.767774001554318145e-03 6.824980411381904588e+00
6.891758198880595584e-03 6.634912376266839829e+00
7.015742396206872157e-03 6.321051180746160902e+00
7.139726593533149597e-03 5.991646016513202611e+00
7.263710790859426170e-03 5.758455377723310065e+00
7.387694988185703610e-03 5.695487704816872387e+00
7.511679185511980182e-03 5.818738972035996326e+00
7.635663382838257622e-03 6.086759092224145462e+00
7.759647580164535062e-03 6.414942441783603400e+00
7.883631777490811635e-03 6.698820210647522089e+00
8.007615974817089075e-03 6.844484256598071248e+00
8.131600172143364780e-03 6.800338615449513568e+00
8.255584369469642220e-03 6.577642252677059709e+00
8.379568566795919660e-03 6.248196384680931637e+00
8.503552764122197100e-03 5.919069874442399737e+00
8.627536961448472805e-03 5.696927773359353075e+00
8.751521158774750245e-03 5.656948690334288266e+00
8.875505356101027685e-03 5.823466623938090336e+00
8.999489553427306859e-03 6.162003764874043554e+00
9.123473750753580830e-03 6.583184023375078908e+00
9.247457948079858270e-03 6.963577236967581463e+00
9.371442145406135710e-03 7.185454943855493326e+00
9.495426342732413150e-03 7.183618590993291697e+00
9.619410540058690590e-03 6.974950066727413578e+00
9.743394737384966295e-03 6.650996897390411888e+00
9.867378934711245470e-03 6.336517141069851533e+00
9.991363132037521175e-03 6.139143010083404128e+00
1.011534732936379688e-02 6.117608277448958631e+00
1.023933152669007432e-02 6.277788518886270985e+00
1.036331572401635176e-02 6.585376556762871481e+00
1.048729992134263093e-02 6.979066018660734727e+00
1.061128411866890491e-02 7.379251977490065784e+00
1.073526831599518408e-02 7.699825572690119024e+00
1.085925251332145978e-02 7.870480978642798497e+00
1.098323671064773722e-02 7.864209863961796998e+00
1.110722090797401466e-02 7.713213910038468235e+00
1.123120510530029037e-02 7.499582163918036670e+00
1.135518930262656954e-02 7.323348775238573083e+00
1.147917349995284525e-02 7.265276359137284423e+00
1.160315769727912269e-02 7.362428330748664429e+00
1.172714189460540013e-02 7.603057758175062020e+00
1.185112609193167410e-02 7.935523292875361179e+00
1.197511028925795501e-02 8.282929795063287415e+00
1.209909448658422898e-02 8.559911618910676978e+00
1.222307868391050815e-02 8.692599662046898601e+00
1.234706288123678559e-02 8.640946109510121431e+00
1.247104707856306303e-02 8.415472625641438498e+00
1.259503127588933874e-02 8.076777778481213588e+00
1.271901547321561445e-02 7.713421549606561456e+00
1.284299967054189189e-02 7.408727396011348887e+00
1.296698386786817106e-02 7.215901833279396271e+00
1.309096806519444676e-02 7.153580240161002912e+00
1.321495226252072420e-02 7.216309565132005943e+00
1.333893645984699991e-02 7.383584436537980800e+00
1.346292065717327562e-02 7.617498574901591546e+00
1.358690485449955306e-02 7.855981264107701811e+00
1.371088905182583050e-02 8.018388273608104910e+00
1.383487324915210620e-02 8.032001938861128565e+00
1.395885744647838711e-02 7.868367422761294527e+00
1.408284164380465935e-02 7.565529195122156381e+00
1.420682584113093852e-02 7.218640625580882819e+00
1.433081003845721423e-02 6.941990164264901786e+00
1.445479423578349340e-02 6.822928462606179245e+00
1.457877843310977084e-02 6.890014292616294611e+00
1.470276263043604481e-02 7.106511476107377767e+00
1.482674682776232225e-02 7.387576509105770128e+00
1.495073102508860143e-02 7.632366659657511043e+00
1.507471522241487887e-02 7.759881492273138726e+00
1.519869941974115631e-02 7.736673865487097679e+00
1.532268361706743028e-02 7.586304680448927584e+00
1.544666781439370945e-02 7.376708246548870918e+00
1.557065201171998516e-02 7.191108185769988559e+00
1.569463620904626433e-02 7.095613558610310179e+00
1.581862040637254177e-02 7.117562380613534856e+00
1.594260460369881574e-02 7.242655617406517088e+00
1.606658880102509318e-02 7.429425554337454329e+00
1.619057299835137062e-02 7.631566175564733712e+00
1.631455719567764806e-02 7.816236680446045249e+00
1.643854139300392897e-02 7.970846976393754169e+00
1.656252559033020294e-02 8.098858345484575949e+00
1.668650978765647691e-02 8.210740964126587826e+00
1.681049398498275435e-02 8.315834836402149932e+00
1.693447818230903179e-02 8.417114707890080538e+00
1.705846237963531270e-02 8.509140746600987626e+00
1.718244657696158667e-02 8.580645112706978495e+00
1.730643077428786411e-02 8.622734778157139957e+00
1.743041497161413808e-02 8.639061277482751322e+00
1.755439916894041899e-02 8.650071999264566713e+00
1.767838336626669643e-02 8.685967673846397119e+00
1.780236756359297040e-02 8.771533590925098878e+00
1.792635176091924784e-02 8.912581698441496059e+00
1.805033595824552528e-02 9.092094267595483004e+00
1.817432015557180619e-02 9.276731141503216094e+00
1.829830435289808363e-02 9.428789065631642430e+00
1.842228855022435413e-02 9.518799855785939457e+00
1.854627274755063504e-02 9.536314560007616237e+00
1.867025694487690901e-02 9.496311004443857229e+00
1.879424114220318992e-02 9.437031070416558975e+00
1.891822533952946736e-02 9.406992812850765162e+00
1.904220953685574133e-02 9.445562786184350301e+00
1.916619373418201877e-02 9.566889256883145620e+00
1.929017793150829274e-02 9.755159778230527934e+00
1.941416212883457365e-02 9.971716252086393339e+00
1.953814632616085456e-02 1.016881249139385623e+01
1.966213052348712506e-02 1.030466659183672995e+01
1.978611472081340250e-02 1.035676917778854822e+01
1.991009891813968341e-02 1.033059690134158792e+01
2.003408311546596085e-02 1.025962905217063081e+01
2.015806731279223482e-02 1.019432865412751887e+01
2.028205151011850879e-02 1.018366895720196297e+01
2.040603570744478623e-02 1.025797146894473144e+01
2.053001990477107061e-02 1.042089150678067355e+01
2.065400410209734458e-02 1.065206331910507309e+01
2.077798829942361855e-02 1.091621132023225904e+01
2.090197249674989599e-02 1.117382167799490311e+01
2.102595669407617343e-02 1.139117329655808675e+01
2.114994089140245434e-02 1.154911668138745107e+01
2.127392508872872831e-02 1.164876558039981091e+01
2.139790928605500228e-02 1.171085578985312559e+01
2.152189348338128319e-02 1.176706362753375856e+01
2.164587768070756063e-02 1.184584342888327058e+01
2.176986187803383807e-02 1.195915257272124421e+01
2.189384607536011551e-02 1.209687465489482960e+01
2.201783027268638948e-02 1.223228314194027000e+01
2.214181447001266692e-02 1.233610571681523638e+01
2.226579866733894436e-02 1.239157875584090007e+01
2.238978286466522180e-02 1.240175165387378264e+01
2.251376706199150271e-02 1.238504865256266818e+01
2.263775125931777321e-02 1.236326067438986698e+01
2.276173545664405065e-02 1.235136053057199490e+01
2.288571965397033156e-02 1.235583178329039633e+01
2.300970385129660900e-02 1.237964587510479397e+01
2.313368804862288644e-02 1.242585005574126633e+01
2.325767224594915694e-02 1.249427525059242505e+01
2.338165644327543785e-02 1.257453235742693209e+01
2.350564064060171876e-02 1.264404625697744677e+01
2.362962483792799273e-02 1.267638238738276613e+01
2.375360903525427017e-02 1.265597811068337109e+01
2.387759323258054067e-02 1.258925805694774347e+01
2.400157742990682505e-02 1.250389955418814658e+01
2.412556162723310249e-02 1.243545118823230489e+01
2.424954582455937646e-02 1.240814124901590532e+01
2.437353002188565390e-02 1.242050124120062193e+01
2.449751421921193134e-02 1.244451160207862372e+01
2.462149841653820878e-02 1.243946252877701397e+01
2.474548261386448622e-02 1.237221318807486803e+01
2.486946681119076019e-02 1.223093962086364606e+01
2.499345100851704110e-02 1.202454255481383605e+01
2.511743520584331854e-02 1.177112356839635687e+01
2.524141940316959251e-02 1.148644568006086253e+01
2.536540360049586995e-02 1.118068878226719676e+01
2.548938779782215086e-02 1.086292986282869499e+01
2.561337199514842483e-02 1.054689466970678957e+01
2.573735619247470227e-02 1.025295362012253264e+01
2.586134038980097624e-02 1.000607480561358287e+01
2.598532458712725715e-02 9.831749806941463277e+00
2.610930878445353459e-02 9.751082514449374017e+00
2.623329298177980856e-02 9.775551674829458193e+00
2.635727717910608600e-02 9.903059149524510829e+00
2.648126137643236691e-02 1.011782626164342425e+01
2.660524557375864435e-02 1.039520904240013444e+01
2.672922977108492179e-02 1.070909722961457966e+01
2.685321396841119576e-02 1.103723195476874785e+01
2.697719816573747320e-02 1.136121271148275369e+01
2.710118236306375758e-02 1.166281132135917531e+01
2.722516656039002461e-02 1.192240570765442165e+01
2.734915075771630205e-02 1.212417261559003023e+01
2.747313495504258296e-02 1.226599247723082442e+01
2.759711915236886040e-02 1.236584350110549657e+01
2.772110334969513784e-02 1.245742087209986337e+01
2.784508754702141181e-02 1.257562560600427126e+01
2.796907174434768925e-02 1.274018309375084179e+01
2.809305594167397016e-02 1.294641135603237458e+01
2.821704013900024760e-02 1.316668607360233167e+01
2.834102433632652504e-02 1.336014858672530181e+01
2.846500853365279901e-02 1.348559848716121934e+01
2.858899273097907298e-02 1.351276246259032021e+01
2.871297692830535389e-02 1.342844978878337869e+01
2.883696112563162786e-02 1.323627143159620090e+01
2.896094532295790530e-02 1.295150500378441016e+01
2.908492952028418621e-02 1.259448312265362269e+01
2.920891371761046018e-02 1.218496311857616732e+01
2.933289791493673762e-02 1.173785462969915194e+01
2.945688211226301853e-02 1.126052424703784816e+01
2.958086630958929597e-02 1.075359450317080068e+01
2.970485050691556647e-02 1.021698318701111674e+01
2.982883470424184044e-02 9.658984995891934489e+00
2.995281890156812135e-02 9.102238566147196508e+00
3.007680309889440226e-02 8.581723988873315889e+00
3.020078729622067623e-02 8.136093689607585944e+00
3.032477149354695367e-02 7.798304584145266283e+00
3.044875569087322764e-02 7.590046663338780419e+00
3.057273988819951202e-02 7.519603900340885438e+00
3.069672408552578946e-02 7.580924536829094507e+00
3.082070828285206343e-02 7.754518108847359592e+00
3.094469248017833393e-02 8.013261121700749001e+00
3.106867667750461831e-02 8.333277601577840699e+00
3.119266087483089228e-02 8.703861524728818466e+00
3.131664507215716625e-02 9.128306307516456997e+00
3.144062926948344716e-02 9.613438509487950867e+00
3.156461346680972807e-02 1.015495758001592463e+01
3.168859766413600204e-02 1.072974413714894482e+01
3.181258186146227601e-02 1.130149993925908802e+01
3.193656605878854998e-02 1.183686378418713403e+01
3.206055025611483089e-02 1.232261361770414609e+01
3.218453445344111180e-02 1.277394905436117689e+01
3.230851865076738577e-02 1.322789442428352835e+01
3.243250284809365974e-02 1.372248233145006857e+01
3.255648704541994065e-02 1.427011833457294898e+01
3.268047124274621462e-02 1.483936728910205183e+01
3.280445544007249553e-02 1.535819645788013865e+01
3.292843963739876950e-02 1.574089863480612550e+01
3.305242383472505041e-02 1.592576659544338291e+01
3.317640803205132438e-02 1.590217474899495187e+01
3.330039222937759835e-02 1.571155362800368671e+01
3.342437642670387926e-02 1.542323554394223351e+01
3.354836062403015323e-02 1.510117091226237207e+01
3.367234482135643414e-02 1.478072925600221588e+01
3.379632901868271505e-02 1.446573902853498339e+01
3.392031321600898208e-02 1.414273041466582193e+01
3.404429741333526299e-02 1.380089440299652637e+01
3.416828161066153696e-02 1.344589456109954462e+01
3.429226580798781787e-02 1.310113904638953208e+01
3.441625000531410572e-02 1.279735707498168118e+01
3.454023420264036581e-02 1.255714142950588652e+01
3.466421839996664672e-02 1.238360841941022095e+01
3.478820259729292763e-02 1.226045536629879962e+01
3.491218679461920160e-02 1.216462185630486381e+01
3.503617099194548251e-02 1.208480628214337571e+01
3.516015518927175648e-02 1.203390885494422768e+01
3.528413938659803045e-02 1.204574086219317763e+01
3.540812358392431136e-02 1.215643470570971907e+01
3.553210778125059227e-02 1.238256639993401365e+01
3.565609197857687318e-02 1.271156305796252184e+01
3.578007617590314715e-02 1.311116160920568952e+01
3.590406037322941418e-02 1.354977254570161982e+01
3.602804457055569509e-02 1.401120674214560680e+01
3.615202876788196906e-02 1.449290163698760203e+01
3.627601296520824997e-02 1.499157121352807387e+01
3.639999716253453088e-02 1.549107000804630907e+01
3.652398135986079791e-02 1.596501648877284651e+01
3.664796555718707882e-02 1.639373635972081900e+01
3.677194975451336667e-02 1.678240752054343332e+01
3.689593395183964064e-02 1.716492742643074720e+01
3.701991814916591461e-02 1.758718919705644623e+01
3.714390234649218164e-02 1.807679196706504854e+01
3.726788654381846255e-02 1.861481859071436062e+01
3.739187074114474346e-02 1.912524431672459357e+01
3.751585493847101743e-02 1.949017752682380689e+01
3.763983913579729834e-02 1.958777171514828197e+01
3.776382333312357925e-02 1.933827381298005221e+01
3.788780753044985322e-02 1.873787967669038679e+01
3.801179172777613413e-02 1.786463428882971627e+01
3.813577592510240810e-02 1.685402856703882435e+01
3.825976012242868207e-02 1.585588904682465028e+01
3.838374431975496298e-02 1.499077537547719352e+01
3.850772851708123001e-02 1.432214826683747688e+01
3.863171271440751092e-02 1.385314994072560957e+01
3.875569691173379183e-02 1.354648194561788443e+01
3.887968110906006580e-02 1.335524320985897617e+01
3.900366530638635365e-02 1.324740370454916061e+01
3.912764950371262068e-02 1.321222047877759387e+01
3.925163370103890159e-02 1.325099109508244588e+01
3.937561789836518250e-02 1.336607303226831434e+01
3.949960209569144953e-02 1.356068538361411058e+01
3.962358629301773044e-02 1.384857846412589666e+01
3.974757049034401135e-02 1.426011949269927648e+01
3.987155468767027838e-02 1.483281610645732052e+01
3.999553888499655929e-02 1.558923378773565460e+01
4.011952308232283326e-02 1.651855090389414471e+01
4.024350727964912111e-02 1.757546947691553996e+01
4.036749147697540202e-02 1.869460594236638684e+01
4.049147567430166905e-02 1.980678383202625170e+01
4.061545987162794302e-02 2.084760414595814737e+01
4.073944406895422393e-02 2.176155914408405678e+01
4.086342826628049790e-02 2.251037309628367211e+01
4.098741246360677881e-02 2.308597566263052414e+01
4.111139666093304584e-02 2.351733241368067340e+01
4.123538085825932675e-02 2.386052680072166154e+01
4.135936505558561460e-02 2.417409184393220301e+01
4.148334925291188857e-02 2.449409398401478910e+01
4.160733345023816948e-02 2.482396796576867359e+01
4.173131764756445039e-02 2.514288971560568342e+01
4.185530184489071048e-02 2.542388693257135301e+01
4.197928604221699139e-02 2.564853566918485583e+01
4.210327023954326536e-02 2.581024845549474023e+01
4.222725443686954627e-02 2.590687316308311594e+01
4.235123863419582718e-02 2.592905495981738184e+01
4.247522283152209421e-02 2.585163554468422475e+01
4.259920702884838206e-02 2.563333912326552522e+01
4.272319122617466297e-02 2.522689436590200529e+01
4.284717542350093694e-02 2.459720397241814638e+01
4.297115962082721785e-02 2.373963360006580814e+01
4.309514381815347794e-02 2.268779988044677509e+01
4.321912801547975885e-02 2.150457174735166888e+01
4.334311221280603976e-02 2.026005991627731362e+01
4.346709641013231373e-02 1.900893561978563184e+01
4.359108060745859464e-02 1.777985928972981711e+01
4.371506480478488249e-02 1.658199797823111865e+01
4.383904900211114952e-02 1.542319695148197312e+01
4.396303319943743043e-02 1.432782706578523069e+01
4.408701739676370440e-02 1.334331584994963826e+01
4.421100159408998531e-02 1.253219110634378097e+01
4.433498579141625928e-02 1.195588097374817238e+01
4.445896998874252631e-02 1.166050080328647276e+01
4.458295418606880722e-02 1.167039859209140573e+01
4.470693838339508813e-02 1.198689520353823568e+01
4.483092258072136904e-02 1.258589816702441233e+01
4.495490677804764995e-02 1.341281920348520629e+01
4.507889097537391698e-02 1.438132421299205888e+01
4.520287517270019789e-02 1.538442770941327353e+01
4.532685937002647880e-02 1.631859701155736531e+01
4.545084356735275277e-02 1.711052916610218588e+01
4.557482776467902674e-02 1.773257325363790926e+01
4.569881196200530071e-02 1.819971411029051822e+01
4.582279615933157468e-02 1.855188676364055311e+01
4.594678035665785559e-02 1.883126852387944794e+01
4.607076455398413650e-02 1.906283148812927308e+01
4.619474875131041741e-02 1.924235491203376114e+01
4.631873294863669832e-02 1.933389237233042124e+01
4.644271714596296535e-02 1.927821883479059295e+01
4.656670134328924626e-02 1.901194140592370374e+01
4.669068554061552717e-02 1.849255721355799764e+01
4.681466973794179420e-02 1.772037203757859203e+01
4.693865393526807511e-02 1.674755898651241992e+01
4.706263813259434214e-02 1.566911684793380388e+01
4.718662232992062999e-02 1.459827108358045678e+01
4.731060652724691090e-02 1.363615964252620216e+01
4.743459072457318487e-02 1.284841309171196500e+01
4.755857492189946578e-02 1.225739817805842691e+01
4.768255911922573975e-02 1.185047847914207608e+01
4.780654331655201372e-02 1.159712947957887152e+01
4.793052751387828769e-02 1.146577291100134133e+01
4.805451171120456166e-02 1.143470046079858982e+01
4.817849590853084257e-02 1.149644716009928835e+01
4.830248010585713042e-02 1.165780180944530642e+01
4.842646430318339745e-02 1.193783646007698884e+01
4.855044850050967836e-02 1.236560758564190188e+01
4.867443269783595927e-02 1.297874422740141753e+01
4.879841689516223324e-02 1.382352176565913382e+01
4.892240109248851415e-02 1.495507147788001134e+01
4.904638528981478118e-02 1.643310142085316627e+01
4.917036948714105515e-02 1.830622656199419396e+01
4.929435368446733606e-02 2.058078451963595867e+01
4.941833788179361003e-02 2.318048307141688014e+01
4.954232207911989788e-02 2.591773571323177450e+01
4.966630627644617185e-02 2.850443311703338267e+01
4.979029047377244582e-02 3.061689572189422393e+01
4.991427467109872673e-02 3.199807672919641988e+01
5.003825886842500070e-02 3.255045985896428107e+01
5.016224306575128161e-02 3.237097218930295384e+01
5.028622726307755558e-02 3.170960097280378420e+01
5.041021146040382261e-02 3.087348597227907732e+01
5.053419565773010352e-02 3.011957488093310431e+01
5.065817985505639137e-02 2.957426027573281857e+01
5.078216405238266534e-02 2.920228909292550057e+01
5.090614824970894625e-02 2.883296091363807889e+01
5.103013244703521328e-02 2.823728581473549326e+01
5.115411664436149419e-02 2.722994522502945713e+01
5.127810084168777510e-02 2.575299590966315222e+01
5.140208503901404907e-02 2.390218542002758539e+01
5.152606923634032998e-02 2.188660286239847608e+01
5.165005343366659701e-02 1.994924320353353409e+01
5.177403763099287792e-02 1.829275160979395665e+01
5.189802182831915883e-02 1.704121347550827892e+01
5.202200602564543280e-02 1.623998046046956389e+01
5.214599022297171371e-02 1.587423741036775837e+01
5.226997442029798768e-02 1.588504105565625402e+01
5.239395861762426165e-02 1.617420517884963616e+01
5.251794281495054256e-02 1.660424985056249625e+01
5.264192701227682347e-02 1.700661236343935201e+01
5.276591120960309744e-02 1.720699877916609566e+01
5.288989540692937141e-02 1.706438958503788328e+01
5.301387960425564538e-02 1.650811013336072719e+01
5.313786380158193323e-02 1.555461925671542645e+01
5.326184799890820026e-02 1.429537523498214036e+01
5.338583219623448117e-02 1.286276194932785089e+01
5.350981639356074820e-02 1.139117929989423672e+01
5.363380059088702217e-02 9.988714518936957276e+00
5.375778478821330308e-02 8.725080328048862910e+00
5.388176898553958399e-02 7.632499390561909181e+00
5.400575318286585796e-02 6.713094970587652810e+00
5.412973738019213887e-02 5.947873050390947824e+00
5.425372157751841978e-02 5.304877183248467354e+00
5.437770577484468681e-02 4.745766570771845494e+00
5.450168997217097466e-02 4.231199791277441058e+00
5.462567416949724863e-02 3.726213112511562286e+00
5.474965836682351567e-02 3.206509064150651955e+00
5.487364256414979657e-02 2.664737625148547284e+00
5.499762676147606361e-02 2.113648301658890283e+00
5.512161095880235145e-02 1.582769583701619576e+00
5.524559515612863236e-02 1.108223660485118112e+00
5.536957935345491327e-02 7.196625597706967081e-01
5.549356355078118030e-02 4.305470039896384105e-01
5.561754774810746815e-02 2.360261737174231544e-01
5.574153194543373518e-02 1.180519502842127949e-01
5.586551614276000916e-02 5.368616944832305116e-02
5.598950034008629006e-02 2.213751694300570075e-02
5.611348453741255710e-02 8.258602919126780198e-03
5.623746873473884494e-02 2.782343396552160956e-03
5.636145293206511891e-02 8.452747509475366013e-04
5.648543712939140676e-02 2.312784929027518076e-04
5.660942132671768073e-02 5.693471811245322381e-05
5.673340552404396164e-02 1.259933080026697434e-05
5.685738972137022867e-02 2.504527286667248083e-06
5.698137391869650958e-02 4.469274865117935907e-07
5.710535811602278355e-02 7.155655868341044951e-08
5.722934231334905752e-02 1.028431257388163157e-08
5.735332651067533843e-02 1.416716370919474329e-09
5.747731070800161240e-02 9.231046914035995126e-10
5.760129490532790025e-02 5.654041685630214028e-09
5.772527910265416728e-02 3.698946777499657483e-08
5.784926329998045513e-02 2.176623532239790599e-07
5.797324749730672216e-02 1.149647282592419464e-06
5.809723169463301001e-02 5.453839403533377583e-06
5.822121589195927704e-02 2.325669947361975424e-05
5.834520008928554408e-02 8.923193646293349783e-05
5.846918428661183192e-02 3.084031005862946186e-04
5.859316848393811283e-02 9.614845576596894481e-04
5.871715268126437987e-02 2.708395269033510907e-03
5.884113687859066077e-02 6.907157637276574967e-03
5.896512107591694168e-02 1.598679405085171035e-02
5.908910527324321565e-02 3.368089963559324496e-02
5.921308947056950350e-02 6.482322656104409775e-02
5.933707366789577053e-02 1.144724637966618580e-01
5.946105786522205144e-02 1.864590785927472405e-01
5.958504206254832541e-02 2.819043171315834262e-01
5.970902625987459938e-02 3.985034297419055016e-01
5.983301045720088029e-02 5.310973656337864002e-01
5.995699465452715426e-02 6.733707862319577853e-01
6.008097885185343517e-02 8.198919474476732416e-01
6.020496304917970914e-02 9.676153362328820950e-01
6.032894724650599005e-02 1.116425843784995653e+00
6.045293144383226402e-02 1.268917416164011547e+00
6.057691564115854493e-02 1.429944144981863063e+00
6.070089983848481197e-02 1.606412223504927850e+00
6.082488403581108594e-02 1.807398871156657760e+00
6.094886823313736685e-02 2.044161584466367643e+00
6.107285243046364775e-02 2.329152085736721389e+00
6.119683662778993560e-02 2.673108310321893999e+00
6.132082082511620263e-02 3.080015939087457966e+00
6.144480502244248354e-02 3.541208790698242126e+00
6.156878921976875751e-02 4.031445227205480819e+00
6.169277341709503842e-02 4.510256260308312726e+00
6.181675761442131239e-02 4.930209509086035169e+00
6.194074181174759330e-02 5.250171417172956545e+00
6.206472600907386034e-02 5.448077513671389482e+00
6.218871020640014124e-02 5.526863158773855922e+00
6.231269440372642215e-02 5.510456550375288032e+00
6.243667860105269612e-02 5.432401119784223908e+00
6.256066279837897703e-02 5.323732619361002172e+00
6.268464699570523713e-02 5.206085907033548565e+00
6.280863119303153885e-02 5.091404844064279622e+00
6.293261539035781282e-02 4.985162805348264392e+00
6.305659958768408679e-02 4.889212011268738500e+00
6.318058378501036076e-02 4.802935672278621837e+00
6.330456798233662086e-02 4.723911189440531899e+00
6.342855217966292258e-02 4.649327631120774740e+00
6.355253637698918268e-02 4.577715128341588446e+00
6.367652057431547052e-02 4.509570346699611321e+00
6.380050477164173062e-02 4.446275266545033134e+00
6.392448896896801847e-02 4.388243886928131943e+00
6.404847316629430631e-02 4.333914407426385118e+00
6.417245736362058028e-02 4.280498584078433311e+00
6.429644156094685425e-02 4.225944116165344155e+00
6.442042575827311435e-02 4.170489284656578199e+00
6.454440995559940220e-02 4.116390093362009672e+00
6.466839415292567617e-02 4.065891942987502006e+00
6.479237835025196401e-02 4.019150355736145208e+00
6.491636254757822411e-02 3.974020244652523015e+00
6.504034674490451196e-02 3.927996724065478507e+00
6.516433094223079980e-02 3.880523684134047802e+00
6.528831513955707377e-02 3.833442365875094016e+00
6.541229933688334774e-02 3.789090190719524021e+00
6.553628353420962172e-02 3.747845255983663026e+00
6.566026773153589569e-02 3.707503466379034052e+00
6.578425192886216966e-02 3.665161802778341915e+00
6.590823612618845750e-02 3.619886576080040275e+00
6.603222032351471760e-02 3.573656041024217966e+00
6.615620452084101932e-02 3.529644853689179129e+00
6.628018871816729329e-02 3.489387071691857134e+00
6.640417291549355339e-02 3.451405645440006165e+00
6.652815711281984123e-02 3.412552654497384985e+00
6.665214131014611521e-02 3.370815376248426531e+00
6.677612550747240305e-02 3.327017357191059510e+00
6.690010970479866315e-02 3.283904790982096866e+00
6.702409390212493712e-02 3.243542257382107330e+00
6.714807809945121109e-02 3.205452682625640648e+00
6.727206229677749894e-02 3.167146980850416682e+00
6.739604649410378678e-02 3.126429623390617252e+00
6.752003069143006075e-02 3.083298962258949505e+00
6.764401488875633472e-02 3.039778599492187094e+00
6.776799908608260870e-02 2.997997011903067222e+00
6.789198328340888267e-02 2.958359977818653785e+00
6.801596748073517051e-02 2.919394086312706360e+00
6.813995167806144448e-02 2.879201008167175502e+00
6.826393587538770458e-02 2.837068915069120845e+00
6.838792007271399243e-02 2.793846345522635666e+00
6.851190427004026640e-02 2.750955152569943163e+00
6.863588846736655424e-02 2.709110747758835203e+00
6.875987266469282821e-02 2.667877066943607378e+00
6.888385686201911606e-02 2.626241114603697024e+00
6.900784105934537616e-02 2.583493475839865994e+00
6.913182525667165013e-02 2.539650411314679612e+00
6.925580945399793797e-02 2.495255061172349631e+00
6.937979365132419807e-02 2.450902126201169651e+00
6.950377784865049979e-02 2.406867055360309759e+00
6.962776204597675989e-02 2.363000044633971175e+00
6.975174624330303386e-02 2.318864962031951915e+00
6.987573044062932170e-02 2.274013632597412737e+00
6.999971463795559568e-02 2.228237727805403079e+00
7.012369883528188352e-02 2.181657206967955176e+00
7.024768303260815749e-02 2.134608135787680716e+00
7.037166722993441759e-02 2.087413361877560547e+00
7.049565142726070543e-02 2.040168803649731188e+00
7.061963562458697941e-02 1.992656554271644342e+00
7.074361982191325338e-02 1.944451194102075897e+00
7.086760401923954122e-02 1.895202336722144443e+00
7.099158821656580132e-02 1.844926773400341613e+00
7.111557241389208917e-02 1.794048587730661559e+00
7.123955661121836314e-02 1.743078375386797330e+00
7.136354080854465098e-02 1.692163642660992950e+00
7.148752500587092495e-02 1.640911866060045243e+00
7.161150920319719893e-02 1.588660414534912135e+00
7.173549340052347290e-02 1.534969329324195053e+00
7.185947759784973299e-02 1.479937747871392428e+00
7.198346179517603471e-02 1.424104300385668598e+00
7.210744599250230868e-02 1.368000749689306961e+00
7.223143018982858266e-02 1.311678080054853535e+00
7.235541438715485663e-02 1.254587397331701215e+00
7.247939858448113060e-02 1.195990578431675333e+00
7.260338278180741844e-02 1.135656965441835142e+00
7.272736697913369242e-02 1.074290144180460205e+00
7.285135117645996639e-02 1.013286449737205386e+00
7.297533537378624036e-02 9.540196846398596442e-01
7.309931957111251433e-02 8.973315866179256695e-01
7.322330376843880217e-02 8.437432017094520509e-01
7.334728796576507615e-02 7.941774451269930646e-01
7.347127216309136399e-02 7.504046183763345423e-01
7.359525636041763796e-02 7.146014813983564418e-01
7.371924055774389806e-02 6.882178964380468722e-01
7.384322475507018591e-02 6.710182570872256225e-01
7.396720895239645988e-02 6.610802726763265191e-01
7.409119314972274772e-02 6.557813378148472649e-01
7.421517734704902169e-02 6.530565107308561323e-01
7.433916154437528179e-02 6.520792969019439944e-01
7.446314574170156964e-02 6.530421374924271216e-01
7.458712993902784361e-02 6.564304237100692108e-01
7.471111413635413145e-02 6.625291568624159799e-01
7.483509833368040542e-02 6.716191738143535428e-01
7.495908253100666552e-02 6.846348806700730538e-01
7.508306672833295337e-02 7.035426063959685505e-01
7.520705092565922734e-02 7.308497993316175334e-01
7.533103512298551518e-02 7.684016209667159369e-01
7.545501932031177528e-02 8.163054664982526409e-01
7.557900351763806313e-02 8.727916366073645849e-01
7.570298771496433710e-02 9.350809662650710896e-01
7.582697191229061107e-02 1.000558220734291348e+00
7.595095610961689891e-02 1.067403933616524192e+00
7.607494030694317289e-02 1.134381466834275987e+00
7.619892450426944686e-02 1.200214483611659499e+00
7.632290870159572083e-02 1.263318532320295340e+00
7.644689289892199480e-02 1.322282980658502805e+00
7.657087709624828264e-02 1.376701135152815780e+00
7.669486129357455662e-02 1.427450418715153546e+00
7.681884549090083059e-02 1.475942969774282298e+00
7.694282968822710456e-02 1.522927765090538177e+00
7.706681388555337853e-02 1.568008197232607648e+00
7.719079808287966638e-02 1.610361716224991468e+00
7.731478228020594035e-02 1.649849982455470876e+00
7.743876647753221432e-02 1.687282128553147187e+00
7.756275067485850216e-02 1.723592347997370711e+00
7.768673487218476226e-02 1.758946348623059652e+00
7.781071906951105011e-02 1.792798252511019541e+00
7.793470326683732408e-02 1.824723475440273024e+00
7.805868746416359805e-02 1.854964584923120663e+00
7.818267166148988589e-02 1.884089266143504471e+00
7.830665585881614599e-02 1.912288582301940876e+00
7.843064005614243384e-02 1.939213983889535919e+00
7.855462425346870781e-02 1.964508337729931498e+00
7.867860845079499565e-02 1.988341597305949060e+00
7.880259264812126963e-02 2.011306733852806783e+00
7.892657684544752972e-02 2.033801786778416609e+00
7.905056104277381757e-02 2.055590825182142201e+00
7.917454524010009154e-02 2.076033404649689995e+00
7.929852943742637938e-02 2.094774770239081985e+00
7.942251363475265336e-02 2.112201374467847614e+00
7.954649783207892733e-02 2.129157915985167460e+00
7.967048202940520130e-02 2.146143547874948876e+00
7.979446622673147527e-02 2.162776727464202686e+00
7.991845042405776312e-02 2.178119436629216921e+00
8.004243462138403709e-02 2.191600016994325717e+00
8.016641881871031106e-02 2.203627102178220998e+00
8.029040301603658503e-02 2.215262335269045924e+00
8.041438721336285900e-02 2.227257126555231004e+00
8.053837141068914685e-02 2.239377024308403019e+00
8.066235560801542082e-02 2.250628746995503082e+00
8.078633980534169479e-02 2.260152874096202247e+00
8.091032400266796876e-02 2.267990696570223896e+00
8.103430819999424273e-02 2.275085327185711215e+00
8.115829239732053058e-02 2.282502227392451566e+00
8.128227659464680455e-02 2.290479160464172992e+00
8.140626079197307852e-02 2.298127298346201108e+00
8.153024498929936636e-02 2.304159970263806478e+00
8.165422918662562646e-02 2.308112283519924368e+00
8.177821338395191431e-02 2.310906875518352166e+00
8.190219758127818828e-02 2.314085447121170702e+00
8.202618177860446225e-02 2.318333005413445225e+00
8.215016597593075010e-02 2.322766945747361866e+00
8.227415017325701019e-02 2.325794856686113743e+00
8.239813437058329804e-02 2.326719133593854405e+00
8.252211856790957201e-02 2.326433756799314967e+00
8.264610276523584598e-02 2.326498490261286634e+00
8.277008696256213383e-02 2.327582059029061679e+00
8.289407115988839392e-02 2.328869194332528814e+00
8.301805535721468177e-02 2.328944651142772049e+00
8.314203955454095574e-02 2.327171123041041678e+00
8.326602375186724359e-02 2.324218873582026390e+00
8.339000794919351756e-02 2.321358276231241469e+00
8.351399214651979153e-02 2.319284355587929891e+00
8.363797634384606550e-02 2.317551677408412392e+00
8.376196054117233947e-02 2.315058261444663312e+00
8.388594473849862732e-02 2.311087263456938157e+00
8.400992893582490129e-02 2.305952792182750066e+00
8.413391313315117526e-02 2.300660849650216555e+00
8.425789733047744923e-02 2.295911596961123013e+00
8.438188152780372320e-02 2.291428579843245217e+00
8.450586572513001105e-02 2.286302024249669884e+00
8.462984992245628502e-02 2.279979928370451603e+00
8.475383411978255899e-02 2.272833901923322131e+00
8.487781831710883296e-02 2.265705193990841249e+00
8.500180251443510693e-02 2.258990124477374906e+00
8.512578671176139478e-02 2.252300420902673128e+00
8.524977090908766875e-02 2.244994906196553952e+00
8.537375510641394272e-02 2.236875685948811476e+00
8.549773930374023057e-02 2.228273699173831446e+00
8.562172350106649066e-02 2.219567643698001191e+00
8.574570769839277851e-02 2.210792213032187536e+00
8.586969189571905248e-02 2.201730872940975026e+00
8.599367609304532645e-02 2.192245621469242955e+00
8.611766029037161430e-02 2.182403319604845127e+00
8.624164448769787439e-02 2.172321739571584143e+00
8.636562868502416224e-02 2.162006078069357518e+00
8.648961288235043621e-02 2.151378156970868538e+00
8.661359707967671018e-02 2.140411131060097727e+00
8.673758127700299803e-02 2.129167373710706634e+00
8.686156547432925812e-02 2.117682378750723515e+00
8.698554967165554597e-02 2.105813045364235858e+00
8.710953386898181994e-02 2.093163590571331056e+00
8.723351806630809391e-02 2.079047886531122824e+00
8.735750226363438176e-02 2.062356242186519584e+00
8.748148646096065573e-02 2.041323796318150308e+00
8.760547065828692970e-02 2.013448411591625131e+00
8.772945485561320367e-02 1.975885468900979269e+00
8.785343905293947764e-02 1.926374846375841665e+00
8.797742325026576549e-02 1.864299665518403870e+00
8.810140744759203946e-02 1.791241354050145951e+00
8.822539164491831343e-02 1.710647210407956420e+00
8.834937584224458740e-02 1.626801351432697773e+00
8.847336003957087525e-02 1.543695007493249838e+00
8.859734423689714922e-02 1.464289608859828729e+00
8.872132843422343706e-02 1.390254502222605160e+00
8.884531263154969716e-02 1.322023442156061490e+00
8.896929682887597113e-02 1.259086771670642868e+00
8.909328102620225898e-02 1.200493358451862891e+00
8.921726522352853295e-02 1.145374667793695123e+00
8.934124942085480692e-02 1.093193111538064866e+00
8.946523361818109477e-02 1.043637467493081505e+00
8.958921781550735486e-02 9.964183277456613030e-01
8.971320201283364271e-02 9.512323299914060559e-01
8.983718621015993056e-02 9.078726211205647711e-01
8.996117040748619065e-02 8.662769400780305773e-01
9.008515460481247850e-02 8.264346261310172581e-01
9.020913880213873859e-02 7.882792781831280404e-01
9.033312299946502644e-02 7.516900127989454283e-01
9.045710719679130041e-02 7.165659269452411273e-01
9.058109139411757438e-02 6.828634840373905002e-01
9.070507559144386223e-02 6.505623941580057634e-01
9.082905978877012232e-02 6.196173633910003753e-01
9.095304398609641017e-02 5.899521049476151857e-01
9.107702818342268414e-02 5.614886496137644345e-01
9.120101238074898586e-02 5.341658418037764644e-01
9.132499657807524596e-02 5.079247139844406123e-01
9.144898077540151993e-02 4.826877921963091400e-01
9.157296497272779390e-02 4.583668198357558343e-01
9.169694917005406787e-02 4.348893608582433123e-01
9.182093336738034184e-02 4.122074887277574207e-01
9.194491756470662969e-02 3.902832915840526717e-01
9.206890176203290366e-02 3.690819308761858486e-01
9.219288595935917763e-02 3.485850860666980799e-01
9.231687015668546548e-02 3.287996269046392639e-01
9.244085435401172557e-02 3.097373730136024905e-01
9.256483855133801342e-02 2.913692220421349455e-01
9.268882274866428739e-02 2.735711425791899076e-01
9.281280694599056136e-02 2.560958332710707719e-01
9.293679114331683533e-02 2.386510550024627808e-01
9.306077534064312318e-02 2.211969339561393189e-01
9.318475953796939715e-02 2.044913410158042122e-01
9.330874373529567112e-02 1.906929535734711301e-01
9.343272793262195897e-02 1.836196835817747453e-01
9.355671212994821906e-02 1.882930371239044109e-01
9.368069632727452078e-02 2.097792087539899486e-01
9.380468052460078088e-02 2.518449664545424627e-01
9.392866472192705485e-02 3.161502119191575977e-01
9.405264891925334270e-02 4.023573475755781725e-01
9.417663311657960279e-02 5.088822299902445723e-01
9.430061731390589064e-02 6.335747834139194845e-01
9.442460151123216461e-02 7.737541320846837989e-01
9.454858570855845246e-02 9.256132082453074617e-01
9.467256990588472643e-02 1.083589019968662415e+00
9.479655410321100040e-02 1.240438638377469704e+00
9.492053830053727437e-02 1.388362934418814643e+00
9.504452249786354834e-02 1.520844019025383798e+00
9.516850669518982231e-02 1.634360698337551376e+00
9.529249089251611016e-02 1.729161613464984315e+00
9.541647508984238413e-02 1.808796009739622956e+00
9.554045928716865810e-02 1.878762888143415077e+00
9.566444348449494595e-02 1.945005920763153373e+00
9.578842768182120604e-02 2.012876984911493583e+00
9.591241187914750776e-02 2.086777871377938798e+00
9.603639607647376786e-02 2.170273741079445706e+00
9.616038027380004183e-02 2.266270261150420406e+00
9.628436447112631580e-02 2.376915420391900291e+00
9.640834866845258977e-02 2.503169322292718491e+00
9.653233286577887762e-02 2.644340895642443012e+00
9.665631706310515159e-02 2.798112673724857835e+00
9.678030126043143944e-02 2.961482309764465359e+00
9.690428545775769953e-02 3.132630481632061148e+00
9.702826965508400126e-02 3.313167915034338940e+00
9.715225385241026135e-02 3.509769075886675527e+00
9.727623804973654920e-02 3.734050808925394538e+00
9.740022224706282317e-02 3.999863728435097965e+00
9.752420644438908326e-02 4.318105662511745990e+00
9.764819064171535723e-02 4.690647154928638152e+00
9.777217483904164508e-02 5.106235781119018213e+00
9.789615903636791905e-02 5.541132782805251011e+00
9.802014323369420690e-02 5.965148600703159332e+00
9.814412743102048087e-02 6.350652859705192554e+00
9.826811162834675484e-02 6.680148697264975510e+00
9.839209582567304269e-02 6.948658907260980122e+00
9.851608002299930278e-02 7.160069943713233798e+00
9.864006422032559063e-02 7.319747431609495258e+00
9.876404841765185072e-02 7.427271347544633251e+00
9.888803261497813857e-02 7.472474481429735249e+00
9.901201681230441254e-02 7.435900898101761136e+00
9.913600100963068651e-02 7.292755559236139717e+00
9.925998520695698824e-02 7.018604375000105478e+00
9.938396940428324833e-02 6.595705286204639251e+00
9.950795360160953618e-02 6.019714377525337667e+00
9.963193779893579627e-02 5.305990857901622171e+00
9.975592199626208412e-02 4.492820544772703428e+00
9.987990619358835809e-02 3.637973889121369986e+00
1.000038903909146321e-01 2.807475215094050291e+00
1.001278745882409060e-01 2.060292570547984869e+00
1.002518587855671800e-01 1.435739864233694263e+00
1.003758429828934678e-01 9.487382184411445873e-01
1.004998271802197418e-01 5.931802095663916141e-01
1.006238113775460297e-01 3.496684116695428224e-01
1.007477955748722898e-01 1.933757121901182874e-01
1.008717797721985776e-01 9.973175634707187598e-02
1.009957639695248377e-01 4.766565308038967635e-02
1.011197481668511255e-01 2.098363528204537018e-02
1.012437323641773995e-01 8.462629274088671189e-03
1.013677165615036874e-01 3.112331530133844240e-03
1.014917007588299613e-01 1.039899299241476161e-03
1.016156849561562214e-01 3.147123708159031349e-04
1.017396691534825232e-01 8.606258103295366061e-05
1.018636533508087832e-01 2.122599737695167238e-05
1.019876375481350850e-01 4.714298110795316544e-06
1.021116217454613312e-01 9.417415283116469247e-07
1.022356059427876329e-01 1.690369071659190507e-07
1.023595901401138930e-01 2.724032023930210432e-08
1.024835743374401670e-01 3.938482212023467362e-09
1.026075585347664687e-01 5.106031715448050118e-10
1.027315427320927149e-01 5.932875820642596945e-11
1.028555269294190166e-01 6.175802071120394473e-12
1.029795111267452767e-01 5.757203415801316696e-13
1.031034953240715646e-01 4.804894121312465983e-14
1.032274795213978386e-01 3.589144129397225689e-15
1.033514637187241125e-01 2.398986187543108443e-16
1.034754479160503865e-01 1.434502505064623566e-17
1.035994321133766605e-01 7.672356509568922217e-19
1.037234163107029344e-01 3.669747017784813745e-20
1.038474005080292223e-01 1.569484238238408197e-21
1.039713847053555101e-01 6.001108436321115792e-23
1.040953689026817702e-01 2.051188839257795031e-24
1.042193531000080581e-01 6.266578733684351793e-26
1.043433372973343182e-01 1.711045371309181653e-27
1.044673214946606199e-01 4.175015969126009715e-29
1.045913056919868800e-01 9.102973067205360186e-31
1.047152898893131540e-01 1.773384443804551628e-32
1.048392740866394279e-01 3.086639023319665389e-34
1.049632582839657019e-01 4.799581561050651589e-36
1.050872424812920036e-01 6.666977648183793563e-38
1.052112266786182637e-01 8.272527540845473242e-40
1.053352108759445516e-01 9.168712726513018856e-42
1.054591950732708117e-01 9.076499571095262759e-44
1.055831792705970995e-01 8.025068453244750804e-46
1.057071634679233735e-01 6.336963783623886338e-48
1.058311476652496613e-01 4.468881688695112810e-50
1.059551318625759353e-01 2.814399800167854664e-52
1.060791160599022093e-01 1.582804235773283559e-54
1.062031002572284694e-01 7.948939860817593534e-57
1.063270844545547711e-01 3.564665584194769057e-59
1.064510686518810451e-01 1.427393525489998191e-61
1.065750528492073468e-01 5.103551515457232245e-64
1.066990370465335930e-01 1.629274693327197331e-66
1.068230212438598808e-01 4.644072056021560019e-69
1.069470054411861687e-01 1.181889275128675795e-71
1.070709896385124427e-01 2.685460372576725307e-74
1.071949738358387166e-01 5.447738135820784384e-77
1.073189580331649767e-01 9.866453705725693838e-80
1.074429422304912785e-01 1.595311946373724955e-82
1.075669264278175385e-01 2.302833038796109467e-85
1.076909106251438125e-01 2.967371959210919881e-88
1.078148948224701142e-01 3.307621984108444819e-91
1.079388790197963743e-01 0.000000000000000000e+00
1.080628632171226483e-01 0.000000000000000000e+00
1.081868474144489223e-01 0.000000000000000000e+00
1.083108316117752101e-01 0.000000000000000000e+00
1.084348158091014841e-01 0.000000000000000000e+00
1.085588000064277581e-01 0.000000000000000000e+00
1.086827842037540320e-01 0.000000000000000000e+00
1.088067684010803199e-01 0.000000000000000000e+00
1.089307525984065800e-01 0.000000000000000000e+00
1.090547367957328678e-01 0.000000000000000000e+00
1.091787209930591557e-01 0.000000000000000000e+00
1.093027051903854296e-01 0.000000000000000000e+00
1.094266893877116897e-01 0.000000000000000000e+00
1.095506735850379637e-01 0.000000000000000000e+00
1.096746577823642654e-01 0.000000000000000000e+00
1.097986419796905255e-01 0.000000000000000000e+00
1.099226261770168134e-01 0.000000000000000000e+00
1.100466103743430873e-01 0.000000000000000000e+00
1.101705945716693752e-01 0.000000000000000000e+00
1.102945787689956353e-01 0.000000000000000000e+00
1.104185629663219093e-01 0.000000000000000000e+00
1.105425471636482110e-01 0.000000000000000000e+00
1.106665313609744711e-01 0.000000000000000000e+00
1.107905155583007312e-01 0.000000000000000000e+00
1.109144997556270190e-01 0.000000000000000000e+00
1.110384839529533069e-01 0.000000000000000000e+00
1.111624681502795808e-01 0.000000000000000000e+00
1.112864523476058409e-01 0.000000000000000000e+00
1.114104365449321427e-01 0.000000000000000000e+00
1.115344207422584166e-01 0.000000000000000000e+00
1.116584049395846767e-01 0.000000000000000000e+00
1.117823891369109646e-01 0.000000000000000000e+00
1.119063733342372385e-01 0.000000000000000000e+00
1.120303575315635125e-01 0.000000000000000000e+00
1.121543417288897865e-01 0.000000000000000000e+00
1.122783259262160743e-01 0.000000000000000000e+00
1.124023101235423622e-01 0.000000000000000000e+00
1.125262943208686223e-01 0.000000000000000000e+00
1.126502785181948962e-01 0.000000000000000000e+00
1.127742627155211841e-01 0.000000000000000000e+00
1.128982469128474581e-01 0.000000000000000000e+00
1.130222311101737320e-01 0.000000000000000000e+00
1.131462153075000060e-01 0.000000000000000000e+00
1.132701995048262938e-01 0.000000000000000000e+00
1.133941837021525539e-01 0.000000000000000000e+00
1.135181678994788279e-01 0.000000000000000000e+00
1.136421520968051296e-01 0.000000000000000000e+00
1.137661362941314036e-01 0.000000000000000000e+00
1.138901204914576776e-01 0.000000000000000000e+00
1.140141046887839377e-01 0.000000000000000000e+00
1.141380888861102394e-01 0.000000000000000000e+00
1.142620730834365134e-01 0.000000000000000000e+00
1.143860572807627735e-01 0.000000000000000000e+00
1.145100414780890613e-01 0.000000000000000000e+00
1.146340256754153353e-01 0.000000000000000000e+00
1.147580098727415954e-01 0.000000000000000000e+00
1.148819940700678832e-01 0.000000000000000000e+00
1.150059782673941711e-01 0.000000000000000000e+00
1.151299624647204589e-01 0.000000000000000000e+00
1.152539466620467051e-01 0.000000000000000000e+00
1.153779308593729791e-01 0.000000000000000000e+00
1.155019150566992808e-01 0.000000000000000000e+00
1.156258992540255548e-01 0.000000000000000000e+00
1.157498834513518288e-01 0.000000000000000000e+00
1.158738676486781027e-01 0.000000000000000000e+00
1.159978518460043906e-01 0.000000000000000000e+00
1.161218360433306507e-01 0.000000000000000000e+00
1.162458202406569246e-01 0.000000000000000000e+00
1.163698044379832264e-01 0.000000000000000000e+00
1.164937886353095003e-01 0.000000000000000000e+00
1.166177728326357604e-01 0.000000000000000000e+00
1.167417570299620344e-01 0.000000000000000000e+00
1.168657412272883223e-01 0.000000000000000000e+00
1.169897254246145962e-01 0.000000000000000000e+00
1.171137096219408702e-01 0.000000000000000000e+00
1.172376938192671580e-01 0.000000000000000000e+00
1.173616780165934320e-01 0.000000000000000000e+00
1.174856622139196921e-01 0.000000000000000000e+00
1.176096464112459800e-01 0.000000000000000000e+00
1.177336306085722678e-01 0.000000000000000000e+00
1.178576148058985418e-01 0.000000000000000000e+00
1.179815990032248019e-01 0.000000000000000000e+00
1.181055832005510897e-01 0.000000000000000000e+00
1.182295673978773776e-01 0.000000000000000000e+00
1.183535515952036377e-01 0.000000000000000000e+00
1.184775357925299255e-01 0.000000000000000000e+00
1.186015199898561995e-01 0.000000000000000000e+00
1.187255041871824734e-01 0.000000000000000000e+00
1.188494883845087474e-01 0.000000000000000000e+00
1.189734725818350214e-01 0.000000000000000000e+00
1.190974567791613231e-01 0.000000000000000000e+00
1.192214409764875832e-01 0.000000000000000000e+00
1.193454251738138433e-01 0.000000000000000000e+00
1.194694093711401450e-01 0.000000000000000000e+00
1.195933935684664190e-01 0.000000000000000000e+00
1.197173777657926930e-01 0.000000000000000000e+00
1.198413619631189669e-01 0.000000000000000000e+00
1.199653461604452548e-01 0.000000000000000000e+00
1.200893303577715288e-01 0.000000000000000000e+00
1.202133145550977888e-01 0.000000000000000000e+00
1.203372987524240767e-01 0.000000000000000000e+00
1.204612829497503645e-01 0.000000000000000000e+00
1.205852671470766108e-01 0.000000000000000000e+00
1.207092513444028986e-01 0.000000000000000000e+00
1.208332355417291865e-01 0.000000000000000000e+00
1.209572197390554743e-01 0.000000000000000000e+00
1.210812039363817344e-01 0.000000000000000000e+00
1.212051881337080084e-01 0.000000000000000000e+00
1.213291723310342962e-01 0.000000000000000000e+00
1.214531565283605702e-01 0.000000000000000000e+00
1.215771407256868442e-01 0.000000000000000000e+00
1.217011249230131320e-01 0.000000000000000000e+00
1.218251091203394060e-01 0.000000000000000000e+00
1.219490933176656661e-01 0.000000000000000000e+00
1.220730775149919400e-01 0.000000000000000000e+00
1.221970617123182418e-01 0.000000000000000000e+00
1.223210459096445157e-01 0.000000000000000000e+00
1.224450301069707897e-01 0.000000000000000000e+00
1.225690143042970498e-01 0.000000000000000000e+00
1.226929985016233376e-01 0.000000000000000000e+00
1.228169826989496255e-01 0.000000000000000000e+00
1.229409668962758856e-01 0.000000000000000000e+00
1.230649510936021873e-01 0.000000000000000000e+00
1.231889352909284474e-01 0.000000000000000000e+00
1.233129194882547075e-01 0.000000000000000000e+00
1.234369036855809953e-01 0.000000000000000000e+00
1.235608878829072832e-01 0.000000000000000000e+00
1.236848720802335710e-01 0.000000000000000000e+00
1.238088562775598311e-01 0.000000000000000000e+00
1.239328404748861190e-01 0.000000000000000000e+00
1.240568246722123930e-01 0.000000000000000000e+00
1.241808088695386669e-01 0.000000000000000000e+00
1.243047930668649409e-01 0.000000000000000000e+00
1.244287772641912287e-01 0.000000000000000000e+00
1.245527614615175027e-01 0.000000000000000000e+00
1.246767456588437628e-01 9.439495224168345499e-94
1.248007298561700368e-01 3.676187409136642210e-88
1.249247140534963385e-01 3.086377566225094464e-85
1.250486982508226264e-01 2.305432318723163099e-82
1.251726824481488864e-01 1.537333712477274603e-79
1.252966666454751465e-01 9.151749668175859917e-77
1.254206508428014344e-01 4.863687402244109721e-74
1.255446350401276945e-01 2.307588499636638448e-71
1.256686192374540101e-01 9.774358455527932110e-69
1.257926034347802702e-01 3.696253221486351383e-66
1.259165876321065303e-01 1.247916471168902768e-63
1.260405718294328181e-01 3.761550598514332728e-61
1.261645560267591060e-01 1.012310245033000565e-58
1.262885402240853938e-01 2.432394318980926115e-56
1.264125244214116539e-01 5.218393783337009187e-54
1.265365086187379418e-01 9.996127699456855360e-52
1.266604928160642018e-01 1.709736236944388110e-49
1.267844770133904897e-01 2.611198660745015982e-47
1.269084612107167498e-01 3.561034553502202528e-45
1.270324454080430376e-01 4.336615574123428506e-43
1.271564296053693255e-01 4.716047939189481717e-41
1.272804138026955856e-01 4.580082960996865409e-39
1.274043980000218734e-01 3.972399985181269547e-37
1.275283821973481613e-01 3.077054809786025463e-35
1.276523663946744214e-01 2.128824821799199021e-33
1.277763505920007092e-01 1.315493458361719903e-31
1.279003347893269693e-01 7.261146891114746749e-30
1.280243189866532572e-01 3.580267503745628295e-28
1.281483031839795450e-01 1.577059008922264912e-26
1.282722873813057773e-01 6.206316484151880782e-25
1.283962715786320929e-01 2.182266626151298203e-23
1.285202557759583530e-01 6.856579109162990863e-22
1.286442399732846409e-01 1.925194726774529979e-20
1.287682241706109287e-01 4.831202965948921131e-19
1.288922083679371888e-01 1.083677388503534478e-17
1.290161925652634767e-01 2.173024959654781058e-16
1.291401767625897368e-01 3.895928773888174318e-15
1.292641609599160246e-01 6.246070124233324825e-14
1.293881451572423125e-01 8.956270864945137265e-13
1.295121293545685726e-01 1.148827387677284687e-11
1.296361135518948604e-01 1.318501813480814372e-10
1.297600977492211205e-01 1.354271273761054990e-09
1.298840819465474083e-01 1.245204244275325005e-08
1.300080661438736962e-01 1.025198838356935782e-07
1.301320503411999563e-01 7.560383043887009588e-07
1.302560345385262441e-01 4.995718982677070614e-06
1.303800187358525320e-01 2.958952394176992469e-05
1.305040029331787643e-01 1.571631928791868377e-04
1.306279871305050799e-01 7.489407445121545317e-04
1.307519713278313400e-01 3.203817803215395967e-03
1.308759555251576279e-01 1.231086390618356050e-02
1.309999397224839157e-01 4.252394205492595475e-02
1.311239239198101758e-01 1.321566670741823046e-01
1.312479081171364637e-01 3.699351145581359912e-01
1.313718923144627237e-01 9.339599960785851529e-01
1.314958765117890116e-01 2.130303551704010534e+00
1.316198607091152994e-01 4.399770771089976940e+00
1.317438449064415595e-01 8.252077771174926468e+00
1.318678291037678474e-01 1.410987422867651553e+01
1.319918133010941075e-01 2.210690154505017446e+01
1.321157974984203953e-01 3.194780809469003913e+01
1.322397816957466832e-01 4.293314919706359234e+01
1.323637658930729433e-01 5.414941419452033955e+01
1.324877500903992311e-01 6.468780490187707244e+01
1.326117342877254912e-01 7.372125551470875848e+01
1.327357184850517791e-01 8.040498381599084610e+01
1.328597026823780669e-01 8.377080898813296983e+01
1.329836868797043548e-01 8.285393975944255374e+01
1.331076710770306148e-01 7.711346207801538810e+01
1.332316552743569027e-01 6.691101722871906077e+01
1.333556394716831905e-01 5.367064496215025571e+01
1.334796236690094229e-01 3.951812905904176176e+01
1.336036078663357107e-01 2.656286248965851016e+01
1.337275920636619986e-01 1.623049275880279652e+01
1.338515762609882587e-01 8.986055637182527533e+00
1.339755604583145465e-01 4.497010787573190171e+00
1.340995446556408066e-01 2.030397820543294429e+00
1.342235288529671222e-01 8.258644686462086604e-01
1.343475130502933823e-01 3.022807685040406755e-01
1.344714972476196702e-01 9.946979509565138933e-02
1.345954814449459580e-01 2.940573581499951114e-02
1.347194656422721903e-01 7.804987433980008389e-03
1.348434498395984782e-01 1.859069019947945725e-03
1.349674340369247660e-01 3.972101851106230649e-04
1.350914182342510261e-01 7.610133348906574413e-05
1.352154024315773140e-01 1.307012193836246168e-05
1.353393866289036018e-01 2.012159243250572297e-06
1.354633708262298897e-01 2.810320273556325171e-07
1.355873550235561498e-01 5.910195097203834692e-08
1.357113392208824376e-01 1.568882667844311579e-07
1.358353234182087255e-01 8.473338253195574825e-07
1.359593076155349856e-01 4.207085877460087373e-06
1.360832918128612457e-01 1.877783536976887965e-05
1.362072760101875335e-01 7.537982638445318840e-05
1.363312602075138213e-01 2.724391514646228789e-04
1.364552444048400814e-01 8.876456128001795811e-04
1.365792286021663693e-01 2.611110415884012811e-03
1.367032127994926571e-01 6.947370420208037224e-03
1.368271969968189172e-01 1.675655509805851900e-02
1.369511811941452051e-01 3.673504958055648362e-02
1.370751653914714929e-01 7.343749948073508005e-02
1.371991495887977530e-01 1.344010794445085755e-01
1.373231337861240409e-01 2.262500703535931246e-01
1.374471179834503010e-01 3.523066297836637828e-01
1.375711021807765888e-01 5.108116700604856675e-01
1.376950863781028489e-01 6.948244695633458701e-01
1.378190705754291367e-01 8.940574337084119527e-01
1.379430547727554246e-01 1.097814746034356581e+00
1.380670389700816847e-01 1.297640909943697629e+00
1.381910231674079725e-01 1.488628775135789395e+00
1.383150073647342604e-01 1.669230815534502366e+00
1.384389915620605205e-01 1.840162754770310327e+00
1.385629757593868083e-01 2.003170960449769833e+00
1.386869599567130684e-01 2.160154597080450323e+00
1.388109441540393563e-01 2.312746425777957082e+00
1.389349283513656164e-01 2.462220985084857539e+00
1.390589125486919042e-01 2.609554088621988122e+00
1.391828967460181921e-01 2.755514401266554003e+00
1.393068809433444522e-01 2.900736950188968155e+00
1.394308651406707400e-01 3.045771075691813046e+00
1.395548493379970278e-01 3.191111061294406248e+00
1.396788335353233157e-01 3.337218171018386137e+00
1.398028177326495758e-01 3.484538005221822665e+00
1.399268019299758636e-01 3.633512730388289924e+00
1.400507861273021237e-01 3.784586403825249690e+00
1.401747703246283838e-01 3.938203212966572497e+00
1.402987545219546717e-01 4.094801068480968809e+00
1.404227387192809595e-01 4.254804775086482138e+00
1.405467229166072196e-01 4.418623208713379213e+00
1.406707071139335075e-01 4.586653290483740264e+00
1.407946913112597953e-01 4.759290277486551979e+00
1.409186755085860832e-01 4.936940390337630546e+00
1.410426597059123432e-01 5.120030062355239941e+00
1.411666439032386311e-01 5.309007476832145578e+00
1.412906281005649189e-01 5.504336184797566922e+00
1.414146122978911513e-01 5.706484872000832098e+00
1.415385964952174391e-01 5.915919189861631011e+00
1.416625806925437270e-01 6.133100973570274839e+00
1.417865648898699871e-01 6.358498188984955668e+00
1.419105490871962749e-01 6.592605632958590256e+00
1.420345332845225628e-01 6.835972228142789042e+00
1.421585174818488506e-01 7.089228100654732856e+00
1.422825016791751107e-01 7.353106540315564210e+00
1.424064858765013986e-01 7.628463067022040356e+00
1.425304700738276864e-01 7.916303196884954652e+00
1.426544542711539187e-01 8.217839137186283338e+00
1.427784384684802066e-01 8.534604206818379168e+00
1.429024226658064944e-01 8.868662923294483136e+00
1.430264068631327545e-01 9.222954859294391738e+00
1.431503910604590424e-01 9.601768374660100136e+00
1.432743752577853302e-01 1.001119095402515136e+01
1.433983594551116181e-01 1.045906209976510759e+01
1.435223436524378782e-01 1.095352570335679410e+01
1.436463278497641660e-01 1.149911044206398181e+01
1.437703120470904539e-01 1.209001292522136239e+01
1.438942962444167140e-01 1.270230839057703420e+01
1.440182804417429741e-01 1.328936606134573850e+01
1.441422646390692619e-01 1.378556135847737707e+01
1.442662488363955220e-01 1.412033978823624913e+01
1.443902330337218098e-01 1.423845942730941161e+01
1.445142172310480977e-01 1.411704890466384299e+01
1.446382014283743855e-01 1.377063304210215122e+01
1.447621856257006456e-01 1.324196111538913456e+01
1.448861698230269335e-01 1.258457391205283393e+01
1.450101540203532213e-01 1.184688694513092422e+01
1.451341382176794814e-01 1.106562955177622776e+01
1.452581224150057693e-01 1.027190228299927810e+01
1.453821066123320294e-01 9.509593959528656271e+00
1.455060908096582895e-01 8.863741522346112234e+00
1.456300750069845773e-01 8.492628296053162273e+00
1.457540592043108651e-01 8.649621026756125985e+00
1.458780434016371530e-01 9.671770557452665784e+00
1.460020275989634131e-01 1.191139845628525329e+01
1.461260117962897009e-01 1.560507576942211649e+01
1.462499959936159888e-01 2.071295768262062609e+01
1.463739801909422489e-01 2.680280264869593765e+01
1.464979643882685367e-01 3.306414047847443527e+01
1.466219485855947968e-01 3.849288891196252393e+01
1.467459327829210847e-01 4.219561681285790655e+01
1.468699169802473448e-01 4.368025666781381489e+01
1.469939011775736326e-01 4.299106496736746408e+01
1.471178853748999205e-01 4.062793265884356941e+01
1.472418695722261806e-01 3.731004529267220704e+01
1.473658537695524684e-01 3.371683352020131963e+01
1.474898379668787562e-01 3.032171723478699832e+01
1.476138221642050163e-01 2.735561575923948041e+01
1.477378063615313042e-01 2.486331370017483522e+01
1.478617905588575920e-01 2.278937367645881906e+01
1.479857747561838521e-01 2.104745881624798542e+01
1.481097589535101122e-01 1.955802804588473265e+01
1.482337431508364001e-01 1.826061345324678342e+01
1.483577273481626879e-01 1.711287390378802442e+01
1.484817115454889480e-01 1.608558809392660294e+01
1.486056957428152359e-01 1.515793132977315594e+01
1.487296799401415237e-01 1.431418005292682061e+01
1.488536641374677838e-01 1.354165831193162362e+01
1.489776483347940716e-01 1.282946782120244933e+01
1.491016325321203595e-01 1.216764840336701603e+01
1.492256167294466473e-01 1.154657416413524373e+01
1.493496009267728797e-01 1.095649930496286117e+01
1.494735851240991675e-01 1.038722205930585929e+01
1.495975693214254554e-01 9.827870097581891784e+00
1.497215535187517155e-01 9.266854835520661027e+00
1.498455377160780033e-01 8.692091066373006214e+00
1.499695219134042912e-01 8.091602556600079765e+00
1.500935061107305790e-01 7.454611766684814178e+00
1.502174903080568391e-01 6.773146521643680806e+00
1.503414745053831270e-01 6.044097219965014034e+00
1.504654587027094148e-01 5.271501245379079492e+00
1.505894429000356471e-01 4.468562832571385535e+00
1.507134270973619350e-01 3.658548591040164499e+00
1.508374112946882228e-01 2.873455192964166738e+00
1.509613954920144829e-01 2.149658269723081272e+00
1.510853796893407708e-01 1.520907225888618708e+00
1.512093638866670586e-01 1.010653897221356790e+00
1.513333480839933465e-01 6.267010815512831234e-01
1.514573322813196066e-01 3.605166944231739112e-01
1.515813164786458944e-01 1.913962720068340395e-01
1.517053006759721823e-01 9.334950661559995866e-02
1.518292848732984424e-01 4.166430476155668500e-02
1.519532690706247025e-01 1.696065377033605798e-02
1.520772532679509903e-01 6.279414616935124170e-03
1.522012374652772504e-01 2.109374311321801469e-03
1.523252216626035382e-01 6.416009650990589204e-04
1.524492058599298261e-01 1.764028900708045587e-04
1.525731900572561139e-01 4.377636527058896516e-05
1.526971742545823740e-01 9.793185340554196158e-06
1.528211584519086619e-01 1.972845234379088706e-06
1.529451426492349497e-01 3.575576946415950913e-07
1.530691268465612098e-01 5.825549831750248619e-08
1.531931110438874977e-01 8.526380320437752104e-09
1.533170952412137578e-01 1.120385193723715833e-09
1.534410794385400179e-01 1.321038669100099138e-10
1.535650636358663057e-01 1.397036385575495852e-11
1.536890478331925936e-01 1.324543655756176223e-12
1.538130320305188814e-01 1.125470306411092162e-13
1.539370162278451415e-01 8.567842916566688281e-15
1.540610004251714293e-01 5.841903698855186962e-16
1.541849846224977172e-01 3.566742388453710022e-17
1.543089688198239773e-01 1.949503818983629363e-18
1.544329530171502651e-01 9.537225584618643738e-20
1.545569372144765252e-01 4.175274915358264362e-21
1.546809214118027853e-01 1.635461520350675416e-22
1.548049056091290732e-01 5.730886390909405934e-24
1.549288898064553610e-01 1.796261084450078757e-25
1.550528740037816489e-01 5.035337556563739963e-27
1.551768582011079090e-01 1.262260936250053070e-28
1.553008423984341968e-01 2.829340549202021118e-30
1.554248265957604846e-01 5.670150979291499278e-32
1.555488107930867447e-01 1.015870620683604268e-33
1.556727949904130326e-01 1.626973691102863108e-35
1.557967791877393204e-01 2.329097037050254401e-37
1.559207633850655805e-01 2.980083603714921618e-39
1.560447475823918406e-01 3.407799921854102070e-41
1.561687317797181285e-01 3.482549716562435564e-43
1.562927159770444163e-01 3.180333356586550880e-45
1.564167001743706764e-01 2.595231066416641288e-47
1.565406843716969643e-01 1.892277479077171079e-49
1.566646685690232521e-01 1.232757248975071858e-51
1.567886527663495122e-01 7.175198484786640391e-54
1.569126369636758001e-01 3.731079805375475750e-56
1.570366211610021157e-01 1.733249113639307565e-58
1.571606053583283757e-01 7.192761476965283973e-61
1.572845895556546081e-01 2.666377942213233420e-63
1.574085737529808959e-01 8.829233167061189464e-66
1.575325579503071838e-01 2.611463664157039857e-68
1.576565421476334439e-01 6.899058086420822197e-71
1.577805263449597317e-01 1.627893803539907246e-73
1.579045105422860196e-01 3.430670043629021358e-76
1.580284947396122797e-01 6.457063864050399157e-79
1.581524789369385675e-01 1.085379357872808065e-81
1.582764631342648554e-01 1.629318090928950588e-84
1.584004473315911710e-01 2.184179498634939842e-87
1.585244315289173755e-01 2.579692382952074319e-90
1.586484157262436634e-01 0.000000000000000000e+00
1.587723999235699512e-01 0.000000000000000000e+00
1.588963841208962113e-01 0.000000000000000000e+00
1.590203683182224992e-01 0.000000000000000000e+00
1.591443525155487870e-01 0.000000000000000000e+00
1.592683367128750749e-01 0.000000000000000000e+00
1.593923209102013350e-01 0.000000000000000000e+00
1.595163051075276228e-01 0.000000000000000000e+00
1.596402893048539107e-01 0.000000000000000000e+00
1.597642735021801708e-01 0.000000000000000000e+00
1.598882576995064309e-01 0.000000000000000000e+00
1.600122418968327187e-01 0.000000000000000000e+00
1.601362260941589788e-01 0.000000000000000000e+00
1.602602102914852666e-01 0.000000000000000000e+00
1.603841944888115545e-01 0.000000000000000000e+00
1.605081786861378423e-01 0.000000000000000000e+00
1.606321628834641302e-01 0.000000000000000000e+00
1.607561470807903903e-01 0.000000000000000000e+00
1.608801312781166781e-01 0.000000000000000000e+00
1.610041154754429382e-01 0.000000000000000000e+00
1.611280996727692261e-01 0.000000000000000000e+00
1.612520838700954862e-01 0.000000000000000000e+00
1.613760680674217463e-01 0.000000000000000000e+00
1.615000522647480341e-01 0.000000000000000000e+00
1.616240364620743220e-01 0.000000000000000000e+00
1.617480206594006098e-01 0.000000000000000000e+00
1.618720048567268699e-01 0.000000000000000000e+00
1.619959890540531855e-01 0.000000000000000000e+00
1.621199732513794456e-01 0.000000000000000000e+00
1.622439574487057057e-01 0.000000000000000000e+00
1.623679416460319935e-01 0.000000000000000000e+00
1.624919258433582536e-01 0.000000000000000000e+00
1.626159100406845137e-01 0.000000000000000000e+00
1.627398942380108016e-01 0.000000000000000000e+00
1.628638784353371172e-01 0.000000000000000000e+00
1.629878626326633773e-01 0.000000000000000000e+00
1.631118468299896374e-01 0.000000000000000000e+00
1.632358310273159252e-01 0.000000000000000000e+00
1.633598152246422130e-01 0.000000000000000000e+00
1.634837994219684731e-01 0.000000000000000000e+00
1.636077836192947610e-01 0.000000000000000000e+00
1.637317678166210488e-01 0.000000000000000000e+00
1.638557520139472812e-01 0.000000000000000000e+00
1.639797362112735690e-01 0.000000000000000000e+00
1.641037204085998569e-01 0.000000000000000000e+00
1.642277046059261725e-01 0.000000000000000000e+00
1.643516888032524048e-01 0.000000000000000000e+00
1.644756730005786927e-01 0.000000000000000000e+00
1.645996571979049805e-01 0.000000000000000000e+00
1.647236413952312406e-01 0.000000000000000000e+00
1.648476255925575285e-01 0.000000000000000000e+00
1.649716097898838163e-01 0.000000000000000000e+00
1.650955939872100486e-01 0.000000000000000000e+00
1.652195781845363365e-01 0.000000000000000000e+00
1.653435623818626243e-01 0.000000000000000000e+00
1.654675465791889122e-01 0.000000000000000000e+00
1.655915307765152000e-01 0.000000000000000000e+00
1.657155149738414601e-01 0.000000000000000000e+00
1.658394991711677480e-01 0.000000000000000000e+00
1.659634833684940081e-01 0.000000000000000000e+00
1.660874675658202959e-01 0.000000000000000000e+00
1.662114517631465838e-01 0.000000000000000000e+00
1.663354359604728716e-01 0.000000000000000000e+00
1.664594201577991317e-01 0.000000000000000000e+00
1.665834043551253918e-01 0.000000000000000000e+00
1.667073885524516796e-01 0.000000000000000000e+00
1.668313727497779397e-01 0.000000000000000000e+00
1.669553569471042276e-01 0.000000000000000000e+00
1.670793411444305154e-01 0.000000000000000000e+00
1.672033253417567755e-01 0.000000000000000000e+00
1.673273095390830634e-01 0.000000000000000000e+00
1.674512937364093512e-01 0.000000000000000000e+00
1.675752779337356391e-01 0.000000000000000000e+00
1.676992621310618992e-01 0.000000000000000000e+00
1.678232463283881870e-01 0.000000000000000000e+00
1.679472305257144471e-01 0.000000000000000000e+00
1.680712147230407072e-01 0.000000000000000000e+00
1.681951989203669950e-01 0.000000000000000000e+00
1.683191831176932829e-01 0.000000000000000000e+00
1.684431673150195430e-01 0.000000000000000000e+00
1.685671515123458308e-01 0.000000000000000000e+00
1.686911357096721464e-01 0.000000000000000000e+00
1.688151199069984065e-01 0.000000000000000000e+00
1.689391041043246666e-01 0.000000000000000000e+00
1.690630883016509267e-01 0.000000000000000000e+00
1.691870724989772423e-01 0.000000000000000000e+00
1.693110566963034747e-01 0.000000000000000000e+00
1.694350408936297625e-01 0.000000000000000000e+00
1.695590250909560504e-01 0.000000000000000000e+00
1.696830092882823382e-01 0.000000000000000000e+00
1.698069934856085983e-01 0.000000000000000000e+00
1.699309776829348861e-01 0.000000000000000000e+00
1.700549618802612017e-01 0.000000000000000000e+00
1.701789460775874341e-01 0.000000000000000000e+00
1.703029302749137219e-01 0.000000000000000000e+00
1.704269144722399820e-01 0.000000000000000000e+00
1.705508986695662699e-01 0.000000000000000000e+00
1.706748828668925300e-01 0.000000000000000000e+00
1.707988670642188178e-01 0.000000000000000000e+00
1.709228512615451334e-01 0.000000000000000000e+00
1.710468354588713658e-01 0.000000000000000000e+00
1.711708196561976536e-01 0.000000000000000000e+00
1.712948038535239415e-01 0.000000000000000000e+00
1.714187880508502293e-01 0.000000000000000000e+00
1.715427722481764894e-01 0.000000000000000000e+00
1.716667564455027772e-01 0.000000000000000000e+00
1.717907406428290096e-01 0.000000000000000000e+00
1.719147248401552974e-01 0.000000000000000000e+00
1.720387090374815853e-01 0.000000000000000000e+00
1.721626932348078731e-01 0.000000000000000000e+00
1.722866774321341610e-01 0.000000000000000000e+00
1.724106616294604211e-01 0.000000000000000000e+00
1.725346458267867089e-01 0.000000000000000000e+00
1.726586300241129690e-01 0.000000000000000000e+00
1.727826142214392846e-01 0.000000000000000000e+00
1.729065984187655447e-01 0.000000000000000000e+00
1.730305826160917770e-01 0.000000000000000000e+00
1.731545668134180649e-01 0.000000000000000000e+00
1.732785510107443527e-01 0.000000000000000000e+00
1.734025352080706406e-01 0.000000000000000000e+00
1.735265194053969007e-01 0.000000000000000000e+00
1.736505036027232163e-01 0.000000000000000000e+00
1.737744878000494764e-01 0.000000000000000000e+00
1.738984719973757365e-01 0.000000000000000000e+00
1.740224561947020243e-01 0.000000000000000000e+00
1.741464403920283399e-01 0.000000000000000000e+00
1.742704245893546000e-01 0.000000000000000000e+00
1.743944087866808323e-01 0.000000000000000000e+00
1.745183929840071480e-01 0.000000000000000000e+00
1.746423771813334080e-01 0.000000000000000000e+00
1.747663613786596681e-01 0.000000000000000000e+00
1.748903455759859560e-01 0.000000000000000000e+00
1.750143297733122716e-01 0.000000000000000000e+00
1.751383139706385039e-01 0.000000000000000000e+00
1.752622981679647918e-01 0.000000000000000000e+00
1.753862823652910796e-01 0.000000000000000000e+00
1.755102665626173675e-01 0.000000000000000000e+00
1.756342507599436276e-01 0.000000000000000000e+00
1.757582349572698877e-01 0.000000000000000000e+00
1.758822191545962033e-01 0.000000000000000000e+00
1.760062033519224356e-01 0.000000000000000000e+00
1.761301875492487234e-01 0.000000000000000000e+00
1.762541717465750113e-01 0.000000000000000000e+00
1.763781559439013269e-01 0.000000000000000000e+00
1.765021401412275592e-01 0.000000000000000000e+00
1.766261243385538471e-01 0.000000000000000000e+00
1.767501085358801627e-01 0.000000000000000000e+00
1.768740927332063950e-01 0.000000000000000000e+00
1.769980769305326551e-01 0.000000000000000000e+00
1.771220611278589430e-01 0.000000000000000000e+00
1.772460453251852308e-01 0.000000000000000000e+00
1.773700295225114909e-01 0.000000000000000000e+00
1.774940137198377788e-01 0.000000000000000000e+00
1.776179979171640388e-01 0.000000000000000000e+00
1.777419821144903544e-01 0.000000000000000000e+00
1.778659663118166145e-01 0.000000000000000000e+00
1.779899505091429024e-01 0.000000000000000000e+00
1.781139347064691902e-01 0.000000000000000000e+00
1.782379189037954503e-01 0.000000000000000000e+00
1.783619031011217104e-01 0.000000000000000000e+00
1.784858872984479705e-01 0.000000000000000000e+00
1.786098714957742861e-01 0.000000000000000000e+00
1.787338556931005462e-01 0.000000000000000000e+00
1.788578398904268341e-01 0.000000000000000000e+00
1.789818240877530942e-01 0.000000000000000000e+00
1.791058082850794098e-01 0.000000000000000000e+00
1.792297924824056699e-01 0.000000000000000000e+00
1.793537766797319299e-01 0.000000000000000000e+00
1.794777608770582455e-01 0.000000000000000000e+00
1.796017450743845056e-01 0.000000000000000000e+00
1.797257292717107380e-01 0.000000000000000000e+00
1.798497134690370258e-01 0.000000000000000000e+00
1.799736976663633414e-01 0.000000000000000000e+00
1.800976818636896015e-01 0.000000000000000000e+00
1.802216660610158616e-01 0.000000000000000000e+00
1.803456502583421772e-01 0.000000000000000000e+00
1.804696344556684373e-01 0.000000000000000000e+00
1.805936186529946974e-01 0.000000000000000000e+00
1.807176028503209853e-01 0.000000000000000000e+00
1.808415870476473009e-01 0.000000000000000000e+00
1.809655712449735054e-01 0.000000000000000000e+00
1.810895554422997933e-01 0.000000000000000000e+00
1.812135396396260811e-01 0.000000000000000000e+00
1.813375238369523967e-01 0.000000000000000000e+00
1.814615080342786291e-01 0.000000000000000000e+00
1.815854922316049169e-01 0.000000000000000000e+00
1.817094764289312325e-01 0.000000000000000000e+00
1.818334606262574649e-01 0.000000000000000000e+00
1.819574448235837527e-01 0.000000000000000000e+00
1.820814290209100406e-01 0.000000000000000000e+00
1.822054132182363562e-01 0.000000000000000000e+00
