# eV, DoS, Note that this is averaged across each Si atom per cell
7.262734593535923717e-05 8.641613233908834388e-03
1.966115432616362705e-04 1.206203931394371313e-02
3.205957405879133310e-04 1.660797322510774998e-02
4.445799379141903373e-04 2.251651775186510815e-02
5.685641352404672893e-04 3.009627887175852015e-02
6.925483325667442956e-04 3.977612833735682391e-02
8.165325298930213018e-04 5.201563286963657023e-02
9.405167272192984165e-04 6.706767216406747667e-02
1.064500924545575206e-03 8.476974124869657290e-02
1.188485121871852429e-03 1.045895635564415699e-01
1.312469319198129435e-03 1.259527726959425720e-01
1.436453516524406442e-03 1.486057069787962148e-01
1.560437713850683665e-03 1.727235586276927026e-01
1.684421911176960671e-03 1.987428455508454539e-01
1.808406108503237677e-03 2.271747800106773130e-01
1.932390305829514900e-03 2.585934035769785200e-01
2.056374503155791907e-03 2.936653106354405462e-01
2.180358700482068479e-03 3.329543729554859111e-01
2.304342897808345485e-03 3.765346270829229014e-01
2.428327095134622492e-03 4.238206411902065707e-01
2.552311292460899498e-03 4.739481843597295185e-01
2.676295489787176504e-03 5.265163859364843102e-01
2.800279687113453510e-03 5.821164616864091812e-01
2.924263884439730517e-03 6.422807271383207395e-01
3.048248081766007523e-03 7.090963860004279029e-01
3.172232279092284529e-03 7.851373705080595400e-01
3.296216476418561536e-03 8.741933488690478704e-01
3.420200673744838975e-03 9.826758939341351251e-01
3.544184871071115982e-03 1.121035528755022881e+00
3.668169068397392988e-03 1.304373959294539587e+00
3.792153265723669561e-03 1.551618303971274537e+00
3.916137463049947434e-03 1.882836705742103822e+00
4.040121660376224007e-03 2.314482364799864467e+00
4.164105857702501447e-03 2.852985746749467033e+00
4.288090055028778887e-03 3.488439377694685817e+00
4.412074252355055459e-03 4.191398998604227266e+00
4.536058449681332032e-03 4.915604243165272891e+00
4.660042647007610339e-03 5.607049475495314184e+00
4.784026844333886044e-03 6.216478756520925408e+00
4.908011041660163484e-03 6.710203644939593204e+00
5.031995238986440057e-03 7.074606092851236205e+00
5.155979436312717497e-03 7.312713566528397102e+00
5.279963633638994069e-03 7.435456852063591526e+00
5.403947830965272377e-03 7.453471388136482467e+00
5.527932028291548949e-03 7.375330287477217084e+00
5.651916225617825522e-03 7.214041172605505814e+00
5.775900422944102094e-03 6.997373051353236839e+00
5.899884620270379534e-03 6.773188744481236867e+00
6.023868817596656974e-03 6.602113484714596581e+00
6.147853014922934414e-03 6.537003903404650984e+00
6.271837212249210987e-03 6.598100466117609919e+00
6.395821409575488427e-03 6.758346066240535244e+00
6.519805606901764999e-03 6.950251573222450574e+00
6.643789804228041572e-03 7.094126981145558730e+00
6.767774001554318145e-03 7.134166019138791448e+00
6.891758198880595584e-03 7.063123840889547367e+00
7.015742396206872157e-03 6.922854989724380737e+00
7.139726593533149597e-03 6.782365096587264830e+00
7.263710790859426170e-03 6.707070258881641323e+00
7.387694988185703610e-03 6.734981873896042082e+00
7.511679185511980182e-03 6.868033799525988137e+00
7.635663382838257622e-03 7.076895948429711147e+00
7.759647580164535062e-03 7.312687323556206209e+00
7.883631777490811635e-03 7.520605502622287553e+00
8.007615974817089075e-03 7.654067572837050193e+00
8.131600172143364780e-03 7.688293782921486574e+00
8.255584369469642220e-03 7.629445227673913976e+00
8.379568566795919660e-03 7.514359637769722156e+00
8.503552764122197100e-03 7.399722856871302490e+00
8.627536961448472805e-03 7.345094285768479558e+00
8.751521158774750245e-03 7.396084547962007427e+00
8.875505356101027685e-03 7.571315413070007772e+00
8.999489553427306859e-03 7.854326886275045716e+00
9.123473750753580830e-03 8.193061955977796629e+00
9.247457948079858270e-03 8.511906707976695685e+00
9.371442145406135710e-03 8.737768017692683742e+00
9.495426342732413150e-03 8.831301616783274966e+00
9.619410540058690590e-03 8.806018529891682434e+00
9.743394737384966295e-03 8.722155719374237393e+00
9.867378934711245470e-03 8.658336575967428672e+00
9.991363132037521175e-03 8.678796299235536083e+00
1.011534732936379688e-02 8.814383505223281290e+00
1.023933152669007432e-02 9.062563882165932228e+00
1.036331572401635176e-02 9.398123231219772222e+00
1.048729992134263093e-02 9.783332076530232513e+00
1.061128411866890491e-02 1.017361347945892369e+01
1.073526831599518408e-02 1.052301270786430543e+01
1.085925251332145978e-02 1.079461805340109493e+01
1.098323671064773722e-02 1.097420346356845222e+01
1.110722090797401466e-02 1.107813685344655141e+01
1.123120510530029037e-02 1.114703624709149388e+01
1.135518930262656954e-02 1.122559411695157472e+01
1.147917349995284525e-02 1.133905690181898862e+01
1.160315769727912269e-02 1.147956956275494100e+01
1.172714189460540013e-02 1.160914203448659698e+01
1.185112609193167410e-02 1.167585838668242282e+01
1.197511028925795501e-02 1.163345362767611491e+01
1.209909448658422898e-02 1.145519100419464031e+01
1.222307868391050815e-02 1.113909431395283356e+01
1.234706288123678559e-02 1.070714603285184374e+01
1.247104707856306303e-02 1.020139266378046372e+01
1.259503127588933874e-02 9.676523039003319226e+00
1.271901547321561445e-02 9.187579475740069057e+00
1.284299967054189189e-02 8.775814903704338477e+00
1.296698386786817106e-02 8.460157613522889974e+00
1.309096806519444676e-02 8.239313524030951186e+00
1.321495226252072420e-02 8.100989517169978171e+00
1.333893645984699991e-02 8.028798488893542640e+00
1.346292065717327562e-02 8.000968756908575230e+00
1.358690485449955306e-02 7.984945033395120184e+00
1.371088905182583050e-02 7.938204384528571467e+00
1.383487324915210620e-02 7.821298384077426391e+00
1.395885744647838711e-02 7.617691179339707297e+00
1.408284164380465935e-02 7.346858734643335609e+00
1.420682584113093852e-02 7.059937485117144362e+00
1.433081003845721423e-02 6.818693328263003117e+00
1.445479423578349340e-02 6.669170422262534537e+00
1.457877843310977084e-02 6.623402393951222322e+00
1.470276263043604481e-02 6.656483975778101581e+00
1.482674682776232225e-02 6.718230270064474929e+00
1.495073102508860143e-02 6.753403788243674377e+00
1.507471522241487887e-02 6.722501884598361954e+00
1.519869941974115631e-02 6.615261298300188386e+00
1.532268361706743028e-02 6.451632296123790411e+00
1.544666781439370945e-02 6.270340549197095825e+00
1.557065201171998516e-02 6.111070533809014549e+00
1.569463620904626433e-02 5.998957931993715853e+00
1.581862040637254177e-02 5.937802032430304244e+00
1.594260460369881574e-02 5.913252171594031381e+00
1.606658880102509318e-02 5.902622278740868644e+00
1.619057299835137062e-02 5.885893315113093216e+00
1.631455719567764806e-02 5.852996502526461420e+00
1.643854139300392897e-02 5.805010615580143529e+00
1.656252559033020294e-02 5.750246378064572284e+00
1.668650978765647691e-02 5.698383516059627674e+00
1.681049398498275435e-02 5.655587651809695693e+00
1.693447818230903179e-02 5.621878642079867205e+00
1.705846237963531270e-02 5.591095418603464928e+00
1.718244657696158667e-02 5.553880245099731994e+00
1.730643077428786411e-02 5.503319535687322350e+00
1.743041497161413808e-02 5.440567891088510244e+00
1.755439916894041899e-02 5.376398318407685117e+00
1.767838336626669643e-02 5.326737842448466154e+00
1.780236756359297040e-02 5.304628408764289205e+00
1.792635176091924784e-02 5.313575892170568693e+00
1.805033595824552528e-02 5.345718393822152414e+00
1.817432015557180619e-02 5.384749840498132656e+00
1.829830435289808363e-02 5.411534509722603303e+00
1.842228855022435413e-02 5.410595675338731425e+00
1.854627274755063504e-02 5.376114113534278260e+00
1.867025694487690901e-02 5.315370172139237681e+00
1.879424114220318992e-02 5.247150848667968326e+00
1.891822533952946736e-02 5.194625882777023307e+00
1.904220953685574133e-02 5.175839782946163758e+00
1.916619373418201877e-02 5.196832266141208301e+00
1.929017793150829274e-02 5.250401303123377161e+00
1.941416212883457365e-02 5.319674633427093902e+00
1.953814632616085456e-02 5.383721081242628159e+00
1.966213052348712506e-02 5.423439502366656839e+00
1.978611472081340250e-02 5.427372439720005382e+00
1.991009891813968341e-02 5.396504632853170058e+00
2.003408311546596085e-02 5.345507896510171442e+00
2.015806731279223482e-02 5.298272296580524454e+00
2.028205151011850879e-02 5.278815723130072080e+00
2.040603570744478623e-02 5.302074212768036254e+00
2.053001990477107061e-02 5.369289825407139283e+00
2.065400410209734458e-02 5.469509592050908253e+00
2.077798829942361855e-02 5.585087541919541820e+00
2.090197249674989599e-02 5.697887247920964349e+00
2.102595669407617343e-02 5.794122770420507607e+00
2.114994089140245434e-02 5.867370072234312950e+00
2.127392508872872831e-02 5.919709001648561397e+00
2.139790928605500228e-02 5.960592097202163764e+00
2.152189348338128319e-02 6.003141469722979906e+00
2.164587768070756063e-02 6.058646417518630756e+00
2.176986187803383807e-02 6.131366419837618764e+00
2.189384607536011551e-02 6.216220066264614097e+00
2.201783027268638948e-02 6.300924715850094948e+00
2.214181447001266692e-02 6.371882256375123177e+00
2.226579866733894436e-02 6.420744636579030384e+00
2.238978286466522180e-02 6.447834949978767938e+00
2.251376706199150271e-02 6.460485447464538566e+00
2.263775125931777321e-02 6.467902481321850416e+00
2.276173545664405065e-02 6.476570316918210501e+00
2.288571965397033156e-02 6.489215520087805444e+00
2.300970385129660900e-02 6.506780175678059663e+00
2.313368804862288644e-02 6.530154067642712334e+00
2.325767224594915694e-02 6.559278609628487189e+00
2.338165644327543785e-02 6.590661289554279101e+00
2.350564064060171876e-02 6.616629826275824300e+00
2.362962483792799273e-02 6.628367667046550338e+00
2.375360903525427017e-02 6.621234290969819192e+00
2.387759323258054067e-02 6.598535217705242317e+00
2.400157742990682505e-02 6.570735672875311018e+00
2.412556162723310249e-02 6.550136827922189653e+00
2.424954582455937646e-02 6.543928076336779753e+00
2.437353002188565390e-02 6.549627421822138196e+00
2.449751421921193134e-02 6.555722784319965690e+00
2.462149841653820878e-02 6.547291150728048237e+00
2.474548261386448622e-02 6.513103181147402054e+00
2.486946681119076019e-02 6.449624234582038262e+00
2.499345100851704110e-02 6.359711986892842006e+00
2.511743520584331854e-02 6.248028219250058690e+00
2.524141940316959251e-02 6.117551292393127227e+00
2.536540360049586995e-02 5.969992583848867440e+00
2.548938779782215086e-02 5.809145080310737619e+00
2.561337199514842483e-02 5.643909852775358615e+00
2.573735619247470227e-02 5.488597451957502038e+00
2.586134038980097624e-02 5.360428968047070697e+00
2.598532458712725715e-02 5.275574491616685791e+00
2.610930878445353459e-02 5.245108759603754223e+00
2.623329298177980856e-02 5.272014048263558017e+00
2.635727717910608600e-02 5.350353019433436330e+00
2.648126137643236691e-02 5.467354719113957096e+00
2.660524557375864435e-02 5.607873419446124608e+00
2.672922977108492179e-02 5.759058282608001456e+00
2.685321396841119576e-02 5.912467009781102512e+00
2.697719816573747320e-02 6.062304443676821641e+00
2.710118236306375758e-02 6.201502797899067332e+00
2.722516656039002461e-02 6.319664193001237606e+00
2.734915075771630205e-02 6.405887758330456982e+00
2.747313495504258296e-02 6.455258279133872179e+00
2.759711915236886040e-02 6.473857986682706844e+00
2.772110334969513784e-02 6.477539809970293661e+00
2.784508754702141181e-02 6.484415733210454391e+00
2.796907174434768925e-02 6.505817904825814679e+00
2.809305594167397016e-02 6.541191784096758610e+00
2.821704013900024760e-02 6.579007034991625424e+00
2.834102433632652504e-02 6.601889235777710141e+00
2.846500853365279901e-02 6.592735322630300487e+00
2.858899273097907298e-02 6.539458187745934126e+00
2.871297692830535389e-02 6.437423782610433243e+00
2.883696112563162786e-02 6.289563992704958473e+00
2.896094532295790530e-02 6.104655954207438562e+00
2.908492952028418621e-02 5.894500435162274954e+00
2.920891371761046018e-02 5.670667510405487555e+00
2.933289791493673762e-02 5.441442362125894050e+00
2.945688211226301853e-02 5.210029408917661087e+00
2.958086630958929597e-02 4.975442520462087792e+00
2.970485050691556647e-02 4.736576421331475828e+00
2.982883470424184044e-02 4.497633469463344191e+00
2.995281890156812135e-02 4.271378265766233362e+00
3.007680309889440226e-02 4.077714655814118849e+00
3.020078729622067623e-02 3.938268692529038884e+00
3.032477149354695367e-02 3.870076990810116691e+00
3.044875569087322764e-02 3.881127391813347760e+00
3.057273988819951202e-02 3.968526476479128817e+00
3.069672408552578946e-02 4.119023360070237949e+00
3.082070828285206343e-02 4.312108694667665887e+00
3.094469248017833393e-02 4.526020952856951496e+00
3.106867667750461831e-02 4.745170134301860188e+00
3.119266087483089228e-02 4.965098215491805078e+00
3.131664507215716625e-02 5.191251746642176812e+00
3.144062926948344716e-02 5.431619571796652224e+00
3.156461346680972807e-02 5.687864542192425432e+00
3.168859766413600204e-02 5.950854146896474184e+00
3.181258186146227601e-02 6.203362116422004746e+00
3.193656605878854998e-02 6.427995011565096561e+00
3.206055025611483089e-02 6.615625124875687213e+00
3.218453445344111180e-02 6.769807348348940934e+00
3.230851865076738577e-02 6.904645065743761023e+00
3.243250284809365974e-02 7.036319197170494810e+00
3.255648704541994065e-02 7.171792927289859954e+00
3.268047124274621462e-02 7.301013001692880700e+00
3.280445544007249553e-02 7.398598120030063008e+00
3.292843963739876950e-02 7.435784807311766720e+00
3.305242383472505041e-02 7.395892333130478669e+00
3.317640803205132438e-02 7.283041072094616375e+00
3.330039222937759835e-02 7.118380001179085426e+00
3.342437642670387926e-02 6.927454114755854597e+00
3.354836062403015323e-02 6.728451322903843845e+00
3.367234482135643414e-02 6.528870878190422999e+00
3.379632901868271505e-02 6.330510957338256972e+00
3.392031321600898208e-02 6.136777391472100440e+00
3.404429741333526299e-02 5.956383696820280349e+00
3.416828161066153696e-02 5.801775240977654846e+00
3.429226580798781787e-02 5.684534402233118122e+00
3.441625000531410572e-02 5.610950487283256294e+00
3.454023420264036581e-02 5.579561248301688536e+00
3.466421839996664672e-02 5.581037798467368916e+00
3.478820259729292763e-02 5.600537052366235002e+00
3.491218679461920160e-02 5.622757999236654314e+00
3.503617099194548251e-02 5.638795840941781101e+00
3.516015518927175648e-02 5.651594508172980369e+00
3.528413938659803045e-02 5.675924624956540043e+00
3.540812358392431136e-02 5.731679360975259208e+00
3.553210778125059227e-02 5.834427183506709191e+00
3.565609197857687318e-02 5.989778521023513491e+00
3.578007617590314715e-02 6.194999327875779116e+00
3.590406037322941418e-02 6.444889602056228739e+00
3.602804457055569509e-02 6.735357634977962249e+00
3.615202876788196906e-02 7.060867694263619931e+00
3.627601296520824997e-02 7.408324204153282189e+00
3.639999716253453088e-02 7.753970588136960274e+00
3.652398135986079791e-02 8.068026813456445012e+00
3.664796555718707882e-02 8.325824305315450147e+00
3.677194975451336667e-02 8.518975219484859807e+00
3.689593395183964064e-02 8.659399934477917782e+00
3.701991814916591461e-02 8.772951859592302171e+00
3.714390234649218164e-02 8.885021154045624314e+00
3.726788654381846255e-02 9.004632491772518676e+00
3.739187074114474346e-02 9.114633012336602391e+00
3.751585493847101743e-02 9.173520372375103094e+00
3.763983913579729834e-02 9.129693521006515766e+00
3.776382333312357925e-02 8.942757154473836678e+00
3.788780753044985322e-02 8.602113400602984683e+00
3.801179172777613413e-02 8.133778236773894221e+00
3.813577592510240810e-02 7.592333215845808780e+00
3.825976012242868207e-02 7.042371977566429742e+00
3.838374431975496298e-02 6.538297230484200639e+00
3.850772851708123001e-02 6.111140517539984884e+00
3.863171271440751092e-02 5.767076013774703469e+00
3.875569691173379183e-02 5.496332940182172777e+00
3.887968110906006580e-02 5.285913211123772548e+00
3.900366530638635365e-02 5.128124011228536894e+00
3.912764950371262068e-02 5.020908384707862382e+00
3.925163370103890159e-02 4.962636979342787136e+00
3.937561789836518250e-02 4.948053906519541023e+00
3.949960209569144953e-02 4.970075120894613008e+00
3.962358629301773044e-02 5.025989130020867890e+00
3.974757049034401135e-02 5.121952658297556304e+00
3.987155468767027838e-02 5.270858274373716235e+00
3.999553888499655929e-02 5.484513163763578447e+00
4.011952308232283326e-02 5.765843053075857760e+00
4.024350727964912111e-02 6.105965852838098229e+00
4.036749147697540202e-02 6.485964285243772665e+00
4.049147567430166905e-02 6.879799593740214547e+00
4.061545987162794302e-02 7.256441393480597135e+00
4.073944406895422393e-02 7.583159095586515797e+00
4.086342826628049790e-02 7.832585266061053986e+00
4.098741246360677881e-02 7.992109683613127125e+00
4.111139666093304584e-02 8.069750029682079884e+00
4.123538085825932675e-02 8.091202481146277492e+00
4.135936505558561460e-02 8.088592829291838981e+00
4.148334925291188857e-02 8.087396714158778366e+00
4.160733345023816948e-02 8.098892975204934785e+00
4.173131764756445039e-02 8.121053831618811003e+00
4.185530184489071048e-02 8.145105540837365155e+00
4.197928604221699139e-02 8.162335230371811079e+00
4.210327023954326536e-02 8.167042376499027867e+00
4.222725443686954627e-02 8.154884345449858074e+00
4.235123863419582718e-02 8.118788619909704352e+00
4.247522283152209421e-02 8.045822966733165771e+00
4.259920702884838206e-02 7.917814939969418653e+00
4.272319122617466297e-02 7.716484528347762328e+00
4.284717542350093694e-02 7.431175562425808678e+00
4.297115962082721785e-02 7.065335087469810205e+00
4.309514381815347794e-02 6.638165129709253875e+00
4.321912801547975885e-02 6.180485241733918222e+00
4.334311221280603976e-02 5.726961323817612026e+00
4.346709641013231373e-02 5.308209917875435835e+00
4.359108060745859464e-02 4.945410548401417472e+00
4.371506480478488249e-02 4.648414341667577609e+00
4.383904900211114952e-02 4.417241276240963188e+00
4.396303319943743043e-02 4.246159142517302421e+00
4.408701739676370440e-02 4.128691587097652160e+00
4.421100159408998531e-02 4.061396466331896882e+00
4.433498579141625928e-02 4.044990174494262014e+00
4.445896998874252631e-02 4.083031619636134479e+00
4.458295418606880722e-02 4.179376837357097862e+00
4.470693838339508813e-02 4.335191204548922705e+00
4.483092258072136904e-02 4.545621233809269413e+00
4.495490677804764995e-02 4.796839715960011574e+00
4.507889097537391698e-02 5.065604903134799386e+00
4.520287517270019789e-02 5.323376335502779000e+00
4.532685937002647880e-02 5.544297441837757745e+00
4.545084356735275277e-02 5.713130735220450340e+00
4.557482776467902674e-02 5.828788830786667319e+00
4.569881196200530071e-02 5.902015214985065761e+00
4.582279615933157468e-02 5.949266100798504375e+00
4.594678035665785559e-02 5.986069701548760058e+00
4.607076455398413650e-02 6.022018935145486473e+00
4.619474875131041741e-02 6.058073403401743384e+00
4.631873294863669832e-02 6.086326033559682713e+00
4.644271714596296535e-02 6.092349388038106106e+00
4.656670134328924626e-02 6.059737359550183555e+00
4.669068554061552717e-02 5.975607386371246221e+00
4.681466973794179420e-02 5.835435830187069683e+00
4.693865393526807511e-02 5.645865777469548874e+00
4.706263813259434214e-02 5.424548043247497731e+00
4.718662232992062999e-02 5.196569287032199114e+00
4.731060652724691090e-02 4.988134440159874394e+00
4.743459072457318487e-02 4.819784663719334006e+00
4.755857492189946578e-02 4.702167171510966526e+00
4.768255911922573975e-02 4.636113549809239842e+00
4.780654331655201372e-02 4.616321329548839891e+00
4.793052751387828769e-02 4.636278453223310336e+00
4.805451171120456166e-02 4.692265218974993601e+00
4.817849590853084257e-02 4.785535881284315174e+00
4.830248010585713042e-02 4.922778673164458496e+00
4.842646430318339745e-02 5.115244050321801517e+00
4.855044850050967836e-02 5.377012362206547103e+00
4.867443269783595927e-02 5.723146654770235209e+00
4.879841689516223324e-02 6.168627848769037136e+00
4.892240109248851415e-02 6.728384614132745689e+00
4.904638528981478118e-02 7.417379974369832318e+00
4.917036948714105515e-02 8.248546029110967126e+00
4.929435368446733606e-02 9.226767544696595991e+00
4.941833788179361003e-02 1.033980815578748391e+01
4.954232207911989788e-02 1.155094997886942920e+01
4.966630627644617185e-02 1.280019070181385565e+01
4.979029047377244582e-02 1.401807680718413707e+01
4.991427467109872673e-02 1.514874897878867799e+01
5.003825886842500070e-02 1.617125592002365053e+01
5.016224306575128161e-02 1.710683228969899972e+01
5.028622726307755558e-02 1.800638211492364249e+01
5.041021146040382261e-02 1.892210808216714923e+01
5.053419565773010352e-02 1.987380012144835462e+01
5.065817985505639137e-02 2.082213529985132183e+01
5.078216405238266534e-02 2.166080538024344904e+01
5.090614824970894625e-02 2.223648448807081124e+01
5.103013244703521328e-02 2.239678272315556029e+01
5.115411664436149419e-02 2.205090118010340206e+01
5.127810084168777510e-02 2.121493031911252203e+01
5.140208503901404907e-02 2.001668619252852821e+01
5.152606923634032998e-02 1.865615699797899296e+01
5.165005343366659701e-02 1.734298541234214497e+01
5.177403763099287792e-02 1.624289438575245370e+01
5.189802182831915883e-02 1.545405852203068164e+01
5.202200602564543280e-02 1.501289750858385830e+01
5.214599022297171371e-02 1.491311091536242017e+01
5.226997442029798768e-02 1.512025491201979932e+01
5.239395861762426165e-02 1.557361361993666016e+01
5.251794281495054256e-02 1.617927543471748209e+01
5.264192701227682347e-02 1.680628055346405247e+01
5.276591120960309744e-02 1.729776805274874008e+01
5.288989540692937141e-02 1.750080623428280546e+01
5.301387960425564538e-02 1.730599837898306248e+01
5.313786380158193323e-02 1.667906731902492012e+01
5.326184799890820026e-02 1.566859947146398113e+01
5.338583219623448117e-02 1.438653255694908673e+01
5.350981639356074820e-02 1.297198579641928617e+01
5.363380059088702217e-02 1.155500025402303699e+01
5.375778478821330308e-02 1.023246370566968189e+01
5.388176898553958399e-02 9.059526427993230158e+00
5.400575318286585796e-02 8.052922769137165204e+00
5.412973738019213887e-02 7.200305865460881805e+00
5.425372157751841978e-02 6.470666351479569478e+00
5.437770577484468681e-02 5.823198721254045473e+00
5.450168997217097466e-02 5.214465767094213611e+00
5.462567416949724863e-02 4.605402806069527344e+00
5.474965836682351567e-02 3.969433209607690305e+00
5.487364256414979657e-02 3.300509082051283904e+00
5.499762676147606361e-02 2.617078143800510848e+00
5.512161095880235145e-02 1.957816120288981443e+00
5.524559515612863236e-02 1.368796358494062115e+00
5.536957935345491327e-02 8.872491776065483116e-01
5.549356355078118030e-02 5.297109632677824420e-01
5.561754774810746815e-02 2.897436737117763395e-01
5.574153194543373518e-02 1.445853674831051039e-01
5.586551614276000916e-02 6.559853643425167524e-02
5.598950034008629006e-02 2.698610337184824057e-02
5.611348453741255710e-02 1.004403286988750192e-02
5.623746873473884494e-02 3.376151520314416531e-03
5.636145293206511891e-02 1.023397798050905416e-03
5.648543712939140676e-02 2.794135510496182110e-04
5.660942132671768073e-02 6.864175926619843872e-05
5.673340552404396164e-02 1.515978800574630263e-05
5.685738972137022867e-02 3.007754505244489555e-06
5.698137391869650958e-02 5.357494337829631345e-07
5.710535811602278355e-02 8.562963462876408659e-08
5.722934231334905752e-02 1.229688834199238131e-08
5.735332651067533843e-02 1.785211260087585719e-09
5.747731070800161240e-02 1.878617671266530599e-09
5.760129490532790025e-02 1.242984560894727012e-08
5.772527910265416728e-02 8.138207544604506303e-08
5.784926329998045513e-02 4.786457317157073051e-07
5.797324749730672216e-02 2.526630545552687971e-06
5.809723169463301001e-02 1.197829632037645738e-05
5.822121589195927704e-02 5.104117086609564032e-05
5.834520008928554408e-02 1.956728897639288284e-04
5.846918428661183192e-02 6.756426744488852566e-04
5.859316848393811283e-02 2.104113912545968815e-03
5.871715268126437987e-02 5.919652537181341150e-03
5.884113687859066077e-02 1.507490005406818788e-02
5.896512107591694168e-02 3.483231196204707170e-02
5.908910527324321565e-02 7.323894398076673251e-02
5.921308947056950350e-02 1.406272213246198000e-01
5.933707366789577053e-02 2.476442785427371562e-01
5.946105786522205144e-02 4.020376135690379993e-01
5.958504206254832541e-02 6.054276388808881304e-01
5.970902625987459938e-02 8.518102457242481274e-01
5.983301045720088029e-02 1.128914161646169756e+00
5.995699465452715426e-02 1.422006796464934997e+00
6.008097885185343517e-02 1.718373667213209943e+00
6.020496304917970914e-02 2.010506284619117512e+00
6.032894724650599005e-02 2.297058723746353781e+00
6.045293144383226402e-02 2.581989437612107530e+00
6.057691564115854493e-02 2.873065191280418595e+00
6.070089983848481197e-02 3.180781275242229977e+00
6.082488403581108594e-02 3.518019986344151029e+00
6.094886823313736685e-02 3.899848929872572256e+00
6.107285243046364775e-02 4.342180439675591863e+00
6.119683662778993560e-02 4.858061919870555023e+00
6.132082082511620263e-02 5.451469789620838391e+00
6.144480502244248354e-02 6.110347290369695372e+00
6.156878921976875751e-02 6.802272263841071975e+00
6.169277341709503842e-02 7.476392450580937599e+00
6.181675761442131239e-02 8.073402540872889332e+00
6.194074181174759330e-02 8.541559247028503776e+00
6.206472600907386034e-02 8.852588798080200050e+00
6.218871020640014124e-02 9.009658095608928718e+00
6.231269440372642215e-02 9.042760421399258064e+00
6.243667860105269612e-02 8.994054881667260304e+00
6.256066279837897703e-02 8.901931947621939401e+00
6.268464699570523713e-02 8.792458907521400135e+00
6.280863119303153885e-02 8.680184830792178730e+00
6.293261539035781282e-02 8.573167329072886034e+00
6.305659958768408679e-02 8.476002052407158871e+00
6.318058378501036076e-02 8.389514869513154949e+00
6.330456798233662086e-02 8.310418594946424875e+00
6.342855217966292258e-02 8.233731962196774390e+00
6.355253637698918268e-02 8.156718895410266512e+00
6.367652057431547052e-02 8.080767941300834423e+00
6.380050477164173062e-02 8.009448080882162202e+00
6.392448896896801847e-02 7.944610276424816320e+00
6.404847316629430631e-02 7.884138009716856743e+00
6.417245736362058028e-02 7.823411824658147218e+00
6.429644156094685425e-02 7.759268847951356740e+00
6.442042575827311435e-02 7.692943838344652896e+00
6.454440995559940220e-02 7.629137787987320785e+00
6.466839415292567617e-02 7.571701539409859016e+00
6.479237835025196401e-02 7.519724649616071233e+00
6.491636254757822411e-02 7.467865430258630255e+00
6.504034674490451196e-02 7.411004661946675398e+00
6.516433094223079980e-02 7.349052306759341846e+00
6.528831513955707377e-02 7.287250896648961529e+00
6.541229933688334774e-02 7.231410409082637436e+00
6.553628353420962172e-02 7.182383764944840543e+00
6.566026773153589569e-02 7.134997231262177664e+00
6.578425192886216966e-02 7.082589243249730160e+00
6.590823612618845750e-02 7.023056738866368498e+00
6.603222032351471760e-02 6.960812731526015540e+00
6.615620452084101932e-02 6.902775875565372310e+00
6.628018871816729329e-02 6.852022095823706138e+00
6.640417291549355339e-02 6.804919179639860261e+00
6.652815711281984123e-02 6.754384118760758504e+00
6.665214131014611521e-02 6.696266742548603546e+00
6.677612550747240305e-02 6.632991679647329164e+00
6.690010970479866315e-02 6.571168204509444166e+00
6.702409390212493712e-02 6.515484629105917413e+00
6.714807809945121109e-02 6.464557711825968944e+00
6.727206229677749894e-02 6.412416868026301842e+00
6.739604649410378678e-02 6.354000929175962042e+00
6.752003069143006075e-02 6.289496836911384392e+00
6.764401488875633472e-02 6.223728324061501560e+00
6.776799908608260870e-02 6.161524685191527517e+00
6.789198328340888267e-02 6.103511178654080993e+00
6.801596748073517051e-02 6.045976609364004162e+00
6.813995167806144448e-02 5.984497200488406499e+00
6.826393587538770458e-02 5.917726216411921314e+00
6.838792007271399243e-02 5.848048038592848386e+00
6.851190427004026640e-02 5.778976406239728192e+00
6.863588846736655424e-02 5.712040697861169747e+00
6.875987266469282821e-02 5.645899114811506081e+00
6.888385686201911606e-02 5.577969807869314067e+00
6.900784105934537616e-02 5.506653186629436370e+00
6.913182525667165013e-02 5.432219115586854663e+00
6.925580945399793797e-02 5.356082370081881372e+00
6.937979365132419807e-02 5.279516298608829317e+00
6.950377784865049979e-02 5.202856811845316898e+00
6.962776204597675989e-02 5.125508473662915954e+00
6.975174624330303386e-02 5.046480958495429547e+00
6.987573044062932170e-02 4.965010545796024743e+00
6.999971463795559568e-02 4.880910238385614441e+00
7.012369883528188352e-02 4.794530182559348930e+00
7.024768303260815749e-02 4.706467370351047563e+00
7.037166722993441759e-02 4.617238684755234246e+00
7.049565142726070543e-02 4.527006987075198552e+00
7.061963562458697941e-02 4.435385558434059128e+00
7.074361982191325338e-02 4.341482493031366019e+00
7.086760401923954122e-02 4.244382275863630483e+00
7.099158821656580132e-02 4.143874198588616942e+00
7.111557241389208917e-02 4.040762385064166295e+00
7.123955661121836314e-02 3.936268509774039082e+00
7.136354080854465098e-02 3.830912963034865282e+00
7.148752500587092495e-02 3.723892682244041019e+00
7.161150920319719893e-02 3.613584459464741716e+00
7.173549340052347290e-02 3.498779453472371959e+00
7.185947759784973299e-02 3.379622710386446016e+00
7.198346179517603471e-02 3.257482375451937084e+00
7.210744599250230868e-02 3.133795054825441184e+00
7.223143018982858266e-02 3.008735740706032669e+00
7.235541438715485663e-02 2.880827094997818527e+00
7.247939858448113060e-02 2.748021878482122204e+00
7.260338278180741844e-02 2.609596046756973209e+00
7.272736697913369242e-02 2.467331349936991103e+00
7.285135117645996639e-02 2.324917660805985165e+00
7.297533537378624036e-02 2.186097564862838905e+00
7.309931957111251433e-02 2.053329788720597460e+00
7.322330376843880217e-02 1.928286804847487046e+00
7.334728796576507615e-02 1.813632304438471898e+00
7.347127216309136399e-02 1.714084820774870455e+00
7.359525636041763796e-02 1.635265218600471915e+00
7.371924055774389806e-02 1.580848441289675499e+00
7.384322475507018591e-02 1.550198359819613625e+00
7.396720895239645988e-02 1.538431917128993520e+00
7.409119314972274772e-02 1.538970953460836677e+00
7.421517734704902169e-02 1.546756382073205760e+00
7.433916154437528179e-02 1.559949346481638743e+00
7.446314574170156964e-02 1.579289864554713541e+00
7.458712993902784361e-02 1.606153795368863157e+00
7.471111413635413145e-02 1.641255719785280176e+00
7.483509833368040542e-02 1.685190026443184497e+00
7.495908253100666552e-02 1.740191172787599161e+00
7.508306672833295337e-02 1.811159685632830030e+00
7.520705092565922734e-02 1.904415002471169016e+00
7.533103512298551518e-02 2.024587147821132138e+00
7.545501932031177528e-02 2.171829574873298974e+00
7.557900351763806313e-02 2.341447319750088685e+00
7.570298771496433710e-02 2.526130431014065980e+00
7.582697191229061107e-02 2.718993679974299749e+00
7.595095610961689891e-02 2.915244315647382400e+00
7.607494030694317289e-02 3.111686057315171006e+00
7.619892450426944686e-02 3.305147359378811434e+00
7.632290870159572083e-02 3.491767189641097779e+00
7.644689289892199480e-02 3.668162494152689579e+00
7.657087709624828264e-02 3.833487032943518447e+00
7.669486129357455662e-02 3.990109100338079973e+00
7.681884549090083059e-02 4.141672584710375027e+00
7.694282968822710456e-02 4.290024953479752767e+00
7.706681388555337853e-02 4.434021950075458740e+00
7.719079808287966638e-02 4.571464244564555024e+00
7.731478228020594035e-02 4.702009534358422727e+00
7.743876647753221432e-02 4.827791208487383301e+00
7.756275067485850216e-02 4.951169942061365070e+00
7.768673487218476226e-02 5.072403003484225792e+00
7.781071906951105011e-02 5.189951834680524456e+00
7.793470326683732408e-02 5.302812279058567668e+00
7.805868746416359805e-02 5.411868980571448162e+00
7.818267166148988589e-02 5.518725166188780840e+00
7.830665585881614599e-02 5.623695700975909872e+00
7.843064005614243384e-02 5.725554161961355248e+00
7.855462425346870781e-02 5.823280574859891701e+00
7.867860845079499565e-02 5.917587387217004391e+00
7.880259264812126963e-02 6.010354141585620091e+00
7.892657684544752972e-02 6.102601794404172608e+00
7.905056104277381757e-02 6.193284207470920677e+00
7.917454524010009154e-02 6.280275714368904971e+00
7.929852943742637938e-02 6.362618402790095828e+00
7.942251363475265336e-02 6.441746799713790494e+00
7.954649783207892733e-02 6.520330926920633097e+00
7.967048202940520130e-02 6.599723589004465651e+00
7.979446622673147527e-02 6.678515799065977809e+00
7.991845042405776312e-02 6.753771764524282517e+00
8.004243462138403709e-02 6.823874578157841597e+00
8.016641881871031106e-02 6.890207575303253229e+00
8.029040301603658503e-02 6.955976377475329819e+00
8.041438721336285900e-02 7.023286479544071703e+00
8.053837141068914685e-02 7.091240800199518191e+00
8.066235560801542082e-02 7.156752340027573212e+00
8.078633980534169479e-02 7.217261021049004022e+00
8.091032400266796876e-02 7.273002714518305822e+00
8.103430819999424273e-02 7.326961134720523461e+00
8.115829239732053058e-02 7.382456223013785568e+00
8.128227659464680455e-02 7.440201012475474052e+00
8.140626079197307852e-02 7.497371812269683744e+00
8.153024498929936636e-02 7.549903556467371324e+00
8.165422918662562646e-02 7.596333508169562876e+00
8.177821338395191431e-02 7.639558904452197652e+00
8.190219758127818828e-02 7.684363727676348788e+00
8.202618177860446225e-02 7.732755502062264696e+00
8.215016597593075010e-02 7.781801404797935362e+00
8.227415017325701019e-02 7.826436138622026029e+00
8.239813437058329804e-02 7.864532406627527727e+00
8.252211856790957201e-02 7.899002245113249110e+00
8.264610276523584598e-02 7.934799788675083398e+00
8.277008696256213383e-02 7.974045084174996134e+00
8.289407115988839392e-02 8.014215981318180582e+00
8.301805535721468177e-02 8.050888549101490099e+00
8.314203955454095574e-02 8.081966726619892682e+00
8.326602375186724359e-02 8.109364401687576773e+00
8.339000794919351756e-02 8.136965664540404930e+00
8.351399214651979153e-02 8.167060382202505409e+00
8.363797634384606550e-02 8.198435248454298829e+00
8.376196054117233947e-02 8.227631691786722712e+00
8.388594473849862732e-02 8.252174076849330575e+00
8.400992893582490129e-02 8.272865772381015503e+00
8.413391313315117526e-02 8.292978606434203925e+00
8.425789733047744923e-02 8.315021795325659326e+00
8.438188152780372320e-02 8.338279471884311178e+00
8.450586572513001105e-02 8.359686294611417878e+00
8.462984992245628502e-02 8.377106633855014195e+00
8.475383411978255899e-02 8.391439147594883963e+00
8.487781831710883296e-02 8.405351065302580693e+00
8.500180251443510693e-02 8.420314145652879390e+00
8.512578671176139478e-02 8.435339430745241174e+00
8.524977090908766875e-02 8.448489549587799630e+00
8.537375510641394272e-02 8.459021371704627867e+00
8.549773930374023057e-02 8.467762368174584608e+00
8.562172350106649066e-02 8.475806464296796960e+00
8.574570769839277851e-02 8.483396426072674856e+00
8.586969189571905248e-02 8.490077953997948512e+00
8.599367609304532645e-02 8.495465084858926375e+00
8.611766029037161430e-02 8.499535944330689929e+00
8.624164448769787439e-02 8.502344465736632273e+00
8.636562868502416224e-02 8.503794484846574520e+00
8.648961288235043621e-02 8.503820926324875629e+00
8.661359707967671018e-02 8.502628541636775950e+00
8.673758127700299803e-02 8.500519845856816303e+00
8.686156547432925812e-02 8.497376597776437279e+00
8.698554967165554597e-02 8.492318034395818671e+00
8.710953386898181994e-02 8.483813746732447925e+00
8.723351806630809391e-02 8.469800754677565990e+00
8.735750226363438176e-02 8.447102011709446856e+00
8.748148646096065573e-02 8.410255000911076806e+00
8.760547065828692970e-02 8.350999901994420327e+00
8.772945485561320367e-02 8.259743622578751499e+00
8.785343905293947764e-02 8.128925170425681301e+00
8.797742325026576549e-02 7.956543084366743734e+00
8.810140744759203946e-02 7.747681784513647862e+00
8.822539164491831343e-02 7.513111959901866754e+00
8.834937584224458740e-02 7.265959107820979312e+00
8.847336003957087525e-02 7.018425360890049980e+00
8.859734423689714922e-02 6.779820092055371283e+00
8.872132843422343706e-02 6.555728202486748479e+00
8.884531263154969716e-02 6.347770903704034851e+00
8.896929682887597113e-02 6.154175092500568489e+00
8.909328102620225898e-02 5.971529295882523236e+00
8.921726522352853295e-02 5.796938835749592123e+00
8.934124942085480692e-02 5.629002823586787940e+00
8.946523361818109477e-02 5.467142889753953128e+00
8.958921781550735486e-02 5.310560000790409241e+00
8.971320201283364271e-02 5.158170793200941517e+00
8.983718621015993056e-02 5.009321400455516660e+00
8.996117040748619065e-02 4.864106912543514127e+00
9.008515460481247850e-02 4.722863903719181522e+00
9.020913880213873859e-02 4.585558814256096127e+00
9.033312299946502644e-02 4.451800824277889035e+00
9.045710719679130041e-02 4.321302511702894478e+00
9.058109139411757438e-02 4.194118409843111905e+00
9.070507559144386223e-02 4.070412551797339518e+00
9.082905978877012232e-02 3.950130095793574103e+00
9.095304398609641017e-02 3.832996507754106386e+00
9.107702818342268414e-02 3.718793143114920152e+00
9.120101238074898586e-02 3.607515122379041372e+00
9.132499657807524596e-02 3.499225826527177396e+00
9.144898077540151993e-02 3.393862111868137355e+00
9.157296497272779390e-02 3.291286506654353960e+00
9.169694917005406787e-02 3.191493838261043159e+00
9.182093336738034184e-02 3.094681615215727266e+00
9.194491756470662969e-02 3.001174446688925634e+00
9.206890176203290366e-02 2.911457707337746559e+00
9.219288595935917763e-02 2.826402274856100849e+00
9.231687015668546548e-02 2.747454740407563989e+00
9.244085435401172557e-02 2.676532028349417391e+00
9.256483855133801342e-02 2.615477415289769070e+00
9.268882274866428739e-02 2.565064003564510031e+00
9.281280694599056136e-02 2.524031225474651308e+00
9.293679114331683533e-02 2.489714569177141623e+00
9.306077534064312318e-02 2.462567478783336039e+00
9.318475953796939715e-02 2.455622809238299897e+00
9.330874373529567112e-02 2.506167021238941306e+00
9.343272793262195897e-02 2.682860588984536498e+00
9.355671212994821906e-02 3.081393117409269244e+00
9.368069632727452078e-02 3.807613041262168263e+00
9.380468052460078088e-02 4.955420370807909869e+00
9.392866472192705485e-02 6.590307785475189029e+00
9.405264891925334270e-02 8.744252182716019561e+00
9.417663311657960279e-02 1.141776227465347837e+01
9.430061731390589064e-02 1.457917360144484142e+01
9.442460151123216461e-02 1.815513235329141395e+01
9.454858570855845246e-02 2.201669952951926490e+01
9.467256990588472643e-02 2.597422500192423200e+01
9.479655410321100040e-02 2.979388744068866401e+01
9.492053830053727437e-02 3.323848699913084204e+01
9.504452249786354834e-02 3.612044920465621800e+01
9.516850669518982231e-02 3.834539632662673370e+01
9.529249089251611016e-02 3.992713237083472677e+01
9.541647508984238413e-02 4.096878434898950161e+01
9.554045928716865810e-02 4.162135988064038372e+01
9.566444348449494595e-02 4.203962527764126378e+01
9.578842768182120604e-02 4.235182525772532358e+01
9.591241187914750776e-02 4.264882726096479360e+01
9.603639607647376786e-02 4.298790036915388413e+01
9.616038027380004183e-02 4.340181177201657903e+01
9.628436447112631580e-02 4.390548459984280072e+01
9.640834866845258977e-02 4.449737922209320828e+01
9.653233286577887762e-02 4.515793843104602701e+01
9.665631706310515159e-02 4.585049860902793029e+01
9.678030126043143944e-02 4.652973325707775842e+01
9.690428545775769953e-02 4.715922140449244182e+01
9.702826965508400126e-02 4.773469868500393432e+01
9.715225385241026135e-02 4.830468435458745802e+01
9.727623804973654920e-02 4.897688962261921830e+01
9.740022224706282317e-02 4.989938398330396296e+01
9.752420644438908326e-02 5.121335503200285189e+01
9.764819064171535723e-02 5.299005366113625115e+01
9.777217483904164508e-02 5.518057233533090056e+01
9.789615903636791905e-02 5.760947384939909455e+01
9.802014323369420690e-02 6.002375509866713088e+01
9.814412743102048087e-02 6.217637322499819419e+01
9.826811162834675484e-02 6.390127654508253841e+01
9.839209582567304269e-02 6.514183509530863603e+01
9.851608002299930278e-02 6.592311054410568261e+01
9.864006422032559063e-02 6.628978756484565338e+01
9.876404841765185072e-02 6.624587443288365307e+01
9.888803261497813857e-02 6.572419379750077439e+01
9.901201681230441254e-02 6.459257765610790614e+01
9.913600100963068651e-02 6.268478377978308913e+01
9.925998520695698824e-02 5.983910691781231606e+01
9.938396940428324833e-02 5.593702587712014207e+01
9.950795360160953618e-02 5.094533162638018098e+01
9.963193779893579627e-02 4.496199669757468342e+01
9.975592199626208412e-02 3.824778050434803589e+01
9.987990619358835809e-02 3.121314599618116858e+01
1.000038903909146321e-01 2.434543093081583720e+01
1.001278745882409060e-01 1.809869831038626486e+01
1.002518587855671800e-01 1.279572271435648112e+01
1.003758429828934678e-01 8.582972823471836321e+00
1.004998271802197418e-01 5.444619279991729677e+00
1.006238113775460297e-01 3.251869493812919565e+00
1.007477955748722898e-01 1.818589281511939326e+00
1.008717797721985776e-01 9.464421014412274236e-01
1.009957639695248377e-01 4.555215403586170830e-01
1.011197481668511255e-01 2.015876970335741813e-01
1.012437323641773995e-01 8.161251442098656217e-02
1.013677165615036874e-01 3.009811557201565180e-02
1.014917007588299613e-01 1.007636494662783946e-02
1.016156849561562214e-01 3.053789452616919101e-03
1.017396691534825232e-01 8.359444917221058816e-04
1.018636533508087832e-01 2.063220115720943240e-04
1.019876375481350850e-01 4.584813804663304278e-05
1.021116217454613312e-01 9.162239443387902295e-06
1.022356059427876329e-01 1.645024047205215343e-06
1.023595901401138930e-01 2.651498664644223472e-07
1.024835743374401670e-01 3.834182373594377549e-08
1.026075585347664687e-01 4.971348803340074903e-09
1.027315427320927149e-01 5.776826095112473683e-10
1.028555269294190166e-01 6.013679490277301301e-11
1.029795111267452767e-01 5.606259710112760205e-12
1.031034953240715646e-01 4.679007701728376883e-13
1.032274795213978386e-01 3.495135456092181337e-14
1.033514637187241125e-01 2.336145667401622634e-15
1.034754479160503865e-01 1.396912532705055706e-16
1.035994321133766605e-01 7.471188716306998535e-18
1.037234163107029344e-01 3.573451444928204630e-19
1.038474005080292223e-01 1.528261769779815297e-20
1.039713847053555101e-01 5.843322149253258802e-22
1.040953689026817702e-01 1.997194543328311424e-23
1.042193531000080581e-01 6.101415839474490567e-25
1.043433372973343182e-01 1.665889776305193707e-26
1.044673214946606199e-01 4.064684665026885002e-28
1.045913056919868800e-01 8.862075674793091283e-30
1.047152898893131540e-01 1.726387071231396753e-31
1.048392740866394279e-01 3.004719278804944043e-33
1.049632582839657019e-01 4.672012441787645565e-35
1.050872424812920036e-01 6.489511469828268108e-37
1.052112266786182637e-01 8.051995237557304106e-39
1.053352108759445516e-01 8.923924207881624173e-41
1.054591950732708117e-01 8.833810824722947601e-43
1.055831792705970995e-01 7.810172983273548751e-45
1.057071634679233735e-01 6.167020219930699252e-47
1.058311476652496613e-01 4.348858758534711424e-49
1.059551318625759353e-01 2.738700957307313899e-51
1.060791160599022093e-01 1.540169420821081365e-53
1.062031002572284694e-01 7.734514916755535323e-56
1.063270844545547711e-01 3.468369502596553275e-58
1.064510686518810451e-01 1.388778903754942518e-60
1.065750528492073468e-01 4.965292621257456077e-63
1.066990370465335930e-01 1.585074772584033800e-65
1.068230212438598808e-01 4.517910603714118174e-68
1.069470054411861687e-01 1.149737946774514488e-70
1.070709896385124427e-01 2.612307892584520401e-73
1.071949738358387166e-01 5.299141683209003172e-76
1.073189580331649767e-01 9.596972222408607269e-79
1.074429422304912785e-01 1.551682187990692195e-81
1.075669264278175385e-01 2.239771772034932011e-84
1.076909106251438125e-01 2.886008497669836047e-87
1.078148948224701142e-01 3.216406184038343475e-90
1.079388790197963743e-01 0.000000000000000000e+00
1.080628632171226483e-01 0.000000000000000000e+00
1.081868474144489223e-01 0.000000000000000000e+00
1.083108316117752101e-01 0.000000000000000000e+00
1.084348158091014841e-01 0.000000000000000000e+00
1.085588000064277581e-01 0.000000000000000000e+00
1.086827842037540320e-01 0.000000000000000000e+00
1.088067684010803199e-01 0.000000000000000000e+00
1.089307525984065800e-01 0.000000000000000000e+00
1.090547367957328678e-01 0.000000000000000000e+00
1.091787209930591557e-01 0.000000000000000000e+00
1.093027051903854296e-01 0.000000000000000000e+00
1.094266893877116897e-01 0.000000000000000000e+00
1.095506735850379637e-01 0.000000000000000000e+00
1.096746577823642654e-01 0.000000000000000000e+00
1.097986419796905255e-01 0.000000000000000000e+00
1.099226261770168134e-01 0.000000000000000000e+00
1.100466103743430873e-01 0.000000000000000000e+00
1.101705945716693752e-01 0.000000000000000000e+00
1.102945787689956353e-01 0.000000000000000000e+00
1.104185629663219093e-01 0.000000000000000000e+00
1.105425471636482110e-01 0.000000000000000000e+00
1.106665313609744711e-01 0.000000000000000000e+00
1.107905155583007312e-01 0.000000000000000000e+00
1.109144997556270190e-01 0.000000000000000000e+00
1.110384839529533069e-01 0.000000000000000000e+00
1.111624681502795808e-01 0.000000000000000000e+00
1.112864523476058409e-01 0.000000000000000000e+00
1.114104365449321427e-01 0.000000000000000000e+00
1.115344207422584166e-01 0.000000000000000000e+00
1.116584049395846767e-01 0.000000000000000000e+00
1.117823891369109646e-01 0.000000000000000000e+00
1.119063733342372385e-01 0.000000000000000000e+00
1.120303575315635125e-01 0.000000000000000000e+00
1.121543417288897865e-01 0.000000000000000000e+00
1.122783259262160743e-01 0.000000000000000000e+00
1.124023101235423622e-01 0.000000000000000000e+00
1.125262943208686223e-01 0.000000000000000000e+00
1.126502785181948962e-01 0.000000000000000000e+00
1.127742627155211841e-01 0.000000000000000000e+00
1.128982469128474581e-01 0.000000000000000000e+00
1.130222311101737320e-01 0.000000000000000000e+00
1.131462153075000060e-01 0.000000000000000000e+00
1.132701995048262938e-01 0.000000000000000000e+00
1.133941837021525539e-01 0.000000000000000000e+00
1.135181678994788279e-01 0.000000000000000000e+00
1.136421520968051296e-01 0.000000000000000000e+00
1.137661362941314036e-01 0.000000000000000000e+00
1.138901204914576776e-01 0.000000000000000000e+00
1.140141046887839377e-01 0.000000000000000000e+00
1.141380888861102394e-01 0.000000000000000000e+00
1.142620730834365134e-01 0.000000000000000000e+00
1.143860572807627735e-01 0.000000000000000000e+00
1.145100414780890613e-01 0.000000000000000000e+00
1.146340256754153353e-01 0.000000000000000000e+00
1.147580098727415954e-01 0.000000000000000000e+00
1.148819940700678832e-01 0.000000000000000000e+00
1.150059782673941711e-01 0.000000000000000000e+00
1.151299624647204589e-01 0.000000000000000000e+00
1.152539466620467051e-01 0.000000000000000000e+00
1.153779308593729791e-01 0.000000000000000000e+00
1.155019150566992808e-01 0.000000000000000000e+00
1.156258992540255548e-01 0.000000000000000000e+00
1.157498834513518288e-01 0.000000000000000000e+00
1.158738676486781027e-01 0.000000000000000000e+00
1.159978518460043906e-01 0.000000000000000000e+00
1.161218360433306507e-01 0.000000000000000000e+00
1.162458202406569246e-01 0.000000000000000000e+00
1.163698044379832264e-01 0.000000000000000000e+00
1.164937886353095003e-01 0.000000000000000000e+00
1.166177728326357604e-01 0.000000000000000000e+00
1.167417570299620344e-01 0.000000000000000000e+00
1.168657412272883223e-01 0.000000000000000000e+00
1.169897254246145962e-01 0.000000000000000000e+00
1.171137096219408702e-01 0.000000000000000000e+00
1.172376938192671580e-01 0.000000000000000000e+00
1.173616780165934320e-01 0.000000000000000000e+00
1.174856622139196921e-01 0.000000000000000000e+00
1.176096464112459800e-01 0.000000000000000000e+00
1.177336306085722678e-01 0.000000000000000000e+00
1.178576148058985418e-01 0.000000000000000000e+00
1.179815990032248019e-01 0.000000000000000000e+00
1.181055832005510897e-01 0.000000000000000000e+00
1.182295673978773776e-01 0.000000000000000000e+00
1.183535515952036377e-01 0.000000000000000000e+00
1.184775357925299255e-01 0.000000000000000000e+00
1.186015199898561995e-01 0.000000000000000000e+00
1.187255041871824734e-01 0.000000000000000000e+00
1.188494883845087474e-01 0.000000000000000000e+00
1.189734725818350214e-01 0.000000000000000000e+00
1.190974567791613231e-01 0.000000000000000000e+00
1.192214409764875832e-01 0.000000000000000000e+00
1.193454251738138433e-01 0.000000000000000000e+00
1.194694093711401450e-01 0.000000000000000000e+00
1.195933935684664190e-01 0.000000000000000000e+00
1.197173777657926930e-01 0.000000000000000000e+00
1.198413619631189669e-01 0.000000000000000000e+00
1.199653461604452548e-01 0.000000000000000000e+00
1.200893303577715288e-01 0.000000000000000000e+00
1.202133145550977888e-01 0.000000000000000000e+00
1.203372987524240767e-01 0.000000000000000000e+00
1.204612829497503645e-01 0.000000000000000000e+00
1.205852671470766108e-01 0.000000000000000000e+00
1.207092513444028986e-01 0.000000000000000000e+00
1.208332355417291865e-01 0.000000000000000000e+00
1.209572197390554743e-01 0.000000000000000000e+00
1.210812039363817344e-01 0.000000000000000000e+00
1.212051881337080084e-01 0.000000000000000000e+00
1.213291723310342962e-01 0.000000000000000000e+00
1.214531565283605702e-01 0.000000000000000000e+00
1.215771407256868442e-01 0.000000000000000000e+00
1.217011249230131320e-01 0.000000000000000000e+00
1.218251091203394060e-01 0.000000000000000000e+00
1.219490933176656661e-01 0.000000000000000000e+00
1.220730775149919400e-01 0.000000000000000000e+00
1.221970617123182418e-01 0.000000000000000000e+00
1.223210459096445157e-01 0.000000000000000000e+00
1.224450301069707897e-01 0.000000000000000000e+00
1.225690143042970498e-01 0.000000000000000000e+00
1.226929985016233376e-01 0.000000000000000000e+00
1.228169826989496255e-01 0.000000000000000000e+00
1.229409668962758856e-01 0.000000000000000000e+00
1.230649510936021873e-01 0.000000000000000000e+00
1.231889352909284474e-01 0.000000000000000000e+00
1.233129194882547075e-01 0.000000000000000000e+00
1.234369036855809953e-01 0.000000000000000000e+00
1.235608878829072832e-01 0.000000000000000000e+00
1.236848720802335710e-01 0.000000000000000000e+00
1.238088562775598311e-01 0.000000000000000000e+00
1.239328404748861190e-01 0.000000000000000000e+00
1.240568246722123930e-01 0.000000000000000000e+00
1.241808088695386669e-01 0.000000000000000000e+00
1.243047930668649409e-01 0.000000000000000000e+00
1.244287772641912287e-01 0.000000000000000000e+00
1.245527614615175027e-01 0.000000000000000000e+00
1.246767456588437628e-01 5.700989874239387797e-94
1.248007298561700368e-01 2.366955274497690287e-88
1.249247140534963385e-01 1.990472434571053249e-85
1.250486982508226264e-01 1.488411003490540756e-82
1.251726824481488864e-01 9.935970835050808948e-80
1.252966666454751465e-01 5.921467303099295362e-77
1.254206508428014344e-01 3.150545819252150832e-74
1.255446350401276945e-01 1.496531658510136689e-71
1.256686192374540101e-01 6.346528999381679452e-69
1.257926034347802702e-01 2.402945544380647911e-66
1.259165876321065303e-01 8.122999417536061620e-64
1.260405718294328181e-01 2.451668891642973867e-61
1.261645560267591060e-01 6.606763656300333134e-59
1.262885402240853938e-01 1.589668609272132036e-56
1.264125244214116539e-01 3.415272295360293352e-54
1.265365086187379418e-01 6.551727426648364783e-52
1.266604928160642018e-01 1.122302132841147891e-49
1.267844770133904897e-01 1.716721955366733959e-47
1.269084612107167498e-01 2.344985548336947922e-45
1.270324454080430376e-01 2.860523225449668962e-43
1.271564296053693255e-01 3.116250222919124121e-41
1.272804138026955856e-01 3.031926564865405460e-39
1.274043980000218734e-01 2.634657936461092635e-37
1.275283821973481613e-01 2.044893128443291445e-35
1.276523663946744214e-01 1.417690979784308081e-33
1.277763505920007092e-01 8.779773070151814185e-32
1.279003347893269693e-01 4.857408459382782804e-30
1.280243189866532572e-01 2.400918712249872905e-28
1.281483031839795450e-01 1.060320195854698540e-26
1.282722873813057773e-01 4.184295688925157879e-25
1.283962715786320929e-01 1.475627245446509890e-23
1.285202557759583530e-01 4.651015747236894386e-22
1.286442399732846409e-01 1.310354706421687118e-20
1.287682241706109287e-01 3.300339938394623472e-19
1.288922083679371888e-01 7.432285460550006248e-18
1.290161925652634767e-01 1.496759877241745292e-16
1.291401767625897368e-01 2.696048465746976708e-15
1.292641609599160246e-01 4.344473287206615026e-14
1.293881451572423125e-01 6.264370950271595381e-13
1.295121293545685726e-01 8.084540499690771864e-12
1.296361135518948604e-01 9.340876235039931665e-11
1.297600977492211205e-01 9.665001863596700867e-10
1.298840819465474083e-01 8.958539593204669743e-09
1.300080661438736962e-01 7.441217472877150493e-08
1.301320503411999563e-01 5.540957146240969813e-07
1.302560345385262441e-01 3.700277687601094832e-06
1.303800187358525320e-01 2.217071801889533680e-05
1.305040029331787643e-01 1.192397789601905143e-04
1.306279871305050799e-01 5.759332801732683100e-04
1.307519713278313400e-01 2.499547788658116644e-03
1.308759555251576279e-01 9.752931506479971951e-03
1.309999397224839157e-01 3.423430630632021132e-02
1.311239239198101758e-01 1.081777475701199698e-01
1.312479081171364637e-01 3.079659228919561231e-01
1.313718923144627237e-01 7.905928887092747992e-01
1.314958765117890116e-01 1.832196991739900804e+00
1.316198607091152994e-01 3.838585673505818363e+00
1.317438449064415595e-01 7.283634288364870812e+00
1.318678291037678474e-01 1.254796678910260965e+01
1.319918133010941075e-01 1.969270959958021194e+01
1.321157974984203953e-01 2.828354525533960029e+01
1.322397816957466832e-01 3.740447386617916692e+01
1.323637658930729433e-01 4.590844561019084580e+01
1.324877500903992311e-01 5.278246046282728088e+01
1.326117342877254912e-01 5.740007406070043317e+01
1.327357184850517791e-01 5.951438119574127228e+01
1.328597026823780669e-01 5.906344211976298908e+01
1.329836868797043548e-01 5.601928242754971876e+01
1.331076710770306148e-01 5.045067325434786198e+01
1.332316552743569027e-01 4.274062148798508787e+01
1.333556394716831905e-01 3.372459894187121421e+01
1.334796236690094229e-01 2.456496807380083780e+01
1.336036078663357107e-01 1.639861717985861489e+01
1.337275920636619986e-01 9.977220830417493858e+00
1.338515762609882587e-01 5.509669518679936928e+00
1.339755604583145465e-01 2.753124724070475704e+00
1.340995446556408066e-01 1.242006615732020647e+00
1.342235288529671222e-01 5.049852937288749066e-01
1.343475130502933823e-01 1.848099304571912682e-01
1.344714972476196702e-01 6.081702370153751341e-02
1.345954814449459580e-01 1.798175183058632956e-02
1.347194656422721903e-01 4.773836157857106778e-03
1.348434498395984782e-01 1.137376533595395138e-03
1.349674340369247660e-01 2.430823336384331122e-04
1.350914182342510261e-01 4.658602179261405683e-05
1.352154024315773140e-01 8.003401576607783514e-06
1.353393866289036018e-01 1.232232935886195909e-06
1.354633708262298897e-01 1.700034749751842305e-07
1.355873550235561498e-01 2.115970708157418441e-08
1.357113392208824376e-01 3.336458132655257644e-09
1.358353234182087255e-01 6.173130371108743749e-09
1.359593076155349856e-01 3.145849597631842999e-08
1.360832918128612457e-01 1.499651075107963343e-07
1.362072760101875335e-01 6.458122611047234809e-07
1.363312602075138213e-01 2.514372754462020123e-06
1.364552444048400814e-01 8.864756821438521861e-06
1.365792286021663693e-01 2.835603072975272435e-05
1.367032127994926571e-01 8.247651844997155358e-05
1.368271969968189172e-01 2.186986108254222510e-04
1.369511811941452051e-01 5.302749114541906172e-04
1.370751653914714929e-01 1.179810765778608597e-03
1.371991495887977530e-01 2.418393522504395238e-03
1.373231337861240409e-01 4.588152724599347393e-03
1.374471179834503010e-01 8.098185390308961298e-03
1.375711021807765888e-01 1.337380711227389996e-02
1.376950863781028489e-01 2.079298630401871240e-02
1.378190705754291367e-01 3.063264663747664387e-02
1.379430547727554246e-01 4.304426098378071747e-02
1.380670389700816847e-01 5.806419293860370229e-02
1.381910231674079725e-01 7.564874304184779352e-02
1.383150073647342604e-01 9.571623186633698710e-02
1.384389915620605205e-01 1.181812418943155030e-01
1.385629757593868083e-01 1.429747036254370718e-01
1.386869599567130684e-01 1.700513093651169483e-01
1.388109441540393563e-01 1.993892779574840401e-01
1.389349283513656164e-01 2.309872013168582927e-01
1.390589125486919042e-01 2.648607818177076134e-01
1.391828967460181921e-01 3.010405009391011188e-01
1.393068809433444522e-01 3.395702796352116359e-01
1.394308651406707400e-01 3.805068651065994789e-01
1.395548493379970278e-01 4.239196744542161333e-01
1.396788335353233157e-01 4.698909123362349782e-01
1.398028177326495758e-01 5.185158592326856164e-01
1.399268019299758636e-01 5.699032754423599689e-01
1.400507861273021237e-01 6.241758956956972026e-01
1.401747703246283838e-01 6.814710103972319022e-01
1.402987545219546717e-01 7.419411360862647742e-01
1.404227387192809595e-01 8.057547863400257304e-01
1.405467229166072196e-01 8.730973759648473775e-01
1.406707071139335075e-01 9.441722923069677531e-01
1.407946913112597953e-01 1.019202161576418408e+00
1.409186755085860832e-01 1.098430366619867371e+00
1.410426597059123432e-01 1.182122886884914736e+00
1.411666439032386311e-01 1.270570524444689653e+00
1.412906281005649189e-01 1.364091628812453383e+00
1.414146122978911513e-01 1.463035489776944864e+00
1.415385964952174391e-01 1.567786578635783634e+00
1.416625806925437270e-01 1.678769881404912789e+00
1.417865648898699871e-01 1.796457689841413963e+00
1.419105490871962749e-01 1.921378339649254308e+00
1.420345332845225628e-01 2.054127601829108141e+00
1.421585174818488506e-01 2.195383813997027200e+00
1.422825016791751107e-01 2.345928424740378659e+00
1.424064858765013986e-01 2.506674684191072089e+00
1.425304700738276864e-01 2.678709247989482733e+00
1.426544542711539187e-01 2.863355296794968918e+00
1.427784384684802066e-01 3.062272617613323700e+00
1.429024226658064944e-01 3.277619995446857004e+00
1.430264068631327545e-01 3.512311876457250737e+00
1.431503910604590424e-01 3.770381752153586064e+00
1.432743752577853302e-01 4.057372049879199416e+00
1.433983594551116181e-01 4.380454287582579376e+00
1.435223436524378782e-01 4.747673936833573194e+00
1.436463278497641660e-01 5.165545035814191444e+00
1.437703120470904539e-01 5.634629191560455830e+00
1.438942962444167140e-01 6.144027905720790272e+00
1.440182804417429741e-01 6.667455774004841018e+00
1.441422646390692619e-01 7.164331071996113742e+00
1.442662488363955220e-01 7.587656726480249247e+00
1.443902330337218098e-01 7.896576478991505610e+00
1.445142172310480977e-01 8.067925405648313841e+00
1.446382014283743855e-01 8.100918434314252181e+00
1.447621856257006456e-01 8.012941519074717078e+00
1.448861698230269335e-01 7.829480739849887350e+00
1.450101540203532213e-01 7.573923064617873457e+00
1.451341382176794814e-01 7.262047744421670004e+00
1.452581224150057693e-01 6.903234251814560629e+00
1.453821066123320294e-01 6.508136190466498050e+00
1.455060908096582895e-01 6.101425756122312194e+00
1.456300750069845773e-01 5.736853692502206670e+00
1.457540592043108651e-01 5.508937893324174162e+00
1.458780434016371530e-01 5.551974088842906774e+00
1.460020275989634131e-01 6.016477056752424168e+00
1.461260117962897009e-01 7.019979783274432172e+00
1.462499959936159888e-01 8.583960238114089591e+00
1.463739801909422489e-01 1.058481249998811613e+01
1.464979643882685367e-01 1.275171078165949901e+01
1.466219485855947968e-01 1.472811670751634594e+01
1.467459327829210847e-01 1.618024729802738548e+01
1.468699169802473448e-01 1.690496732105306421e+01
1.469939011775736326e-01 1.688493770276608430e+01
1.471178853748999205e-01 1.626733814745513129e+01
1.472418695722261806e-01 1.528525727150483959e+01
1.473658537695524684e-01 1.416776690219242774e+01
1.474898379668787562e-01 1.307987009938268308e+01
1.476138221642050163e-01 1.210667945144153101e+01
1.477378063615313042e-01 1.127023677135197488e+01
1.478617905588575920e-01 1.055757539535351341e+01
1.479857747561838521e-01 9.943997528019075105e+00
1.481097589535101122e-01 9.406026148244722052e+00
1.482337431508364001e-01 8.925836204763731629e+00
1.483577273481626879e-01 8.491162569163764218e+00
1.484817115454889480e-01 8.093757807840866292e+00
1.486056957428152359e-01 7.727880060879875224e+00
1.487296799401415237e-01 7.389215379171236719e+00
1.488536641374677838e-01 7.074188584374182298e+00
1.489776483347940716e-01 6.779521732260865186e+00
1.491016325321203595e-01 6.501927180518654481e+00
1.492256167294466473e-01 6.237866410059170974e+00
1.493496009267728797e-01 5.983339344753248135e+00
1.494735851240991675e-01 5.733694674081107223e+00
1.495975693214254554e-01 5.483477276227770147e+00
1.497215535187517155e-01 5.226358563362837550e+00
1.498455377160780033e-01 4.955227039123647259e+00
1.499695219134042912e-01 4.662539015965701417e+00
1.500935061107305790e-01 4.341026974802032257e+00
1.502174903080568391e-01 3.984820331685354766e+00
1.503414745053831270e-01 3.590941840388262474e+00
1.504654587027094148e-01 3.160997529133699135e+00
1.505894429000356471e-01 2.702677420981190792e+00
1.507134270973619350e-01 2.230463350668059785e+00
1.508374112946882228e-01 1.764833774634013919e+00
1.509613954920144829e-01 1.329495391543805694e+00
1.510853796893407708e-01 9.469016193263191106e-01
1.512093638866670586e-01 6.333099232667462886e-01
1.513333480839933465e-01 3.952424753807063373e-01
1.514573322813196066e-01 2.288403924808953271e-01
1.515813164786458944e-01 1.222878203324765239e-01
1.517053006759721823e-01 6.004187044160273073e-02
1.518292848732984424e-01 2.698060313225136148e-02
1.519532690706247025e-01 1.105923459080016338e-02
1.520772532679509903e-01 4.123246535282915765e-03
1.522012374652772504e-01 1.394907036475848084e-03
1.523252216626035382e-01 4.273190873553729414e-04
1.524492058599298261e-01 1.183323012440221095e-04
1.525731900572561139e-01 2.957694319468890575e-05
1.526971742545823740e-01 6.664244634269824455e-06
1.528211584519086619e-01 1.352145311671594721e-06
1.529451426492349497e-01 2.468103737413209070e-07
1.530691268465612098e-01 4.049664492170450084e-08
1.531931110438874977e-01 5.968768523765289629e-09
1.533170952412137578e-01 7.897584148765988612e-10
1.534410794385400179e-01 9.375938806845385187e-11
1.535650636358663057e-01 9.982557666413738920e-12
1.536890478331925936e-01 9.527860048793105706e-13
1.538130320305188814e-01 8.149223002606887822e-14
1.539370162278451415e-01 6.244003662695500464e-15
1.540610004251714293e-01 4.284603170943019084e-16
1.541849846224977172e-01 2.632367217013570468e-17
1.543089688198239773e-01 1.447672789903012051e-18
1.544329530171502651e-01 7.125122375998026998e-20
1.545569372144765252e-01 3.137842189535558841e-21
1.546809214118027853e-01 1.236270363560345619e-22
1.548049056091290732e-01 4.356854452473841695e-24
1.549288898064553610e-01 1.373249985989017213e-25
1.550528740037816489e-01 3.870688319765199409e-27
1.551768582011079090e-01 9.755256207974143067e-29
1.553008423984341968e-01 2.198138583739459182e-30
1.554248265957604846e-01 4.427872719872808460e-32
1.555488107930867447e-01 7.972966278430201438e-34
1.556727949904130326e-01 1.283197441042287088e-35
1.557967791877393204e-01 1.845790690502630713e-37
1.559207633850655805e-01 2.372771009200649954e-39
1.560447475823918406e-01 2.725741837065825804e-41
1.561687317797181285e-01 2.797964018707629109e-43
1.562927159770444163e-01 2.566272307627881656e-45
1.564167001743706764e-01 2.103016998207680706e-47
1.565406843716969643e-01 1.539713333622365554e-49
1.566646685690232521e-01 1.007100617712840618e-51
1.567886527663495122e-01 5.884665169663940706e-54
1.569126369636758001e-01 3.071620727213201832e-56
1.570366211610021157e-01 1.432162639533291147e-58
1.571606053583283757e-01 5.964566097715407366e-61
1.572845895556546081e-01 2.218762302405089905e-63
1.574085737529808959e-01 7.371782016220197309e-66
1.575325579503071838e-01 2.187504871846886277e-68
1.576565421476334439e-01 5.797304280998685823e-71
1.577805263449597317e-01 1.372113241128098138e-73
1.579045105422860196e-01 2.900196516459472740e-76
1.580284947396122797e-01 5.474265303132835153e-79
1.581524789369385675e-01 9.227265433491127548e-82
1.582764631342648554e-01 1.388855940013719588e-84
1.584004473315911710e-01 1.866645556897346234e-87
1.585244315289173755e-01 2.217940352073979972e-90
1.586484157262436634e-01 0.000000000000000000e+00
1.587723999235699512e-01 0.000000000000000000e+00
1.588963841208962113e-01 0.000000000000000000e+00
1.590203683182224992e-01 0.000000000000000000e+00
1.591443525155487870e-01 0.000000000000000000e+00
1.592683367128750749e-01 0.000000000000000000e+00
1.593923209102013350e-01 0.000000000000000000e+00
1.595163051075276228e-01 0.000000000000000000e+00
1.596402893048539107e-01 0.000000000000000000e+00
1.597642735021801708e-01 0.000000000000000000e+00
1.598882576995064309e-01 0.000000000000000000e+00
1.600122418968327187e-01 0.000000000000000000e+00
1.601362260941589788e-01 0.000000000000000000e+00
1.602602102914852666e-01 0.000000000000000000e+00
1.603841944888115545e-01 0.000000000000000000e+00
1.605081786861378423e-01 0.000000000000000000e+00
1.606321628834641302e-01 0.000000000000000000e+00
1.607561470807903903e-01 0.000000000000000000e+00
1.608801312781166781e-01 0.000000000000000000e+00
1.610041154754429382e-01 0.000000000000000000e+00
1.611280996727692261e-01 0.000000000000000000e+00
1.612520838700954862e-01 0.000000000000000000e+00
1.613760680674217463e-01 0.000000000000000000e+00
1.615000522647480341e-01 0.000000000000000000e+00
1.616240364620743220e-01 0.000000000000000000e+00
1.617480206594006098e-01 0.000000000000000000e+00
1.618720048567268699e-01 0.000000000000000000e+00
1.619959890540531855e-01 0.000000000000000000e+00
1.621199732513794456e-01 0.000000000000000000e+00
1.622439574487057057e-01 0.000000000000000000e+00
1.623679416460319935e-01 0.000000000000000000e+00
1.624919258433582536e-01 0.000000000000000000e+00
1.626159100406845137e-01 0.000000000000000000e+00
1.627398942380108016e-01 0.000000000000000000e+00
1.628638784353371172e-01 0.000000000000000000e+00
1.629878626326633773e-01 0.000000000000000000e+00
1.631118468299896374e-01 0.000000000000000000e+00
1.632358310273159252e-01 0.000000000000000000e+00
1.633598152246422130e-01 0.000000000000000000e+00
1.634837994219684731e-01 0.000000000000000000e+00
1.636077836192947610e-01 0.000000000000000000e+00
1.637317678166210488e-01 0.000000000000000000e+00
1.638557520139472812e-01 0.000000000000000000e+00
1.639797362112735690e-01 0.000000000000000000e+00
1.641037204085998569e-01 0.000000000000000000e+00
1.642277046059261725e-01 0.000000000000000000e+00
1.643516888032524048e-01 0.000000000000000000e+00
1.644756730005786927e-01 0.000000000000000000e+00
1.645996571979049805e-01 0.000000000000000000e+00
1.647236413952312406e-01 0.000000000000000000e+00
1.648476255925575285e-01 0.000000000000000000e+00
1.649716097898838163e-01 0.000000000000000000e+00
1.650955939872100486e-01 0.000000000000000000e+00
1.652195781845363365e-01 0.000000000000000000e+00
1.653435623818626243e-01 0.000000000000000000e+00
1.654675465791889122e-01 0.000000000000000000e+00
1.655915307765152000e-01 0.000000000000000000e+00
1.657155149738414601e-01 0.000000000000000000e+00
1.658394991711677480e-01 0.000000000000000000e+00
1.659634833684940081e-01 0.000000000000000000e+00
1.660874675658202959e-01 0.000000000000000000e+00
1.662114517631465838e-01 0.000000000000000000e+00
1.663354359604728716e-01 0.000000000000000000e+00
1.664594201577991317e-01 0.000000000000000000e+00
1.665834043551253918e-01 0.000000000000000000e+00
1.667073885524516796e-01 0.000000000000000000e+00
1.668313727497779397e-01 0.000000000000000000e+00
1.669553569471042276e-01 0.000000000000000000e+00
1.670793411444305154e-01 0.000000000000000000e+00
1.672033253417567755e-01 0.000000000000000000e+00
1.673273095390830634e-01 0.000000000000000000e+00
1.674512937364093512e-01 0.000000000000000000e+00
1.675752779337356391e-01 0.000000000000000000e+00
1.676992621310618992e-01 0.000000000000000000e+00
1.678232463283881870e-01 0.000000000000000000e+00
1.679472305257144471e-01 0.000000000000000000e+00
1.680712147230407072e-01 0.000000000000000000e+00
1.681951989203669950e-01 0.000000000000000000e+00
1.683191831176932829e-01 0.000000000000000000e+00
1.684431673150195430e-01 0.000000000000000000e+00
1.685671515123458308e-01 0.000000000000000000e+00
1.686911357096721464e-01 0.000000000000000000e+00
1.688151199069984065e-01 0.000000000000000000e+00
1.689391041043246666e-01 0.000000000000000000e+00
1.690630883016509267e-01 0.000000000000000000e+00
1.691870724989772423e-01 0.000000000000000000e+00
1.693110566963034747e-01 0.000000000000000000e+00
1.694350408936297625e-01 0.000000000000000000e+00
1.695590250909560504e-01 0.000000000000000000e+00
1.696830092882823382e-01 0.000000000000000000e+00
1.698069934856085983e-01 0.000000000000000000e+00
1.699309776829348861e-01 0.000000000000000000e+00
1.700549618802612017e-01 0.000000000000000000e+00
1.701789460775874341e-01 0.000000000000000000e+00
1.703029302749137219e-01 0.000000000000000000e+00
1.704269144722399820e-01 0.000000000000000000e+00
1.705508986695662699e-01 0.000000000000000000e+00
1.706748828668925300e-01 0.000000000000000000e+00
1.707988670642188178e-01 0.000000000000000000e+00
1.709228512615451334e-01 0.000000000000000000e+00
1.710468354588713658e-01 0.000000000000000000e+00
1.711708196561976536e-01 0.000000000000000000e+00
1.712948038535239415e-01 0.000000000000000000e+00
1.714187880508502293e-01 0.000000000000000000e+00
1.715427722481764894e-01 0.000000000000000000e+00
1.716667564455027772e-01 0.000000000000000000e+00
1.717907406428290096e-01 0.000000000000000000e+00
1.719147248401552974e-01 0.000000000000000000e+00
1.720387090374815853e-01 0.000000000000000000e+00
1.721626932348078731e-01 0.000000000000000000e+00
1.722866774321341610e-01 0.000000000000000000e+00
1.724106616294604211e-01 0.000000000000000000e+00
1.725346458267867089e-01 0.000000000000000000e+00
1.726586300241129690e-01 0.000000000000000000e+00
1.727826142214392846e-01 0.000000000000000000e+00
1.729065984187655447e-01 0.000000000000000000e+00
1.730305826160917770e-01 0.000000000000000000e+00
1.731545668134180649e-01 0.000000000000000000e+00
1.732785510107443527e-01 0.000000000000000000e+00
1.734025352080706406e-01 0.000000000000000000e+00
1.735265194053969007e-01 0.000000000000000000e+00
1.736505036027232163e-01 0.000000000000000000e+00
1.737744878000494764e-01 0.000000000000000000e+00
1.738984719973757365e-01 0.000000000000000000e+00
1.740224561947020243e-01 0.000000000000000000e+00
1.741464403920283399e-01 0.000000000000000000e+00
1.742704245893546000e-01 0.000000000000000000e+00
1.743944087866808323e-01 0.000000000000000000e+00
1.745183929840071480e-01 0.000000000000000000e+00
1.746423771813334080e-01 0.000000000000000000e+00
1.747663613786596681e-01 0.000000000000000000e+00
1.748903455759859560e-01 0.000000000000000000e+00
1.750143297733122716e-01 0.000000000000000000e+00
1.751383139706385039e-01 0.000000000000000000e+00
1.752622981679647918e-01 0.000000000000000000e+00
1.753862823652910796e-01 0.000000000000000000e+00
1.755102665626173675e-01 0.000000000000000000e+00
1.756342507599436276e-01 0.000000000000000000e+00
1.757582349572698877e-01 0.000000000000000000e+00
1.758822191545962033e-01 0.000000000000000000e+00
1.760062033519224356e-01 0.000000000000000000e+00
1.761301875492487234e-01 0.000000000000000000e+00
1.762541717465750113e-01 0.000000000000000000e+00
1.763781559439013269e-01 0.000000000000000000e+00
1.765021401412275592e-01 0.000000000000000000e+00
1.766261243385538471e-01 0.000000000000000000e+00
1.767501085358801627e-01 0.000000000000000000e+00
1.768740927332063950e-01 0.000000000000000000e+00
1.769980769305326551e-01 0.000000000000000000e+00
1.771220611278589430e-01 0.000000000000000000e+00
1.772460453251852308e-01 0.000000000000000000e+00
1.773700295225114909e-01 0.000000000000000000e+00
1.774940137198377788e-01 0.000000000000000000e+00
1.776179979171640388e-01 0.000000000000000000e+00
1.777419821144903544e-01 0.000000000000000000e+00
1.778659663118166145e-01 0.000000000000000000e+00
1.779899505091429024e-01 0.000000000000000000e+00
1.781139347064691902e-01 0.000000000000000000e+00
1.782379189037954503e-01 0.000000000000000000e+00
1.783619031011217104e-01 0.000000000000000000e+00
1.784858872984479705e-01 0.000000000000000000e+00
1.786098714957742861e-01 0.000000000000000000e+00
1.787338556931005462e-01 0.000000000000000000e+00
1.788578398904268341e-01 0.000000000000000000e+00
1.789818240877530942e-01 0.000000000000000000e+00
1.791058082850794098e-01 0.000000000000000000e+00
1.792297924824056699e-01 0.000000000000000000e+00
1.793537766797319299e-01 0.000000000000000000e+00
1.794777608770582455e-01 0.000000000000000000e+00
1.796017450743845056e-01 0.000000000000000000e+00
1.797257292717107380e-01 0.000000000000000000e+00
1.798497134690370258e-01 0.000000000000000000e+00
1.799736976663633414e-01 0.000000000000000000e+00
1.800976818636896015e-01 0.000000000000000000e+00
1.802216660610158616e-01 0.000000000000000000e+00
1.803456502583421772e-01 0.000000000000000000e+00
1.804696344556684373e-01 0.000000000000000000e+00
1.805936186529946974e-01 0.000000000000000000e+00
1.807176028503209853e-01 0.000000000000000000e+00
1.808415870476473009e-01 0.000000000000000000e+00
1.809655712449735054e-01 0.000000000000000000e+00
1.810895554422997933e-01 0.000000000000000000e+00
1.812135396396260811e-01 0.000000000000000000e+00
1.813375238369523967e-01 0.000000000000000000e+00
1.814615080342786291e-01 0.000000000000000000e+00
1.815854922316049169e-01 0.000000000000000000e+00
1.817094764289312325e-01 0.000000000000000000e+00
1.818334606262574649e-01 0.000000000000000000e+00
1.819574448235837527e-01 0.000000000000000000e+00
1.820814290209100406e-01 0.000000000000000000e+00
1.822054132182363562e-01 0.000000000000000000e+00
