3.733759526265960449e+04 2.734428297017805562e+03 1.160795820725630279e+02
3.739807753920347022e+04 2.742414314186139563e+03 1.166598647667279494e+02
3.757111126508709276e+04 2.765416939190516587e+03 1.183070827840008548e+02
3.783187209377104591e+04 2.800430155488785203e+03 1.207444122145523551e+02
3.814384247882034833e+04 2.842772104373259936e+03 1.235823265467529666e+02
3.846546090752170858e+04 2.886775967976161610e+03 1.264051165566328905e+02
3.875864306006980769e+04 2.927006862719881155e+03 1.288688302227789109e+02
3.899651484639325645e+04 2.959550966553651051e+03 1.307723145367980919e+02
3.916778055842676258e+04 2.982816609409349439e+03 1.320777680401579630e+02
3.927602530136140558e+04 2.997418839321946507e+03 1.328712409381365092e+02
3.933503605625449563e+04 3.005381610929384351e+03 1.332976255637930194e+02
3.936156430769122380e+04 3.009008165534180080e+03 1.334931113199940569e+02
3.936877920509564865e+04 3.010015998030619812e+03 1.335487374017825459e+02
3.936159712088482775e+04 3.009021047142358839e+03 1.334944356857134267e+02
3.933504563757176220e+04 3.005397594717318043e+03 1.332990497394739577e+02
3.927607764570499421e+04 2.997453096721046677e+03 1.328742166325728249e+02
3.916788597833571112e+04 2.982873823299574724e+03 1.320828771288252312e+02
3.899667164397193119e+04 2.959628605426330978e+03 1.307793395312794473e+02
3.875881711321230978e+04 2.927092968099136669e+03 1.288768260475435454e+02
3.846561779956713872e+04 2.886857303264597249e+03 1.264129130510546020e+02
3.814395710337466153e+04 2.842836757328232125e+03 1.235888397933827036e+02
3.783196109490044910e+04 2.800478408668631346e+03 1.207496269465133594e+02
3.757115200099343201e+04 2.765444618031840037e+03 1.183103338699415445e+02
3.739808528839104110e+04 2.742424107401657238e+03 1.166610789350577591e+02
3.733759526265960449e+04 2.734428297017805562e+03 1.160795820725630279e+02
