740.8733126555408,	 2.3101297000832337e-29
545.9323504458911,	 1.4174741629268423e-29
367.73850998508374,	 7.564633275546476e-30
239.1500220122512,	 4.641588833612905e-30
137.25815991079972,	 2.8480358684358632e-30
91.83370669784944,	 2.6560877829467382e-30
72.83571266693916,	 2.8480358684358632e-30
63.8130585404631,	 4.3287612810831676e-30
48.995634682768156,	 1.0722672220103516e-29
44.546513457963165,	 2.3101297000832337e-29
33.443590448455446,	 1.74752840000774e-29
22.357563727606752,	 1.321941148466072e-29
14.170908632360273,	 1.0722672220103516e-29
11.447925722024847,	 1.321941148466072e-29
8.322407974980123,	 2.477076355991795e-29
6.986449411118465,	 6.135907273413339e-29
6.1842201636301875,	 1.3219411484660719e-28
5.538139248723255,	 5.7223676593504075e-28
5.223888424678291,	 1.6297508346206934e-27
4.977023564332112,	 6.135907273413389e-27
4.995903573904779,	 1.629750834620707e-26
4.266002853882566,	 3.274549162877839e-26
3.4593507417385703,	 1.0722672220103604e-25
