525.5	0.00236	    0.99741   9.8e-4
394.8	0.00314	    0.99590   2.05e-3 
281.8	0.0044 	    0.99385   4.3e-3
185.1	0.0067 	    0.9905    9.5e-3
155 	0.007999    .99	      1.47e-2
150 	0.008266    .99       1.55e-2	 
145 	0.008550    .99	      1.63e-2	 
140 	0.008856    .99       1.71e-2	 
135 	0.009184    .99	      1.77e-2	 
130 	0.009537    .99	      1.98e-2	 
127.5 	0.009725    .99	      1.94e-2	 
125 	0.009919    .99	      1.98e-2	 
122.5 	0.01012     .99	      2.02e-2	 
120	0.01033     .99	      1.99e-2	 
115	0.01078     .99	      2.06e-2	 
110	0.01127     .99	      2.21e-2	 
105 	0.01181     .99	      2.37e-2	 
100	0.01240	    .99	      2.57e-2	 
97.5 	0.01272     .99	      2.65e-2	 
95 	0.01305     .99	      2.71e-2	 
90 	0.01378     .99	      2.79e-2	 
85 	0.01459     .99	      3.03e-2	 
80 	0.01550     .99	      3.26e-2	 
75 	0.01653     .99	      3.39e-2	 
70 	0.01771     .99	      3.52e-2	 
65 	0.01907     .99	      3.67e-2	 
60 	0.02066     .99	      3.94e-2	 
55 	0.02254     .99	      4.23e-2	 
50 	0.02480     .99	      4.52e-2	 
45 	0.02755     .99	      5.04e-2	 
40 	0.03100     .99	      6.04e-2	 
38 	0.03263     .99	      6.51e-2	 
36 	0.03444     .99	      7.40e-2	 
34 	0.03647     .99	      8.56e-2	 
32 	0.03875	    .99	      9.99e-2
31 	0.04000     .99	      0.106
30 	0.04133     .99	      0.102	 
29 	0.04275     .99	      7.14e-2	 
28 	0.04428     .99	      7.47e-2	 
26	0.04769     .99	      0.110
24 	0.05166     .99	      0.144
22 	0.05636     .99	      0.179
20 	0.06199     .99	      0.237
10 	0.1240      0.93      0.86
9.5	0.1305	    .93	      1.0
9	0.1378 	    0.92      1.14
8.5	0.1459 	    0.92      1.2
8	0.1550 	    0.92      1.4 
7.5	0.1653 	    .96      1.6
7	0.1771 	    1.0      1.8 
6.5	0.1907 	    1.1      2.05
6	0.2066 	    1.16     2.557
5.94 	0.2087 	    1.073    2.774 
5.9 	0.2101	    1.108    2.801 
5.84 	0.2123 	    1.167    2.831 
5.8 	0.2138 	    1.209    2.862 
5.75 	0.2156	    1.48     2.873 
5.74 	0.2160 	    1.273    2.874 
5.7 	0.2175 	    1.293    2.163 
5.64 	0.2198 	    1.345    2.852 
5.6 	0.2214 	    1.360    2.846 
5.54 	0.2238 	    1.372    2.842 
5.5	0.2254	    1.380    2.842 
5.44 	0.2279 	    1.387    2.849 
5.4 	0.2296 	    1.383    2.854 
5.34 	0.2322	    1.377    2.877 
5.3 	0.2339 	    1.371    2.897 
5.24 	0.2366	    1.366    2.938 
5.2 	0.2384 	    1.364    2.973 
5.14 	0.2412 	    1.366    3.031 
5.1 	0.2431 	    1.370    3.073 
5.04 	0.2460 	    1.382    3.146 
5.0	0.2480	    1.394    3.197 
4.94 	0.2510 	    1.417    3.282 
4.9 	0.2530 	    1.435    3.342 
4.84 	0.2562 	    1.470    3.439 
4.8 	0.2583 	    1.498    3.509 
4.74 	0.2616 	    1.546    3.624 
4.7 	0.2638 	    1.586    3.709 
4.64 	0.2672	    1.659    3.852 
4.6 	0.2695 	    1.720    3.960 
4.54 	0.2731 	    1.839    4.147 
4.5 	0.2755 	    1.953    4.297 
4.44 	0.2792 	    2.226    4.543 
4.4 	0.2818 	    2.516    4.669 
4.34 	0.2857 	    3.038    4.653 
4.3 	0.2883 	    3.338    4.507 
4.24 	0.2924 	    3.633    4.207 
4.2 	0.2952 	    3.745    4.009 
4.14	0.2995 	    3.837    3.756 
4.1	0.3024 	    3.869    3.614
4.04 	0.3069 	    3.896    3.436
4.0	0.3100 	    3.905    3.336	  
3.94 	0.3147 	    3.916    3.209	  
3.9	0.3179 	    3.920    3.137	  
3.84	0.3229 	    3.930    3.043	  
3.8	0.3263 	    3.936    2.986	  
3.74	0.3315 	    3.949    2.909	  
3.7 	0.3351 	    3.958    2.863	  
3.64 	0.3406 	    3.974    2.799	  
3.6 	0.3444 	    3.985    2.759	  
3.54	0.3502 	    4.005    2.702	  
3.5	0.3542 	    4.020    2.667	  
3.44	0.3604 	    4.048    2.615	  
3.4	0.3647 	    4.070    2.579	  
3.34	0.3712 	    4.106    2.517	  
3.3	0.3757 	    4.128    2.469	  
3.24	0.3827 	    4.150    2.392	  
3.2	0.3875 	    4.157    2.340	  
3.14	0.3949 	    4.153    2.262	  
3.1	0.4000 	    4.141    2.215	  
3.04	0.4078 	    4.107    2.164	  
3.0 	0.4133 	    4.082    2.145	  
2.94	0.4217 	    4.052    2.135	  
2.9 	0.4275 	    4.037    2.140	  
2.84 	0.4366 	    4.030    2.162	  
2.8 	0.4428 	    4.035    2.181	  
2.74 	0.4525 	    4.058    2.215	  
2.7 	0.4592 	    4.082    2.240	  
2.64 	0.4696 	    4.133    2.281	  
2.6 	0.4769 	    4.180    2.309	  
2.54 	0.4881 	    4.267    2.353	  
2.5	0.4959 	    4.340    2.384	  
2.44 	0.5081 	    4.482    2.429	  
2.4	0.5166 	    4.610    2.455	  
2.34 	0.5299 	    4.883    2.434	  
2.3	0.5391 	    5.062    2.318	  
2.24	0.5535 	    5.198    2.125	  
2.2	0.5636 	    5.283    2.049	  
2.14 	0.5794 	    5.554    1.924	  
2.1 	0.5904 	    5.748    1.634	  
2.04	0.6078 	    5.708    1.150	  
2.0	0.6199 	    5.588    0.933
1.9	0.6526	    5.294     0.638
1.84	0.6738	    5.152     0.537
1.8	0.6888	    5.067     0.500
1.74	0.7126	    4.961     0.430
1.7	0.7293	    4.897     0.401
1.64	0.7560 	    4.816     0.364
1.6	0.7749	    4.763     0.345
1.54	0.8051 	    4.684     0.316
1.5	0.8266	    4.653     0.298
1.4	0.8856 	    4.56      0.190
1.3	0.9537 	    4.495     0.167
1.2	1.033 	    4.42      0.123
1.1	1.127 	    4.385     0.103
1.0	1.240 	    4.325     8.09e-2
0.9	1.378 	    4.285     7.45e-2
0.88	1.409	    4.25      6.73e-2
0.86	1.442 	    4.25      6.88e-2
0.84	1.476 	    4.25      6.58e-2
0.82	1.512 	    4.25      5.66e-2
0.8	1.55	    4.275     5.67e-2
0.78	1.590 	    4.22      3.42e-3
0.76	1.631 	    4.18      7.69e-4
0.74	1.675 	    4.18      6.67e-4
0.72	1.722 	    4.18      4.66e-4
0.7	1.771 	    4.18      2.28e-4
0.68	1.823	    4.14      1.31e-4
0.66	1.879	    4.13      6.74e-5
0.64	1.937	    4.12      7.71e-6