# Format: m_X (MeV), sigma_n
1.190908868915023 2.193300662054289e-28
1.2977048202221826 9.262370089580119e-29
1.3662868458591337 5.15402383495641e-29
1.5016402419635095 1.9626608427448428e-29
1.6936585719146315 7.473845110140967e-30
1.9602122113678424 2.5663613357194126e-30
2.230210035879158 1.2018959964193304e-30
2.581393134685954 4.903608701001836e-31
2.988133018613405 2.4604524423023396e-31
3.6425468701358543 1.1522960148378302e-31
4.676083752088551 5.396511970654813e-32
6.00279043223181 2.441671241486379e-32
7.907879396917328 1.1047429309747798e-32
10.240175863707474 5.9389611253994616e-33
13.726143351969254 3.4206592736876735e-33
18.557096934745854 1.71636237257459e-33
20.756270430506504 1.302592736825311e-33
25.744387886476396 7.502534249641317e-34
30.32494321221172 5.893627665741101e-34
30.298845991347946 7.445265675801527e-35
33.878333587734566 2.556547758610897e-35
38.87185375206798 7.915940038105906e-36
46.1694461551794 2.8135280411089145e-36
57.25414072264296 1.0350826799630187e-36
71.61918638457291 4.371183130976773e-37
100.21115696379402 1.6081360781594931e-37
137.83183039295443 7.276069497835742e-38
197.9290602682953 3.2920838016349686e-38
301.92515222508337 1.5958608046756152e-38
437.35045095668374 8.288371676687218e-39
596.4154246263075 4.455725925059708e-39
765.7303372135673 2.7495896657864058e-39
991.5838924949046 1.5300026382832232e-39
