# SENSEI@MINOS limits on absorption of dark photon
# From Barak et al. 2004.11378
# Mass [eV] and kappa/epsilon
2.01968371090242 7.623220082670068e-12
2.0529213348088358 7.51630233222729e-12
2.107243003456646 6.816494584082192e-12
2.1349405042738687 6.8153404763580446e-12
2.1489254775598132 7.204767534925823e-12
2.184290013323749 6.534795161608427e-12
2.2057874798984036 6.718331328374078e-12
2.2274965214316533 6.09410864988422e-12
2.2420877848811007 6.6241048906523155e-12
2.2604613473868342 5.803358869364994e-12
2.2864375660297545 5.843004630593469e-12
2.3051745681302913 5.603551679185622e-12
2.346938230005435 5.9228597978106835e-12
2.385561431152933 5.297868355548435e-12
2.4248202483757955 5.01002689039111e-12
2.440704085105141 4.6729572502121116e-12
2.4727845823619394 4.803998499076439e-12
2.5715783034229323 4.417010944856877e-12
2.588423481920455 4.236086489375538e-12
2.6224455958333768 3.8423348428557245e-12
2.661255291746175 3.71028046434507e-12
2.73613640786182 3.840220959109412e-12
2.873456194940639 3.4335397610792654e-12
3.0275352312639097 3.0697963410309873e-12
3.17947959052035 2.6325009906666127e-12
3.2529737963364793 2.354515126167362e-12
3.328166833088541 1.9104617804309308e-12
3.4162323487253126 1.550089729111379e-12
3.506628136681147 1.3113004541695222e-12
3.6586508901653327 1.2056172124182718e-12
3.842269352969182 1.1555980157918017e-12
4.048297605720102 1.1709947157078526e-12
4.210036880254635 1.203424686561076e-12
4.307352591257608 1.2543453221382295e-12
4.479441738629105 1.161352007301526e-12
4.673638853531314 1.0312533273439443e-12
4.812993238692456 9.095346311018136e-13
4.988970445376044 8.133521972118135e-13
5.021650802633439 7.429625980441416e-14
5.171381896974669 7.024773219858687e-14
5.290919259825885 6.82997362346358e-14
5.466495875231266 7.019719781142077e-14
5.684895598575877 6.636360664084716e-14
5.950747737825481 6.361297583473853e-14
6.269835767934107 6.356990526073497e-14
6.71474825829741 6.007535008121992e-14
7.381516890383111 5.4433604561817027e-14
8.167649237659313 4.796412399595645e-14
8.747232068413155 4.532744745454098e-14
9.008049214315331 1.0368416177896586e-14
9.999999999999998 9.009509835411585e-15
10.921450066618748 8.16410752583446e-15
11.81155949456578 7.195928324835785e-15
12.567394087782603 6.5229110351911086e-15
13.459186282654523 5.830650598092156e-15
14.367280974703196 5.434227943988198e-15
14.844052295949846 5.2098728050693455e-15
15.589037851059505 5.27951043405478e-15
16.159018983353693 5.579054576465927e-15
16.640834165442698 6.147396477985214e-15
16.96999940078497 6.965648943742303e-15
17.419036910782328 8.228526303140432e-15
17.82168088046111 9.99506256282242e-15
18.17420394047658 1.248394792575114e-14
18.594303723135383 1.671519610158527e-14
18.838706358105526 2.087923950828341e-14
18.962109705708176 2.366238805042149e-14
19.08632140956999 2.955959918356888e-14
19.211346764845906 3.6926530916125424e-14
19.40042206272861 4.126878902529937e-14
19.527504941029033 5.375125170824199e-14
19.655420278432935 7.000925223251852e-14