# Format: m_X (MeV), sigma_e
0.6389679101035104 9.047357242349349e-32
0.680630136356081 5.087702861133235e-32
0.7249267366650348 3.162277660168405e-32
0.7967788411036802 1.6496480740980273e-32
0.9179722013535895 7.222634735233385e-33
1.0247634979468596 4.061585988376988e-33
1.1087113990606479 2.4012356506305118e-33
1.162852922027395 1.191480548089127e-33
1.2196037988441837 6.061898993497547e-34
1.319737049567023 3.084114085311815e-34
1.4505445912412007 1.6088729099336376e-34
1.5695499188263824 8.605628792983441e-35
1.698270578165685 4.7196853200182764e-35
1.9258077293337976 2.524491501659125e-35
2.2182913789206404 1.3169376605490737e-35
2.5550515428791987 7.222634735233385e-36
3.0839394533507702 4.270067916167656e-36
3.7801869592195656 3.007882518043108e-36
5.3331291040915705 2.2275429519995655e-36
8.134180233343944 1.9169407765334477e-36
12.21089485452679 2.066414265380426e-36
18.616886159355865 2.5244915016591248e-36
27.50774857892339 3.324597932270931e-36
38.182646259007676 4.270067916167656e-36
53.834952238166224 5.4844165761210266e-36
79.54039501534389 7.593373854788751e-36
121.2477029432198 1.0779750165872358e-35
184.80869827322886 1.6496480740980273e-35
290.62546240290266 2.5884720403183306e-35
429.34646255978504 3.9611937665181476e-35
634.3354818270637 5.62341325190349e-35
827.1431186661534 7.222634735233385e-35
966.869572117837 8.605628792983441e-35

