# Format: m_X (MeV), sigma_e (cm^2)
#  T. Emken, R. Essig, and H. Xu, “Solar reflection of dark matter with dark-photon mediators,” (2024), arXiv:2404.10066 [hep-ph]: Constraints from XENON1T
0.001029153256805295 1.1021825252050271e-35
0.0011095142032878625 7.621531580732946e-36
0.0011520755362444154 6.613365648442134e-36
0.001314817548339001 5.578004666282472e-36
0.0014724475992908843 4.704735487353386e-36
0.0015288294068503787 3.857159567435473e-36
0.0015870531810821035 2.667204640144988e-36
0.001647549177415361 1.8974442045979265e-36
0.0017105789033143304 1.512089385584751e-36
0.0019892733552792433 1.1712833555937843e-36
0.0024023554850087846 8.572324281326304e-37
0.002901505791719752 6.83135795201453e-37
0.0035710084941944793 5.14360495044902e-37
0.004395433241296915 4.216965034285891e-37
0.005209453095361014 3.457262809197163e-37
0.006291220954789151 2.5302825131654266e-37
0.007597370219768528 1.8000380691975364e-37
0.00971103562431632 1.3943320084023179e-37
0.011509487646621339 1.1431378152602691e-37
0.013899025216189584 8.132260232212347e-38
0.01647143447817656 6.123106750161135e-38
0.019155664925047916 4.879555720945735e-38
0.021451473717709973 4.000485273714735e-38
0.02590856166843765 3.188020656899408e-38
0.03249424652420257 2.3332310457578238e-38
0.0399920726270893 1.756783767122375e-38
0.049223247511303414 1.3999958895214194e-38
0.06659351995430617 1.1477813267405629e-38
0.09904141926202255 1.0844543311584655e-38
0.1445556005086442 1.1156686026803091e-38
0.23194027355186977 1.3227533595680487e-38
0.3450457523198669 1.5682761404641973e-38
0.5536462756729794 1.9128906344201498e-38
0.8553969924504624 2.3332310457578238e-38
1.2725729684431846 2.845937459743199e-38
1.966156258446551 3.4713064698394667e-38
2.763957572028449 4.481345732514893e-38
3.8858683045183042 6.299350517339963e-38
4.877347507918829 8.854888533235786e-38
6.728461480618081 1.2098916483141547e-37
9.107397598122663 1.518231605995527e-37
13.297099216780797 2.0744425335293623e-37
18.695111925385532 2.9999407412784448e-37
20.55049732444984 3.2665138733646624e-37
