# Format: m_X (MeV), sigma_n
2.755158274323873 1.7414107182118582e-28
3.6362346657327027 4.856333373804037e-29
5.630549411464375 1.0830837627087232e-29
7.195358621966351 5.197221549313824e-30
10.013228808826506 2.125966054507045e-30
13.071119694296662 1.053247238893053e-30
18.383022859756366 5.054049774543972e-31
26.409370170823856 2.5038800403145847e-31
39.172624691665135 1.1637451542303393e-31
65.32490558790435 4.9148220604412807e-32
1.030740718131225151e+02 5.511196766890525835e-33
1.162342356261994496e+02 1.148371641686620104e-33
1.436604336692248864e+02 2.919565217646321288e-34
1.801473902750040565e+02 7.697555997188935672e-35
2.215951357348661475e+02 2.409618610258290405e-35
2.712790429075846532e+02 8.859560834418778432e-36
3.369582187976818659e+02 3.891785742999184072e-36
4.027095513520038139e+02 1.903490538804720389e-36
4.836333293319286213e+02 1.052039059698466335e-36
5.752347881600293249e+02 5.499453144313666789e-37
7.179994269110413825e+02 2.999978681822598795e-37
8.458222508573107916e+02 1.791337816613178100e-37
9.633464521462993844e+02 1.168173488209941539e-37
9.723612789524574964e+02 3.295676360221906916e-38
1.118162607039778322e+03 1.881493508254614649e-38
1.304609978433472861e+03 1.224171988838152386e-38
1.574335574538761193e+03 6.636346199053709328e-39
1.918244356526803358e+03 3.628422354382427442e-39
2.337250085402396508e+03 1.892410451762327396e-39
2.959645139510541412e+03 8.066129280020939589e-40
3.537385110545312273e+03 4.994861591242449064e-40
4.268732657604155065e+03 2.707759288570275073e-40
5.004572772905541569e+03 1.728045693367933953e-40

