# Format: m_X (meV), sigma_n (cm^2)
# P. Adari et al. (SENSEI), (2023), arXiv:2312.13342 [astro-ph.CO]: Constraints from SENSEI@SNOLAB, DAMIC-M, DarkSide-50, XENON-1T.
1.336679837696825 9.72015843011174e-32
1.4693433361500194 4.918510355987401e-32
1.584893192461111 2.7880493853437455e-32
1.6460323116285913 1.625900597865876e-32
1.7754770727083653 6.744777732961013e-33
1.9151014311463677 3.317425912840142e-33
2.0657059153031834 1.6786551191365327e-33
2.1863819201981345 9.515428522815881e-34
2.3583200305801646 5.242863695470107e-34
2.5437794354481493 2.8079031647875836e-34
2.8496696731038798 1.3810700794617301e-34
3.073769046722034 6.60271649703274e-35
3.443390693590559 3.15667291533676e-35
3.7851421310477207 1.50916428092873e-35
4.321320106658347 7.636542344453234e-36
5.221655541249355 3.975425939804434e-36
5.961320420535705 2.748761972927802e-36
6.805761290755916 2.06952449027522e-36
7.62415612076633 1.6491392150924106e-36
8.380842348245439 1.1083683847951246e-36
9.93711404199146 5.936051891079488e-37
11.561487091619421 3.561376377007938e-37
14.23720234762664 2.261472814216554e-37
17.532167711729265 1.5199110829529519e-37
23.28752250852273 1.1443308806624468e-37
29.22492630233715 9.651430318669004e-38
33.364734341149024 9.651430318669004e-38
35.98855286206693 7.690922380982407e-38
37.37685362111197 5.628403287214336e-38
40.3161871036434 3.8916939111580287e-38
43.48667116426033 2.5423704317623623e-38
47.80265900969262 1.7086992918578018e-38
50.59523169388281 1.1814602278462876e-38
58.865795003907735 5.8110243658491057e-39
68.48830819488136 3.388802235826346e-39
78.18990490368542 2.0331359042127387e-39
94.48056152586483 1.2197942863995361e-39
116.34652719857914 7.528933063894694e-40
157.49264397861916 5.205793093901936e-40
248.03932907376185 4.3906312543202606e-40
369.08235893042416 4.517036718988733e-40
528.7954032556075 5.3556669177069955e-40
663.6174665426095 6.1722973683685224e-40
786.8472131171765 6.9143835517234375e-40
1006.3283925033768 8.434125550367042e-40
