3.000000000000001118e+07 1.382585933414112882e-37
3.853881067060151696e+07 3.687722189868814393e-38
4.950799759681552649e+07 1.506376010486315279e-38
6.359931153547559679e+07 8.180605430466795945e-39
8.170139420154303312e+07 5.215280876862292464e-39
1.049558187552480102e+08 3.592810358272148407e-39
1.348290809262159169e+08 2.551112873266129562e-39
1.732050807568877637e+08 1.821976792069256916e-39
2.225039271491975784e+08 1.292767888956572388e-39
2.858345573956084251e+08 9.052367018730680128e-40
3.671907963528169990e+08 6.229416505981798096e-40
4.717032193542859554e+08 4.200472326604650551e-40
6.059627021136023998e+08 2.769724199112748593e-40
7.784360616734057665e+08 1.784068555433117633e-40
1.000000000000000000e+09 1.122739556316040822e-40
