3.000000000000001118e+07 1.132555573233224159e-36
3.853881067060151696e+07 1.928665620746768638e-37
4.950799759681552649e+07 5.164292719435334913e-38
6.359931153547559679e+07 2.102681325179229473e-38
8.170139420154303312e+07 1.137918352964332657e-38
1.049558187552480102e+08 7.227078885797067256e-39
1.348290809262159169e+08 4.950437093811531534e-39
1.732050807568877637e+08 3.483259995633815664e-39
2.225039271491975784e+08 2.454491491060267076e-39
2.858345573956084251e+08 1.710013896950156879e-39
3.671907963528169990e+08 1.169792913744857032e-39
4.717032193542859554e+08 7.824682342667173269e-40
6.059627021136023998e+08 5.103389199419483076e-40
7.784360616734057665e+08 3.239852031183521078e-40
1.000000000000000000e+09 2.000616628571923675e-40
