1.000000000000000000e+06 1.000000000000000000e+00
1.637893706954064546e+06 7.218522363288751817e-32
2.682695795279727317e+06 2.981256986384065769e-35
4.393970560760785826e+06 2.066934574939400103e-36
7.196856730011513457e+06 4.082731003750881932e-37
1.178768634793586656e+07 1.317736208203935719e-37
1.930697728883249685e+07 5.509666264554558748e-38
3.162277660168379173e+07 2.638728169914286261e-38
5.179474679231212288e+07 1.348735534359493228e-38
8.483428982440724969e+07 7.038252129202548869e-39
1.389495494373135865e+08 3.630501086708132644e-39
2.275845926074790955e+08 1.799464916779272243e-39
3.727593720314937830e+08 8.338857327849250281e-40
6.105402296585314274e+08 3.522028242385224567e-40
1.000000000000000000e+09 1.330885584663465848e-40
