3.000000000000001118e+07 1.690565378418026557e-36
3.853881067060151696e+07 1.012817334284376921e-36
4.950799759681552649e+07 5.929726178908651237e-37
6.359931153547559679e+07 3.464755301387267011e-37
8.170139420154303312e+07 2.052182302753453109e-37
1.049558187552480102e+08 1.238237616157720579e-37
1.348290809262159169e+08 7.591624100073690573e-38
1.732050807568877637e+08 4.701929631290032674e-38
2.225039271491975784e+08 2.922223053528508942e-38
2.858345573956084251e+08 1.810497648542971067e-38
3.671907963528169990e+08 1.111544795831178566e-38
4.717032193542859554e+08 6.726880021904242238e-39
6.059627021136023998e+08 3.995270270446335515e-39
7.784360616734057665e+08 2.320800256913882709e-39
1.000000000000000000e+09 1.315334751418448692e-39
