1.000000000000000000e+06 1.000000000000000000e+00
1.637893706954064546e+06 6.240387964582177996e-34
2.682695795279727317e+06 5.699730060329797948e-37
4.393970560760785826e+06 9.067090374085248344e-38
7.196856730011513457e+06 4.016554507815895505e-38
1.178768634793586656e+07 2.645374497693222452e-38
1.930697728883249685e+07 1.901165137122105484e-38
3.162277660168379173e+07 1.273709820348223433e-38
5.179474679231212288e+07 7.754243349931269019e-39
8.483428982440724969e+07 4.421321465548700392e-39
1.389495494373135865e+08 2.407860374141502578e-39
2.275845926074790955e+08 1.249418288652973420e-39
3.727593720314937830e+08 6.084968737142526768e-40
6.105402296585314274e+08 2.734149072055427585e-40
1.000000000000000000e+09 1.122730477355049840e-40
