1.000000000000000000e+06 1.000000000000000000e+00
1.637893706954064546e+06 2.121547217278445792e-34
2.682695795279727317e+06 5.452757687004236961e-36
4.393970560760785826e+06 7.500068966321756163e-37
7.196856730011513457e+06 2.024289427476724571e-37
1.178768634793586656e+07 7.764753572730354304e-38
1.930697728883249685e+07 3.599811253031193516e-38
3.162277660168379173e+07 1.841784575252718619e-38
5.179474679231212288e+07 9.851733994358826844e-39
8.483428982440724969e+07 5.317940668557343681e-39
1.389495494373135865e+08 2.818108403911151566e-39
2.275845926074790955e+08 1.429040830463637086e-39
3.727593720314937830e+08 6.756134680035597040e-40
6.105402296585314274e+08 2.905434360309350319e-40
1.000000000000000000e+09 1.116111201755890303e-40
