3.000000000000001118e+07 4.136974542751162016e-35
3.853881067060151696e+07 7.995129855661852140e-36
4.950799759681552649e+07 2.125637754497447800e-36
6.359931153547559679e+07 7.367789201017801840e-37
8.170139420154303312e+07 3.097420706908268901e-37
1.049558187552480102e+08 1.485786153150654810e-37
1.348290809262159169e+08 7.774690328919081531e-38
1.732050807568877637e+08 4.299701447125212007e-38
2.225039271491975784e+08 2.457834249861046843e-38
2.858345573956084251e+08 1.429038183401133134e-38
3.671907963528169990e+08 8.350154061486448850e-39
4.717032193542859554e+08 4.858727731343807233e-39
6.059627021136023998e+08 2.795633796241110655e-39
7.784360616734057665e+08 1.582380224075393129e-39
1.000000000000000000e+09 8.779431597302794106e-40
