3.000000000000001118e+07 1.343216892139924309e-38
3.608051830281043053e+07 8.810455630412002786e-39
4.339346003331459314e+07 6.212285305163324240e-39
5.218861763180920482e+07 4.617493591305729833e-39
6.276641245542886853e+07 3.549754113817220938e-39
7.548815644666162133e+07 2.780796057288784786e-39
9.078839367730635405e+07 2.197345183256929275e-39
1.091897433252267540e+08 1.740177986151708650e-39
1.313207510841671675e+08 1.375755646592904286e-39
1.579373587677034736e+08 1.083059485137366115e-39
1.899487254571886361e+08 8.475487969835675279e-40
2.284482821817868352e+08 6.583781430217980121e-40
2.747510808835185766e+08 5.070544541138904865e-40
3.304387134178245664e+08 3.867387003434510930e-40
3.974133349142981768e+08 2.918267887391086617e-40
4.779626368052066565e+08 2.176700548287334981e-40
5.748379888436595201e+08 1.603777913225603710e-40
6.913484192541462183e+08 1.166752839133634708e-40
8.314736431506088972e+08 8.380243426594127086e-41
1.000000000000000000e+09 5.944160183780381377e-41
