3.000000000000001118e+07 9.770690650007859828e-35
3.608051830281043053e+07 2.418455576732743546e-35
4.339346003331459314e+07 6.669022145955624664e-36
5.218861763180920482e+07 2.165397126868270237e-36
6.276641245542886853e+07 8.301530204437740268e-37
7.548815644666162133e+07 3.675686502934641735e-37
9.078839367730635405e+07 1.826506156397846110e-37
1.091897433252267540e+08 9.913811350573154952e-38
1.313207510841671675e+08 5.745905125291961353e-38
1.579373587677034736e+08 3.492981857716141299e-38
1.899487254571886361e+08 2.196570351077301671e-38
2.284482821817868352e+08 1.413769379860206605e-38
2.747510808835185766e+08 9.236641059894821891e-39
3.304387134178245664e+08 6.086057752194963256e-39
3.974133349142981768e+08 4.023567782967651890e-39
4.779626368052066565e+08 2.657897690832941023e-39
5.748379888436595201e+08 1.748577550117833740e-39
6.913484192541462183e+08 1.142641485378075533e-39
8.314736431506088972e+08 7.401747382977601950e-40
1.000000000000000000e+09 4.745979932708982862e-40
