3.000000000000001118e+07 1.673825156016018061e-38
3.608051830281043053e+07 1.001169461556958474e-38
4.339346003331459314e+07 6.477490841749788616e-39
5.218861763180920482e+07 4.509806828018693950e-39
6.276641245542886853e+07 3.323328503294194172e-39
7.548815644666162133e+07 2.542719293282097705e-39
9.078839367730635405e+07 1.987127466186748881e-39
1.091897433252267540e+08 1.567440051477834071e-39
1.313207510841671675e+08 1.238314630067470806e-39
1.579373587677034736e+08 9.751447236318379749e-40
1.899487254571886361e+08 7.631541794615831631e-40
2.284482821817868352e+08 5.923693283200196939e-40
2.747510808835185766e+08 4.553592531980455200e-40
3.304387134178245664e+08 3.462145315798601000e-40
3.974133349142981768e+08 2.600609768390510521e-40
4.779626368052066565e+08 1.928004653077138647e-40
5.748379888436595201e+08 1.409535631636915556e-40
6.913484192541462183e+08 1.015547559410543779e-40
8.314736431506088972e+08 7.207978217071108961e-41
1.000000000000000000e+09 5.039408670116552382e-41
