1.000000000000000000e+06 1.000000000000000000e+00
1.637893706954064546e+06 2.884597228988428956e-36
2.682695795279727317e+06 1.666624531603557572e-37
4.393970560760785826e+06 5.328539866470275469e-38
7.196856730011513457e+06 3.317282822098840016e-38
1.178768634793586656e+07 2.774231045554029767e-38
1.930697728883249685e+07 2.458750724566154850e-38
3.162277660168379173e+07 1.964038369964882415e-38
5.179474679231212288e+07 1.341314756691847923e-38
8.483428982440724969e+07 8.111506435586900927e-39
1.389495494373135865e+08 4.524450717418982200e-39
2.275845926074790955e+08 2.359912498977962155e-39
3.727593720314937830e+08 1.141404765123125631e-39
6.105402296585314274e+08 5.035430135562560690e-40
1.000000000000000000e+09 2.000572898829019980e-40
