3.000000000000001118e+07 5.984402378161672181e-37
3.608051830281043053e+07 3.689161272560622237e-37
4.339346003331459314e+07 2.306283004888917042e-37
5.218861763180920482e+07 1.472239428567092418e-37
6.276641245542886853e+07 9.616913389104886168e-38
7.548815644666162133e+07 6.419541694243093178e-38
9.078839367730635405e+07 4.365177655961412914e-38
1.091897433252267540e+08 3.011965084892605554e-38
1.313207510841671675e+08 2.100655090087102350e-38
1.579373587677034736e+08 1.475454713024878756e-38
1.899487254571886361e+08 1.040191471961146062e-38
2.284482821817868352e+08 7.338544558362453721e-39
2.747510808835185766e+08 5.166874576754694419e-39
3.304387134178245664e+08 3.621535695931292949e-39
3.974133349142981768e+08 2.521398663092132386e-39
4.779626368052066565e+08 1.740298618177563712e-39
5.748379888436595201e+08 1.188798555377940986e-39
6.913484192541462183e+08 8.025904130058103814e-40
8.314736431506088972e+08 5.349579221102835285e-40
1.000000000000000000e+09 3.517811656040757030e-40
