1.000000000000000000e+06 6.080949713791961031e-02 6.587879597069656867e-02 1.020370038237276011e-01
1.151395399326448096e+06 6.039175653661688070e-02 6.883417119342383206e-02 1.054747882062888609e-01
1.325711365590108093e+06 5.979244700823760361e-02 7.209390078953537007e-02 1.084058745884455277e-01
1.526417967175233411e+06 5.890410818291225148e-02 7.536704440668351435e-02 1.107844611465895746e-01
1.757510624854793074e+06 5.892372058265238355e-02 7.847735166985225774e-02 1.126240901009900597e-01
2.023589647725155577e+06 5.771971035996359412e-02 8.126324849231392200e-02 1.139334394362940817e-01
2.329951810515372083e+06 5.712953169411205678e-02 8.355495747892605074e-02 1.147103008016869818e-01
2.682695795279727317e+06 5.697290472938854045e-02 8.535859880134899491e-02 1.149861393383146968e-01
3.088843596477478743e+06 5.494278340608371725e-02 8.618076648128480954e-02 1.147254775132677818e-01
3.556480306223128457e+06 5.448743443594217251e-02 8.651446106210425313e-02 1.141616650879327954e-01
4.094915062380427495e+06 5.281622985921397007e-02 8.573983517112016006e-02 1.127128759668758473e-01
4.714866363457390107e+06 5.085659545308129914e-02 8.419500101454302499e-02 1.111314212809957347e-01
5.428675439323859289e+06 4.768900091046790468e-02 8.154419691553504990e-02 1.086832052288889683e-01
6.250551925273976289e+06 4.566079262708155895e-02 7.787641421504520878e-02 1.048985508279172141e-01
7.196856730011513457e+06 4.216109808226764510e-02 7.267754508050239259e-02 1.004084677673998671e-01
8.286427728546842001e+06 3.791210941836087311e-02 6.693115440088048818e-02 9.480871744980878812e-02
9.540954763499943540e+06 3.295450473601091446e-02 5.960649850180665954e-02 8.754421210611151860e-02
1.098541141987557337e+07 2.834082023241646375e-02 5.134248468683266786e-02 7.856889375081088644e-02
1.264855216855295748e+07 2.249718646475606931e-02 4.310092396452369634e-02 6.818849400247284365e-02
1.456348477501244470e+07 1.694555097000660648e-02 3.421943947569294764e-02 5.683226692594811613e-02
1.676832936811009981e+07 1.246117755892872658e-02 2.546387601572308590e-02 4.508014522929260082e-02
1.930697728883249685e+07 8.288414485125072950e-03 1.802227711241766173e-02 3.379051460322135547e-02
2.222996482526195422e+07 4.708052970364806633e-03 1.198199789391185544e-02 2.381015152231302778e-02
2.559547922699533403e+07 2.635469484538521812e-03 7.346435002529294600e-03 1.575943417094238796e-02
2.947051702551809698e+07 1.195866883949348036e-03 4.129687358404576791e-03 9.843695248044626034e-03
3.393221771895329654e+07 4.582766671407112469e-04 2.230345727925020505e-03 5.948168841270917717e-03
3.906939937054620683e+07 3.348165967297367374e-04 1.406956520648150466e-03 3.914742560912287672e-03
4.498432668969444185e+07 6.989337526411842916e-04 1.413560321922746610e-03 3.097363545420561692e-03
5.179474679231212288e+07 1.052343375067876785e-03 1.684563172648978480e-03 2.825371615574057138e-03
5.963623316594636440e+07 1.368457791981692040e-03 1.831422655950931677e-03 2.519821462137694645e-03
6.866488450042998791e+07 1.431491898792103257e-03 1.722118783222259530e-03 2.287223148042305532e-03
7.906043210907702148e+07 1.262171467673933734e-03 1.418100498340124638e-03 1.712476641328564142e-03
9.102981779915226996e+07 9.774768425068192101e-04 1.049982964862250512e-03 1.181443160094053368e-03
1.048113134154683053e+08 6.880329737508628085e-04 7.202572749788194173e-04 7.696935297332174741e-04
1.206792640639326423e+08 4.617738583130304164e-04 4.743224847177929249e-04 4.905929678861165044e-04
1.389495494373135865e+08 3.096113137716072217e-04 3.146564208020841136e-04 3.221506853261502101e-04
1.599858719606057405e+08 2.167379557160842296e-04 2.242524144218105420e-04 2.236145217713314537e-04
1.842069969326716363e+08 1.687870513542577555e-04 1.819591217183669229e-04 1.790208404482962479e-04
2.120950887920192480e+08 1.516572354473000317e-04 1.523674349855896892e-04 1.665077251603586106e-04
2.442053094548654854e+08 1.519330709690569492e-04 1.548522826895215587e-04 1.551991213384340540e-04
2.811768697974236608e+08 1.606286581655735901e-04 1.651316715757245035e-04 1.667441377324330176e-04
3.237457542817639709e+08 1.742475739666682344e-04 1.787672796441652778e-04 1.701274262222440825e-04
3.727593720314937830e+08 1.776396284883796639e-04 1.815002515219710233e-04 1.846338399815738995e-04
4.291934260128778219e+08 1.902348690107080742e-04 1.940732245987453197e-04 1.975641403368921800e-04
4.941713361323838234e+08 2.009919052932129802e-04 2.047288104869426917e-04 2.017720289084756757e-04
5.689866029018281698e+08 2.098971957323891857e-04 2.078517518220301952e-04 2.111019374484435218e-04
6.551285568595495224e+08 2.125578847578246666e-04 2.153961686787164709e-04 2.142756487443220337e-04
7.543120063354607821e+08 2.177293604994634535e-04 2.181255279187777063e-04 2.201275682682801715e-04
8.685113737513520718e+08 2.230980333953747063e-04 2.220341355361199476e-04 2.226037687641513330e-04
1.000000000000000000e+09 2.238736297990318036e-04 2.263957827658424904e-04 2.270018380802207858e-04
