1.000000000000000000e+06 2.886522551866093558e-35 1.313788277493310276e-32 5.419173075072974804e-29
1.268961003167923307e+06 1.377725881525509797e-35 4.640117252374618901e-33 9.835222300762297981e-30
1.610262027560939314e+06 6.644985735772515060e-36 1.571963680743139072e-33 1.786347518659894122e-30
2.043359717856943840e+06 3.222810921672448771e-36 5.164083716625731620e-34 3.259259491541344831e-31
2.592943797404666897e+06 1.570425823613650890e-36 1.659993217624624460e-34 5.979922142024194197e-32
3.290344562312670983e+06 7.846676143590528891e-37 5.294783786181071324e-35 1.105911650140392698e-32
4.175318936560400296e+06 3.987432492432905815e-37 1.695700274415255316e-35 2.066895405208136471e-33
5.298316906283712946e+06 2.117195725679624157e-37 5.535017596790678825e-36 3.904084462005633941e-34
6.723357536499334499e+06 1.139164827438269235e-37 1.873988230587941510e-36 7.598698888467221480e-35
8.531678524172814563e+06 6.691617995683523185e-38 6.740889312391392049e-37 1.537148754817190673e-35
1.082636733874054067e+07 4.301136714385750735e-38 2.699985056266374245e-37 3.383571222428433237e-36
1.373823795883263834e+07 3.447060788743037300e-38 1.244053101994401915e-37 8.633943191883614556e-37
1.743328822199987248e+07 3.215077592028814475e-38 7.359016484849684076e-38 2.778515368079844944e-37
2.212216291070450097e+07 4.677353538163219245e-38 5.829813270006701385e-38 1.252799844347712968e-37
2.807216203941175714e+07 1.078194016923825236e-37 6.988960757222576680e-38 8.566006603114897889e-38
3.562247890262444317e+07 7.112443266101992610e-37 1.276026155422071564e-37 8.765216807083632769e-38
4.520353656360240281e+07 2.464966707431531495e-37 1.229017370437445340e-37 8.296001478978619638e-38
5.736152510448681563e+07 9.360793728440576476e-38 8.040107464517440179e-38 6.543479256420387766e-38
7.278953843983146548e+07 9.448481465619875651e-38 9.188268618360966829e-38 8.450816330314148579e-38
9.236708571873866022e+07 1.741657942093659674e-37 1.554061886165779254e-37 1.535171366917089114e-37
1.172102297533479333e+08 4.411661081739286799e-37 4.502203298701093098e-37 4.613816978539691779e-37
1.487352107293511927e+08 1.489113320145016064e-36 1.547483533845680805e-36 1.547115965983800182e-36
1.887391822135099471e+08 4.156327993296719662e-36 3.660231579060934518e-36 3.889169447650042442e-36
2.395026619987490773e+08 5.271890879436809622e-36 5.191134360268276860e-36 5.291055849944905415e-36
3.039195382313194871e+08 5.449069106814329843e-36 5.189447667140139015e-36 5.120605365217968304e-36
3.856620421163472533e+08 4.522123280448033019e-36 4.801068273450472968e-36 4.687137821934373169e-36
4.893900918477498889e+08 4.388236511129262422e-36 4.255415822686129404e-36 4.399648107596650662e-36
6.210169418915603161e+08 4.276802620638102063e-36 4.180393538833290691e-36 4.244711962714330424e-36
7.880462815669903755e+08 4.231549869057826882e-36 4.120989852591327049e-36 4.166203944182896928e-36
1.000000000000000000e+09 4.148468098505648980e-36 4.068376788391028377e-36 4.053467352398072204e-36
