1.000000000000000000e+06 6.021105003632016567e-36 2.735917380712737754e-33 1.120557196857527218e-29
1.268961003167923307e+06 2.874856367147514396e-36 9.648894752896263823e-34 2.032351793869945645e-30
1.610262027560939314e+06 1.387161946121150441e-36 3.264418097352043130e-34 3.689671740561108858e-31
2.043359717856943840e+06 6.730114045832021640e-37 1.071300931718446406e-34 6.730255663205142452e-32
2.592943797404666897e+06 3.280404987340411281e-37 3.441409375664342568e-35 1.234708625521551375e-32
3.290344562312670983e+06 1.640408789369255317e-37 1.097380175403961175e-35 2.283538990703607597e-33
4.175318936560400296e+06 8.345346156576569576e-38 3.515006146945113472e-36 4.268728150472527762e-34
5.298316906283712946e+06 4.441835773258252936e-38 1.148130502257928314e-36 8.065874741388454914e-35
6.723357536499334499e+06 2.396638414122785832e-38 3.892765978688405521e-37 1.571110436264837032e-35
8.531678524172814563e+06 1.415486224748856789e-38 1.403901822312037433e-37 3.182235407880358464e-36
1.082636733874054067e+07 9.189220001886609591e-39 5.652195385590119362e-38 7.021968579372341745e-37
1.373823795883263834e+07 7.544457602812309796e-39 2.629141055547646718e-38 1.800475529507236738e-37
1.743328822199987248e+07 7.374452845136465092e-39 1.589630969777580856e-38 5.852783741703246045e-38
2.212216291070450097e+07 1.248046077607982341e-38 1.325531698049551303e-38 2.700647329780308246e-38
2.807216203941175714e+07 4.406705631659503747e-38 1.838453958823387897e-38 1.957046440444568532e-38
3.562247890262444317e+07 5.883538612837982698e-37 4.881669662636118229e-38 2.313414019948539997e-38
4.520353656360240281e+07 1.637952472137259939e-37 5.342336543071256905e-38 2.535266615431011881e-38
5.736152510448681563e+07 4.353989154935599813e-38 3.135762336470215065e-38 2.072375198378140145e-38
7.278953843983146548e+07 4.326432906436775894e-38 3.870049692732332709e-38 3.143971127116747126e-38
9.236708571873866022e+07 9.869047077422445545e-38 8.079562691749555555e-38 7.514710812318146932e-38
1.172102297533479333e+08 3.244082521947046638e-37 3.272292606102330093e-37 3.301811298803418210e-37
1.487352107293511927e+08 1.323587616479973650e-36 1.375246567725993115e-36 1.366955864364622772e-36
1.887391822135099471e+08 3.951763976733781733e-36 3.452216284878986732e-36 3.674156059448200775e-36
2.395026619987490773e+08 5.036552495658910473e-36 4.952480113159276233e-36 5.047699858482828699e-36
3.039195382313194871e+08 5.183685687743632813e-36 4.922315776452107117e-36 4.850579017986231002e-36
3.856620421163472533e+08 4.231032030841674448e-36 4.507158955842895922e-36 4.391597522185589423e-36
4.893900918477498889e+08 4.071933443114776595e-36 3.938761393728982588e-36 4.080767382672534967e-36
6.210169418915603161e+08 3.939869516780441482e-36 3.843370389988594932e-36 3.906317574998489399e-36
7.880462815669903755e+08 3.879727868982346481e-36 3.769519572506676263e-36 3.813769616618072656e-36
1.000000000000000000e+09 3.789189049843535385e-36 3.709433266199369549e-36 3.694255243619264098e-36
