5.667094311010808904e-36 2.632563677057668938e-33 1.822514300901420440e-22 nan
2.729839124430233127e-36 9.293493332207643594e-34 1.117035046858927184e-23 nan
1.317290598482363549e-36 3.146162517214754079e-34 7.048602416723684767e-25 nan
6.358995269823830199e-37 1.032018656289172157e-34 4.503415621026664037e-26 nan
3.093575922128945965e-37 3.311225477984394730e-35 2.904586529428748068e-27 nan
1.542514419269223081e-37 1.055516594920883435e-35 1.852518741711804239e-28 nan
7.848657564821970093e-38 3.374504825203249198e-36 1.159527092397823679e-29 nan
4.183284443008480540e-38 1.099256576283535125e-36 7.151600904753289435e-31 nan
2.231380142978903805e-38 3.711420387280407666e-37 4.382491994308954038e-32 nan
1.309531981976583401e-38 1.327701727180395518e-37 2.707157344601913870e-33 nan
8.230050155738877561e-39 5.287719811559694281e-38 1.816239679182102664e-34 nan
6.516880133343559422e-39 2.396593312857844240e-38 1.387376749475592734e-35 nan
5.776138523387408363e-39 1.387994751942917634e-38 1.424491813654250490e-36 nan
7.420505902059605743e-39 1.036419797887010650e-38 2.183872311535175429e-37 2.256907400056235856e-31
1.042184067478162075e-38 1.028793980309569942e-38 9.323658540979203600e-38 1.426372840351093293e-34
1.556020246954828335e-38 1.239871565417566061e-38 5.384435742698893520e-38 2.415686313689173062e-36
1.967593383389092024e-38 1.572577142214830442e-38 3.409054075207287363e-38 2.773028787150762572e-37
2.553118041088977482e-38 2.086107174644763952e-38 2.591832289415734872e-38 7.924874150105211379e-38
3.354016579309496727e-38 2.865343638517077360e-38 2.528185848238199011e-38 4.105681387064735621e-38
4.514927059922015409e-38 3.966280959957762427e-38 2.992428234080965830e-38 3.276237540363510367e-38
5.991519013500159643e-38 5.426039105917186286e-38 3.970330516095022268e-38 3.506761257956149678e-38
7.648021496130126811e-38 7.206734813295675771e-38 5.470324883827723395e-38 4.438688555069401791e-38
9.612112216269763452e-38 9.198619702347225942e-38 7.421925826883549377e-38 5.994991950798053783e-38
1.168667005028898330e-37 1.131861421718380444e-37 9.693802717800766345e-38 8.102476902836408858e-38
1.377260732089833865e-37 1.346282404114028616e-37 1.211306191991919131e-37 1.057530054601937561e-37
1.572711636383130614e-37 1.554065399590225656e-37 1.448810144468895380e-37 1.316006712747000862e-37
1.749163739317657868e-37 1.736398884291498684e-37 1.659640875456172471e-37 1.555198739606960617e-37
1.899085722146894778e-37 1.888473258315770763e-37 1.834338018608819408e-37 1.757289821409967329e-37
2.003205625173814580e-37 1.997657262182994173e-37 1.964729719756377305e-37 1.908441188937141388e-37
2.064882590906988461e-37 2.063902594513616280e-37 2.033224252118389548e-37 1.986485865367751858e-37
