2.837290952168540430e-37 1.234568823532693731e-34 4.547623894744367940e-24 nan
1.401841571130686803e-37 4.057877122978331588e-35 2.887983382783095759e-25 nan
6.890825952518665981e-38 1.278950326221298860e-35 1.866850186546698433e-26 nan
3.364816303756503104e-38 3.955184049750191705e-36 1.203178251933121153e-27 nan
1.651097493587903477e-38 1.218260871199827229e-36 7.768043376066209132e-29 nan
8.478712980219573688e-39 3.818880424876012565e-37 4.865536399729247208e-30 nan
4.513127208382223699e-39 1.232519824322122919e-37 2.951200538738024068e-31 nan
2.642888501898777332e-39 4.181516561800625011e-38 1.750499885337954281e-32 nan
1.533136637472712036e-39 1.529220453889183030e-38 1.035949234836403659e-33 nan
1.047515911338928199e-39 6.216449239955885199e-39 6.313795036616286765e-35 nan
8.093414546920265437e-40 3.063348929046436437e-39 4.398134637317397820e-36 nan
9.284009690977172076e-40 1.845310030969123476e-39 3.745068172735603573e-37 nan
1.221318289736499233e-39 1.640159458982379289e-39 4.675712719274836422e-38 nan
2.715444737387783625e-39 2.033965657683957957e-39 1.008461828156177824e-38 2.249026842474467139e-32
5.700435460773262314e-39 3.457003348201605414e-39 1.261344776798511799e-38 2.331771854084960594e-35
1.093822357428866650e-38 6.343488764395021832e-39 1.673434917002060411e-38 6.063065811228900429e-37
1.525925502961886929e-38 1.025774579894441990e-38 1.591425185647201729e-38 9.729059235407152445e-38
2.102306836937179950e-38 1.560809947581160632e-38 1.497780031128780811e-38 3.472968816439558575e-38
2.867263042156055657e-38 2.324604287220265481e-38 1.692486347727441561e-38 2.171795233461804336e-38
3.966611618120415538e-38 3.379438005523665983e-38 2.232228195873336425e-38 2.034666605954152438e-38
5.360376175459729164e-38 4.766902191261731766e-38 3.199269589095874894e-38 2.479499873182354505e-38
6.915743465967106949e-38 6.453161280860246775e-38 4.640234843499033967e-38 3.453478637070278799e-38
8.761282699870772430e-38 8.332577712835135949e-38 6.502163775044307164e-38 4.973713089822761932e-38
1.070544327552941625e-37 1.032659994124190832e-37 8.663787210714594826e-38 7.003208492075362904e-38
1.265498380234347548e-37 1.233763641012073712e-37 1.096102332102941744e-37 9.375368240590632125e-38
1.447507324139365740e-37 1.428300301803969519e-37 1.321172140371275628e-37 1.185059903963472959e-37
1.611593420414816485e-37 1.598437758045700332e-37 1.520393249554665343e-37 1.413688291016607552e-37
1.751157588863672539e-37 1.740287554818875412e-37 1.685289953417967328e-37 1.606718337074891698e-37
1.847800839611152878e-37 1.842106271649109572e-37 1.808548895073332574e-37 1.751286903824474231e-37
1.905160550571593198e-37 1.904226563213047442e-37 1.873265864726987068e-37 1.826175685950007176e-37
