9.446464832980929165e-40 4.723044591829207405e-37 6.735866828242130978e-26 inf
4.422526085644140887e-40 1.806983322669911636e-37 3.959745166326519614e-27 inf
2.090265006313159283e-40 6.631529612857934186e-38 2.429005008007548275e-28 inf
9.961258854391774489e-41 2.325439435396476979e-38 1.536194049939167413e-29 inf
4.799428447474008599e-41 7.815141447141219148e-39 9.896347267360712159e-31 inf
2.315290221632910751e-41 2.539187145837200049e-39 6.446829303041289286e-32 inf
1.119953285005041392e-41 8.030827508584201776e-40 4.186758796268147660e-33 inf
5.370885191587746349e-42 2.498027688598209579e-40 2.703847484523800418e-34 inf
2.607102978221640919e-42 7.704609997784710099e-41 1.726739543616713057e-35 inf
1.289087910323248967e-42 2.386300291211678120e-41 1.083819088746581951e-36 inf
6.406981109888531805e-43 7.482230325081833242e-42 6.954476682660670533e-38 inf
3.295138048818985487e-43 2.463035125425943681e-42 4.675942205437243714e-39 inf
1.795513775502936287e-43 8.743436921165106962e-43 3.829753212060708910e-40 inf
1.064451702686281140e-43 3.542383435667964121e-43 3.986708566170080034e-41 1.730542466235130999e-35
7.123752751652762857e-44 1.684370707966965705e-43 5.012300282077294689e-42 6.112320935195830589e-39
5.418023565721322224e-44 9.771822543879966157e-44 9.901666121855355939e-43 5.993663505655038554e-41
4.690351962657008357e-44 6.910676899328399674e-44 3.216887807525242996e-43 4.249406606909750238e-42
4.507463099847295724e-44 5.783429033873238314e-44 1.561869370989996414e-43 8.397145179720729106e-43
4.686798931146336998e-44 5.488005904580875203e-44 1.028960833388248906e-43 3.017831697365680426e-43
5.136420629962755805e-44 5.669422314635012993e-44 8.394869228222725994e-44 1.648578017927958450e-43
5.805232211979132974e-44 6.174779503322435843e-44 7.879159613824021134e-44 1.197163254248074967e-43
6.663568582444052296e-44 6.925315297712028207e-44 8.055406990777373321e-44 1.042861193485516790e-43
7.680537410333564982e-44 7.866796088939173260e-44 8.640535770900288711e-44 1.013436264014840950e-43
8.813307407546566920e-44 8.946413841458739534e-44 9.483818402874862336e-44 1.046805494856643693e-43
1.000747336679324229e-43 1.010209200912736845e-43 1.047583167131766025e-43 1.113874162394666651e-43
1.119223885903211971e-43 1.125857739435057319e-43 1.151671642016349203e-43 1.196589046838856640e-43
1.228473939060406038e-43 1.233046169680384910e-43 1.250631031049708451e-43 1.280933211738969891e-43
1.319878257468761133e-43 1.323005853346967514e-43 1.334767921562675560e-43 1.354987498742895139e-43
1.386109323074608721e-43 1.387850695918438039e-43 1.395947998304625018e-43 1.409048422157573862e-43
1.424264390280774517e-43 1.423876555013862712e-43 1.428430708326600560e-43 1.434752243472685473e-43
