8.379411784602854829e-40 4.296135348163810113e-37 1.450851008066600329e-25 inf
5.572778330257453528e-40 2.561883810812638366e-37 3.139476914827790541e-26 inf
3.715972580834668037e-40 1.508944838609375474e-37 6.863685087960875318e-27 inf
2.482961141326924995e-40 8.767198953337854743e-38 1.512255601091702056e-27 inf
1.662196109792300624e-40 5.026211318633893329e-38 3.365189952033317803e-28 inf
1.116077277303297157e-40 2.851438296922039296e-38 7.580803798104861432e-29 inf
7.523529403045735390e-41 1.602652009432783525e-38 1.708609679986991994e-29 inf
5.087964353050437290e-41 8.918717809645045765e-39 3.845016461785587975e-30 inf
3.448123213360770467e-41 4.915724536768208078e-39 8.612064980617975405e-31 inf
2.339628107860286514e-41 2.684117863667394587e-39 1.913282653385759394e-31 inf
1.588155465203263976e-41 1.454273696008561049e-39 4.226079268411869755e-32 inf
1.078749189830059117e-41 7.835159841359774783e-40 9.240806513541565166e-33 inf
7.334793663894082542e-42 4.203075685978829076e-40 2.008373329904006056e-33 inf
4.992970558870643879e-42 2.249274497283825797e-40 4.311576620301130196e-34 inf
3.405027064765724963e-42 1.202274455335980052e-40 9.183621299577308333e-35 inf
2.327555295815646541e-42 6.430279698831196486e-41 1.940524481417944878e-35 inf
1.595865767271358938e-42 3.446811673637098799e-41 4.093413903192520057e-36 inf
1.098944037471777328e-42 1.855493726720766916e-41 8.620180206124158562e-37 inf
7.610128686505680735e-43 1.005962210220869355e-41 1.835951809283394602e-37 inf
5.312205506977458972e-43 5.511142466370804363e-42 3.979250359012122312e-38 inf
3.746235781621923591e-43 3.063361207419049287e-42 8.860757290608948190e-39 inf
2.678779775157318267e-43 1.737270520586112965e-42 2.071127107383838203e-39 inf
1.950011507980769259e-43 1.011263213246027463e-42 5.180359562253048627e-40 inf
1.451780040102209023e-43 6.081782325752928356e-43 1.409190045950961570e-40 3.477803880940893771e-32
1.110614444041235419e-43 3.805344085812108738e-43 4.239117643375592088e-41 2.888214955983394533e-35
8.773063853999311112e-44 2.491450204763918269e-43 1.356406541396814573e-41 2.330829797992020967e-37
7.177618532636635366e-44 1.716026413298577332e-43 4.789034257590953729e-42 5.971964678336435695e-39
6.096248018070780983e-44 1.248086504948781742e-43 1.938156954679539217e-42 3.781180487923027948e-40
5.376853842159343352e-44 9.617198508443009461e-44 9.010533723872936391e-43 4.842688739634947054e-41
4.916170268415461889e-44 7.842021714210091746e-44 4.778215859543372662e-43 1.050850057663938451e-41
4.648600705199130890e-44 6.742383585937436812e-44 2.861105227131119318e-43 3.302993998234140737e-42
4.525433254666871273e-44 6.071365265681617926e-44 1.910989804985291035e-43 1.339743256530033132e-42
4.519250128641210864e-44 5.692674555183688369e-44 1.404289420994813746e-43 6.577693799413855977e-43
4.606744278088597939e-44 5.517616823100998970e-44 1.119220229695235148e-43 3.776658495746990439e-43
4.777611839786252390e-44 5.500241217284565211e-44 9.542713134170837825e-44 2.471817043283781253e-43
5.019373461985567307e-44 5.600140880894337934e-44 8.594972836376986303e-44 1.802881397895983431e-43
5.327465548947793428e-44 5.799846528169333297e-44 8.086032055939738477e-44 1.435995449335929981e-43
5.696228485218312384e-44 6.084590796458238905e-44 7.870096123860456711e-44 1.226988613607071338e-43
6.120716546426719321e-44 6.442478211284625229e-44 7.861459837212879099e-44 1.107680961700979756e-43
6.596068154706364828e-44 6.863559662631033454e-44 8.006620359069242116e-44 1.043193342539902247e-43
7.118019629710116524e-44 7.341134969562578003e-44 8.270065190614208856e-44 1.014377479707611190e-43
7.679830948049273309e-44 7.865864220519777089e-44 8.626375763140899640e-44 1.009980934099230797e-43
8.275018355940439180e-44 8.430089535735830764e-44 9.055468672146807966e-44 1.022910638370684721e-43
8.896454675552664650e-44 9.025993266476588264e-44 9.540327457590198893e-44 1.048346422105381028e-43
9.534232248994594444e-44 9.641636847709291906e-44 1.006523743965699861e-43 1.082739203528512762e-43
1.017717584250147084e-43 1.026636669914207524e-43 1.061475506407233113e-43 1.123260039268479683e-43
1.081381545962606070e-43 1.088684731350654787e-43 1.117365214914641274e-43 1.167494359334345310e-43
1.143177351756682825e-43 1.149211250996571329e-43 1.172622656847358811e-43 1.213277998786710956e-43
1.201720951759179011e-43 1.206664166626483501e-43 1.225712343607269791e-43 1.258620025487380180e-43
1.255598737502735468e-43 1.259573080116638785e-43 1.275125807209471790e-43 1.301680885766637378e-43
1.303606422678119016e-43 1.306857327302515778e-43 1.319434776338397589e-43 1.340785858806859277e-43
1.344709465525433764e-43 1.347346988834825191e-43 1.357356676951760251e-43 1.374459374171372140e-43
1.377720632022393761e-43 1.379808937896140483e-43 1.387838467926686521e-43 1.401468558393767664e-43
1.402001662846511588e-43 1.403660553802019741e-43 1.410053998653709369e-43 1.420866115419475658e-43
1.417130252260585154e-43 1.418457851207513070e-43 1.423487083019536034e-43 1.432024305908818841e-43
