# # First column is omega in [eV], second column is F1(omega) in [eV-2], third column is F2(omega) in [eV-3], etc.
1.000000000000000048e-04 -1.233889170417903006e+04 0.000000000000000000e+00 0.000000000000000000e+00 0.000000000000000000e+00 0.000000000000000000e+00 0.000000000000000000e+00 0.000000000000000000e+00 0.000000000000000000e+00 0.000000000000000000e+00 0.000000000000000000e+00
8.024096385542170114e-04 -1.002606252138113746e+03 2.596963725165164306e+03 0.000000000000000000e+00 0.000000000000000000e+00 0.000000000000000000e+00 0.000000000000000000e+00 0.000000000000000000e+00 0.000000000000000000e+00 0.000000000000000000e+00 0.000000000000000000e+00
1.504819277108433977e-03 -2.492742325068922469e+02 1.080909315262007794e+03 -1.648329845351423273e+03 0.000000000000000000e+00 0.000000000000000000e+00 0.000000000000000000e+00 0.000000000000000000e+00 0.000000000000000000e+00 0.000000000000000000e+00 0.000000000000000000e+00
2.207228915662650618e-03 5.003182730877856699e+01 2.710798313840790570e+02 -7.579131198225409207e+02 0.000000000000000000e+00 0.000000000000000000e+00 0.000000000000000000e+00 0.000000000000000000e+00 0.000000000000000000e+00 0.000000000000000000e+00 0.000000000000000000e+00
2.909638554216867692e-03 3.382157586501758146e+02 -4.548890780618123699e+02 6.340715530622103557e+01 3.431358256630143728e+02 0.000000000000000000e+00 0.000000000000000000e+00 0.000000000000000000e+00 0.000000000000000000e+00 0.000000000000000000e+00 0.000000000000000000e+00
3.612048192771084767e-03 3.490973835082778578e+02 -9.015320791476380009e+02 5.594570894118576234e+02 0.000000000000000000e+00 0.000000000000000000e+00 0.000000000000000000e+00 0.000000000000000000e+00 0.000000000000000000e+00 0.000000000000000000e+00 0.000000000000000000e+00
4.314457831325301841e-03 9.729966904950503022e+02 -1.661127181983775927e+03 1.063053503263716948e+03 -6.738743616640639402e+02 0.000000000000000000e+00 0.000000000000000000e+00 0.000000000000000000e+00 0.000000000000000000e+00 0.000000000000000000e+00 0.000000000000000000e+00
5.016867469879519349e-03 1.182644100470579133e+03 -2.808389341950051403e+03 2.810796832519883992e+03 -1.593435560030435227e+03 0.000000000000000000e+00 0.000000000000000000e+00 0.000000000000000000e+00 0.000000000000000000e+00 0.000000000000000000e+00 0.000000000000000000e+00
5.719277108433735990e-03 1.515324961395998798e+03 -3.456839028085576047e+03 3.716168770932343250e+03 -2.721018908646876753e+03 0.000000000000000000e+00 0.000000000000000000e+00 0.000000000000000000e+00 0.000000000000000000e+00 0.000000000000000000e+00 0.000000000000000000e+00
6.421686746987952631e-03 2.078658109740253622e+03 -4.492299815890108221e+03 4.961125593162462792e+03 -3.037171196914736356e+03 0.000000000000000000e+00 0.000000000000000000e+00 0.000000000000000000e+00 0.000000000000000000e+00 0.000000000000000000e+00 0.000000000000000000e+00
7.124096385542170139e-03 3.543548684829152535e+03 -6.804413144300454405e+03 6.894825966576164319e+03 -3.612844377376582543e+03 0.000000000000000000e+00 0.000000000000000000e+00 0.000000000000000000e+00 0.000000000000000000e+00 0.000000000000000000e+00 0.000000000000000000e+00
7.826506024096386779e-03 5.109312622242498946e+03 -1.050295386229738324e+04 1.078911608808738310e+04 -5.133942554161984845e+03 0.000000000000000000e+00 0.000000000000000000e+00 0.000000000000000000e+00 0.000000000000000000e+00 0.000000000000000000e+00 0.000000000000000000e+00
8.528915662650602553e-03 6.078038367884781110e+03 -1.352057983969760789e+04 1.101634428721078984e+04 -8.040406225229155098e+03 3.205766874771323273e+03 0.000000000000000000e+00 0.000000000000000000e+00 0.000000000000000000e+00 0.000000000000000000e+00 0.000000000000000000e+00
9.231325301204820061e-03 7.969022712529459568e+03 -1.614786762363992966e+04 1.330294528444266871e+04 -1.218976822858314154e+04 0.000000000000000000e+00 0.000000000000000000e+00 0.000000000000000000e+00 0.000000000000000000e+00 0.000000000000000000e+00 0.000000000000000000e+00
9.933734939759037569e-03 6.012162590839575387e+03 -1.598081675272507891e+04 1.469677806919183604e+04 -1.432597407127182487e+04 6.094269390755866365e-266 0.000000000000000000e+00 0.000000000000000000e+00 0.000000000000000000e+00 0.000000000000000000e+00 0.000000000000000000e+00
1.063614457831325334e-02 4.385338386669844112e+03 -9.348450930169878120e+03 1.371370605680954941e+04 -1.192309659553175152e+04 6.301640303273209611e+03 0.000000000000000000e+00 0.000000000000000000e+00 0.000000000000000000e+00 0.000000000000000000e+00 0.000000000000000000e+00
1.133855421686747085e-02 3.167488791913755449e+03 -2.850048351982026361e+03 -5.450474386064815008e+03 -4.288304385446787819e+03 3.124253179691449532e+03 -7.555444989521500929e+02 0.000000000000000000e+00 0.000000000000000000e+00 0.000000000000000000e+00 0.000000000000000000e+00
1.204096385542168836e-02 2.734071890522316153e+03 3.530448482317810885e+03 -1.190297707917427942e+04 1.017457926266038521e+04 -4.498342486403911607e+03 0.000000000000000000e+00 0.000000000000000000e+00 0.000000000000000000e+00 0.000000000000000000e+00 0.000000000000000000e+00
1.274337349397590413e-02 2.489643397970869501e+03 9.576192653316595170e+03 -2.773996303645660009e+04 2.716218954405007025e+04 -8.148270524941425208e+01 0.000000000000000000e+00 0.000000000000000000e+00 0.000000000000000000e+00 0.000000000000000000e+00 0.000000000000000000e+00
1.344578313253012164e-02 7.820247792955220802e+02 1.834741045288179157e+04 -4.254920211984071648e+04 4.269450155611621449e+04 -3.048713970256245739e+04 0.000000000000000000e+00 0.000000000000000000e+00 0.000000000000000000e+00 0.000000000000000000e+00 0.000000000000000000e+00
1.414819277108433915e-02 1.557889505734442537e+02 2.876242344164150563e+04 -6.248401181387958786e+04 5.459803402987931622e+04 -8.042618179010373751e+02 0.000000000000000000e+00 0.000000000000000000e+00 0.000000000000000000e+00 0.000000000000000000e+00 0.000000000000000000e+00
1.485060240963855492e-02 1.327411794484372649e+02 3.786590979040112143e+04 -8.020100449959225080e+04 8.618642950012945221e+04 -6.455074785708722629e+04 0.000000000000000000e+00 0.000000000000000000e+00 0.000000000000000000e+00 0.000000000000000000e+00 0.000000000000000000e+00
1.555301204819277243e-02 1.946810848085145267e+02 4.737497396353041404e+04 -1.036719948197618505e+05 1.088574540558139561e+05 -7.055599993808178988e+04 1.959498653169635145e+04 0.000000000000000000e+00 0.000000000000000000e+00 0.000000000000000000e+00 0.000000000000000000e+00
1.625542168674698820e-02 2.657269858681046912e+02 5.812364467337528185e+04 -1.246221047214108257e+05 1.258651096736818581e+05 -8.284184442216593015e+04 0.000000000000000000e+00 0.000000000000000000e+00 0.000000000000000000e+00 0.000000000000000000e+00 0.000000000000000000e+00
1.695783132530120571e-02 3.865816816580770023e+02 6.795361707815203408e+04 -1.454961825383391988e+05 1.339279278522460663e+05 -9.262198972195276292e+04 0.000000000000000000e+00 2.295230396327388492e-270 0.000000000000000000e+00 0.000000000000000000e+00 0.000000000000000000e+00
1.766024096385542322e-02 4.664839602147974347e+02 7.469165232861046388e+04 -1.539197901406714518e+05 1.625860099584803684e+05 -1.106647466041296429e+05 -1.430660077686627901e-266 0.000000000000000000e+00 0.000000000000000000e+00 0.000000000000000000e+00 0.000000000000000000e+00
1.836265060240964073e-02 5.042361463513726676e+02 7.720221013961800782e+04 -1.479050855342850846e+05 1.572320418170719349e+05 -1.003181947454949841e+05 4.302993123303822358e+04 0.000000000000000000e+00 0.000000000000000000e+00 0.000000000000000000e+00 0.000000000000000000e+00
1.906506024096385823e-02 5.431730906858466597e+02 7.472804341693308379e+04 -1.294221757615814568e+05 1.051701920000565005e+05 -8.124118598115576606e+04 5.854166194797497883e+04 0.000000000000000000e+00 0.000000000000000000e+00 0.000000000000000000e+00 0.000000000000000000e+00
1.976746987951807574e-02 6.819435248858428622e+02 6.821785095999587793e+04 -8.869147994756042317e+04 2.877622643896061345e+04 -1.780924384174847728e+04 1.002636422336150099e+04 0.000000000000000000e+00 0.000000000000000000e+00 0.000000000000000000e+00 0.000000000000000000e+00
2.046987951807228978e-02 8.540951536005188700e+02 5.929396486150588316e+04 -3.141229709559895855e+04 -8.969038721166776668e+04 7.023269577948344522e+04 5.158993972433461295e+02 0.000000000000000000e+00 0.000000000000000000e+00 0.000000000000000000e+00 0.000000000000000000e+00
2.117228915662650729e-02 1.099309304906285661e+03 4.998795027607381053e+04 4.058384561248180398e+04 -1.940422979660603160e+05 2.391058224224550358e+05 -1.790682345752547844e+05 0.000000000000000000e+00 0.000000000000000000e+00 0.000000000000000000e+00 0.000000000000000000e+00
2.187469879518072480e-02 1.529555416347511482e+03 3.926129220242483279e+04 1.172635093803752825e+05 -3.365908972404301167e+05 3.628387848527010065e+05 -2.571939198418033193e+05 0.000000000000000000e+00 0.000000000000000000e+00 0.000000000000000000e+00 0.000000000000000000e+00
2.257710843373494231e-02 1.512096077441445686e+03 2.773419976414920893e+04 2.104275885421322018e+05 -5.146000806926193181e+05 5.528400825297737028e+05 -3.494236862581651076e+05 -1.444469904947343742e-270 0.000000000000000000e+00 0.000000000000000000e+00 0.000000000000000000e+00
2.327951807228915981e-02 1.021927165597122098e+03 2.009420284155461559e+04 3.046650129847984645e+05 -6.650358704839422135e+05 7.200510856535556959e+05 -5.460343036067484645e+05 0.000000000000000000e+00 0.000000000000000000e+00 0.000000000000000000e+00 0.000000000000000000e+00
2.398192771084337732e-02 7.479272494792553516e+02 1.557982429067332851e+04 4.014346001468847971e+05 -9.082328249330600956e+05 8.652472369261806598e+05 -5.406386958574322052e+05 -1.382762449914972669e-268 0.000000000000000000e+00 0.000000000000000000e+00 0.000000000000000000e+00
2.468433734939759483e-02 4.494981147888857436e+02 1.404764680744521866e+04 4.885897539211572730e+05 -1.082711975261152955e+06 9.827308134336986113e+05 -6.392222321334590670e+05 0.000000000000000000e+00 0.000000000000000000e+00 0.000000000000000000e+00 0.000000000000000000e+00
2.538674698795180887e-02 4.025820744785739294e+02 1.419803980154524106e+04 5.634930939001454972e+05 -1.206353364818054950e+06 1.275576630815864773e+06 -7.228000033167625079e+05 -1.573637444641444517e+03 0.000000000000000000e+00 0.000000000000000000e+00 0.000000000000000000e+00
2.608915662650602638e-02 4.787225635837598361e+02 1.450055107722264438e+04 6.257192884832806885e+05 -1.240227020818337100e+06 1.122050223085084232e+06 -7.441895525596053340e+05 -1.085318575596870595e-267 0.000000000000000000e+00 0.000000000000000000e+00 0.000000000000000000e+00
2.679156626506024388e-02 6.614111347241306476e+02 1.552378027065145579e+04 6.617334333722448209e+05 -1.301665114709563321e+06 1.090117349063618574e+06 -5.405636115827736212e+05 8.979188395802353491e-271 0.000000000000000000e+00 0.000000000000000000e+00 0.000000000000000000e+00
2.749397590361446139e-02 7.653011893039579263e+02 1.776420763348463879e+04 6.736598897465568734e+05 -1.098572826474460075e+06 9.129106620142046595e+05 -1.473446975015274074e+05 2.371755647857282020e+05 0.000000000000000000e+00 0.000000000000000000e+00 0.000000000000000000e+00
2.819638554216867890e-02 9.377650340443060486e+02 2.022635545980464667e+04 6.673896350367364939e+05 -9.731688229398796102e+05 4.002608031335864798e+05 -9.291990214296837803e+04 -9.077617317950798315e+04 0.000000000000000000e+00 0.000000000000000000e+00 0.000000000000000000e+00
2.889879518072289641e-02 8.736685898920367208e+02 2.307448582769571658e+04 6.265135766896806890e+05 -6.138808703761900542e+05 -5.091760472878364817e+04 7.381439523424191866e+05 -2.841715866952784709e+05 0.000000000000000000e+00 0.000000000000000000e+00 0.000000000000000000e+00
2.960120481927711045e-02 7.920157879142734600e+02 2.695220507398200425e+04 5.751489409702805569e+05 -2.826525561260503018e+05 -1.175979324990128400e+06 1.015887649611382862e+06 -7.527082888462343253e+05 -5.262573656201380752e-275 0.000000000000000000e+00 0.000000000000000000e+00
3.030361445783132796e-02 1.793119287073205214e+03 2.928147112329143420e+04 4.998786205175258801e+05 2.831091857011089451e+05 -2.122563548199654557e+06 2.606802456656571478e+06 -1.860446788715010509e+06 0.000000000000000000e+00 0.000000000000000000e+00 0.000000000000000000e+00
3.100602409638554546e-02 5.611182360148308362e+03 2.348662148624227484e+04 4.397696507082789321e+05 9.653836659125870792e+05 -3.337974708454033360e+06 3.682372400674800854e+06 -1.981200985867046285e+06 0.000000000000000000e+00 0.000000000000000000e+00 0.000000000000000000e+00
3.170843373493976297e-02 4.310183342807574263e+03 2.109883841912394200e+04 3.641018380240805564e+05 1.562478860613016644e+06 -4.432734442330053076e+06 4.227094886352631263e+06 -3.212630157566427253e+06 0.000000000000000000e+00 0.000000000000000000e+00 0.000000000000000000e+00
3.241084337349398048e-02 4.837888414046262369e+03 1.914998451064632536e+04 3.177362840710593155e+05 2.351737703355894890e+06 -5.722562692214622162e+06 4.950763019059186801e+06 -3.650625351790194400e+06 -3.130355073662711395e-271 0.000000000000000000e+00 0.000000000000000000e+00
3.311325301204819799e-02 1.985019334928891794e+03 1.995280074535945096e+04 2.765809999590564403e+05 2.866065638144664932e+06 -6.863746368468356319e+06 7.560303643062403426e+06 -4.681514161806205288e+06 0.000000000000000000e+00 0.000000000000000000e+00 0.000000000000000000e+00
3.381566265060241550e-02 5.800206937967374188e+02 2.480954761510223398e+04 2.496658389004723867e+05 3.523697131260760594e+06 -7.561429935070545413e+06 7.198315669846468605e+06 -4.022580512474803254e+06 1.331006744774011662e+06 0.000000000000000000e+00 0.000000000000000000e+00
3.451807228915663300e-02 2.905372888654117673e+02 2.713427665360971514e+04 2.321855604320548300e+05 3.902850352212117985e+06 -7.900739993939893320e+06 8.408860739181611687e+06 -3.701149708520239219e+06 0.000000000000000000e+00 0.000000000000000000e+00 0.000000000000000000e+00
3.522048192771085051e-02 0.000000000000000000e+00 3.050203210784759358e+04 2.375907117914624978e+05 4.391499045826290734e+06 -8.258401651588942856e+06 7.910741080454529263e+06 -2.706550116371143609e+06 -8.881613382913276227e-273 1.572078705977940392e-273 -1.645956123017516697e-273
3.592289156626506802e-02 0.000000000000000000e+00 3.387058187878740864e+04 2.493902216277224943e+05 4.519703566564267501e+06 -7.887771106075667776e+06 5.838418761337067932e+06 -7.874012201669245260e+05 3.219218897350118496e+05 0.000000000000000000e+00 0.000000000000000000e+00
3.662530120481928553e-02 0.000000000000000000e+00 3.806612845403829851e+04 2.640875962289205054e+05 4.643983700625344180e+06 -6.644584616403930821e+06 4.761595097039777786e+06 -2.067455775404471438e+06 0.000000000000000000e+00 0.000000000000000000e+00 0.000000000000000000e+00
3.732771084337350304e-02 0.000000000000000000e+00 4.395001226283363212e+04 2.792548444167626440e+05 4.609421241608180106e+06 -6.208431546728527173e+06 1.830633734792856267e+05 -4.601940484224508400e+05 -4.458875059229433537e+05 0.000000000000000000e+00 0.000000000000000000e+00
3.803012048192772054e-02 0.000000000000000000e+00 5.299498953871009144e+04 2.990062446251494694e+05 4.347203380083738826e+06 -2.926624433842709754e+06 -2.474767934102257248e+06 7.316019869809007272e+06 -4.132769341616274789e+06 0.000000000000000000e+00 0.000000000000000000e+00
3.873253012048193805e-02 0.000000000000000000e+00 6.480701210231001460e+04 3.027073648314765305e+05 4.201701717388167046e+06 -5.772190582601183560e+05 -7.975764624999522232e+06 1.244847593650489114e+07 -9.615198847380120307e+06 3.054534895982333459e+06 0.000000000000000000e+00
3.943493975903615556e-02 0.000000000000000000e+00 7.791367352829019364e+04 2.997961300102001405e+05 3.813900355235709343e+06 1.399487426654387033e+06 -1.257482971900854819e+07 1.656766849308621325e+07 -1.487051912340729155e-271 1.494476158559592658e-274 0.000000000000000000e+00
4.013734939759037307e-02 0.000000000000000000e+00 9.043492734662996372e+04 2.858442160303454730e+05 3.401966089975607116e+06 5.282298618181245402e+06 -2.020969801701464877e+07 2.602970898169035837e+07 0.000000000000000000e+00 0.000000000000000000e+00 0.000000000000000000e+00
4.083975903614458364e-02 0.000000000000000000e+00 9.246348400252536521e+04 3.002284627741608419e+05 2.919520403434964363e+06 8.889930926678761840e+06 -2.603676409949870780e+07 2.777548140844523534e+07 -2.274719524490198493e+07 0.000000000000000000e+00 0.000000000000000000e+00
4.154216867469880115e-02 0.000000000000000000e+00 8.572572340207216621e+04 3.177616532619324862e+05 2.872261634621760342e+06 1.251606335372037999e+07 -2.948756888367334008e+07 2.954734164638246223e+07 0.000000000000000000e+00 1.484990845259986963e+04 0.000000000000000000e+00
4.224457831325301865e-02 0.000000000000000000e+00 7.233786667820686125e+04 3.376593500529147568e+05 2.850748893360129092e+06 1.704545025070068613e+07 -3.710376113755944371e+07 3.324555347733314335e+07 -1.370810992599236076e-270 0.000000000000000000e+00 0.000000000000000000e+00
4.294698795180723616e-02 0.000000000000000000e+00 5.718944464187732956e+04 3.943608415391968447e+05 2.615230404265154153e+06 1.979644851995559037e+07 -4.150889580228240043e+07 4.249990750353372097e+07 -7.987433350768350996e+06 9.584376127090576338e+05 0.000000000000000000e+00
4.364939759036145367e-02 0.000000000000000000e+00 4.551377814475497144e+04 4.628138866934577818e+05 2.326536860407827422e+06 2.052674273770851642e+07 -3.888227929520332813e+07 4.803862756582426280e+07 -5.502639514672235586e+06 0.000000000000000000e+00 0.000000000000000000e+00
4.435180722891567118e-02 0.000000000000000000e+00 3.299166400430283829e+04 5.431320817823560210e+05 2.413526450225177221e+06 2.369582920493773744e+07 -4.597579256333328038e+07 3.607463289887671918e+07 6.579167563378054183e+05 0.000000000000000000e+00 0.000000000000000000e+00
4.505421686746988869e-02 0.000000000000000000e+00 2.265535199537191875e+04 6.219790706935747294e+05 2.315275985045051202e+06 2.524509667066998780e+07 -4.393285461890354753e+07 2.523577024044916034e+07 1.231785612918121181e+07 1.314643309035251103e+07 0.000000000000000000e+00
4.575662650602410619e-02 0.000000000000000000e+00 1.401376183226928515e+04 7.292043197890017182e+05 2.329934933232838754e+06 2.556379733480048925e+07 -3.877088143135949224e+07 1.136523744412303716e+07 6.767402386231094599e+06 -1.203790516513467301e+06 0.000000000000000000e+00
4.645903614457832370e-02 0.000000000000000000e+00 8.656186420599999110e+03 8.401643278793994104e+05 2.487395036318441387e+06 2.505260736777007952e+07 -2.837532231184465066e+07 -1.883640907060486823e+07 2.755804906905312912e-273 -4.501913679810642265e+06 0.000000000000000000e+00
4.716144578313254121e-02 0.000000000000000000e+00 7.160674094868277280e+03 9.419986199691108195e+05 2.521105642309003044e+06 2.618859098838136345e+07 -1.909150407916783541e+07 -2.356953925563663989e+07 3.608896557415369153e+07 0.000000000000000000e+00 0.000000000000000000e+00
4.786385542168675872e-02 0.000000000000000000e+00 7.448757839644000342e+03 1.066758163152434397e+06 2.531203938644760754e+06 2.593556158786084503e+07 -1.159604034925743565e+07 -6.720240448023569584e+07 9.363058435502676666e+07 -3.058260957876659930e+07 0.000000000000000000e+00
4.856626506024097623e-02 0.000000000000000000e+00 8.478057782097266681e+03 1.146040107092819875e+06 2.510785318372507114e+06 2.266811644077577442e+07 1.297806771471688524e+07 -5.807914405098237842e+07 8.437992496605727822e+06 3.322210016693764087e-273 2.973299396816682070e+07
4.926867469879519373e-02 0.000000000000000000e+00 9.642376080910724340e+03 1.201274234914822970e+06 2.842338275870700832e+06 2.188272959302470833e+07 1.894745029669152573e+07 -1.045041198282602131e+08 1.098280904409378022e+08 -1.086203909439967424e+08 0.000000000000000000e+00
4.997108433734940430e-02 0.000000000000000000e+00 1.068010461721082902e+04 1.213538514129352523e+06 2.468028131851409096e+06 2.316996234777564183e+07 3.687475641829362512e+07 -1.635195024768902063e+08 1.511580989000553787e+08 -2.582781302187786438e+06 0.000000000000000000e+00
5.067349397590362181e-02 0.000000000000000000e+00 1.169954130853031165e+04 1.183654306109186960e+06 3.264152917837423738e+06 2.019948248222739995e+07 5.310404710468243808e+07 -1.554448583994919658e+08 1.391424913706545234e+08 -9.702360369306764007e+07 0.000000000000000000e+00
5.137590361445783932e-02 0.000000000000000000e+00 1.280944542543483840e+04 1.084139140349197434e+06 3.508570574817484245e+06 1.849508867980984971e+07 8.875946902791748941e+07 -1.698904781397043765e+08 1.379052310196858048e+08 -1.092410807910542488e+08 7.775836166311421432e+06
5.207831325301205683e-02 0.000000000000000000e+00 1.474150999008976942e+04 9.807389728095405735e+05 4.382779491057536565e+06 1.640139523891722970e+07 8.374617922385419905e+07 -1.801253357660794556e+08 1.242604946913149953e+08 5.293924036733037792e+06 0.000000000000000000e+00
5.278072289156627434e-02 0.000000000000000000e+00 1.717980134341976736e+04 8.402722783397771418e+05 5.173229759505797178e+06 1.657655063043607399e+07 9.376043103245067596e+07 -1.739032925139556229e+08 1.582377904575810134e+08 -6.144355191405756772e+07 0.000000000000000000e+00
5.348313253012049184e-02 0.000000000000000000e+00 1.869951733902396882e+04 6.993779381129761459e+05 6.252167071169910021e+06 1.621724142502751760e+07 1.018656370821938664e+08 -2.124301938245700896e+08 1.212013251680222601e+08 -3.350339419788213447e+07 0.000000000000000000e+00
5.418554216867470935e-02 0.000000000000000000e+00 1.829931983657907040e+04 5.812258748989241431e+05 7.021889443056005985e+06 1.267972711802931316e+07 1.160267529943380207e+08 -1.437197815401259065e+08 8.248033398814818263e+07 1.577846908875948749e+07 -3.771227497919856344e-277
5.488795180722892686e-02 0.000000000000000000e+00 1.604550045712276551e+04 4.635742887757061981e+05 8.156061234041397460e+06 1.552296302103585936e+07 1.205636675140500367e+08 -1.936046475232117176e+08 -2.081528419834871590e+07 -7.181116274676929966e-275 -3.557879097589540482e+07
5.559036144578314437e-02 0.000000000000000000e+00 1.266413848574715485e+04 3.865781366453825613e+05 9.185073645481092855e+06 1.520473327287858166e+07 1.208786058638136089e+08 -9.813042420798033476e+07 6.143347306567868218e+05 -1.689809937204621732e+07 0.000000000000000000e+00
5.629277108433736188e-02 0.000000000000000000e+00 9.866620501867722851e+03 3.431666155041468446e+05 9.943663880786394700e+06 1.461215605668214150e+07 1.167317104450256526e+08 -6.239188835477149487e+07 -1.087766073134357333e+08 3.379096405590371490e+08 0.000000000000000000e+00
5.699518072289157938e-02 0.000000000000000000e+00 8.425767537444113259e+03 3.318474147643276956e+05 1.075679806681127287e+07 1.336962294454482198e+07 1.039671313423206955e+08 -4.379521193053563684e+07 -2.247672603055838048e+08 -2.341416211327595130e-276 -1.960000969852666557e+08
5.769759036144579689e-02 0.000000000000000000e+00 8.320153870767542685e+03 3.224409356297728373e+05 1.156264839730624110e+07 1.576983337964849919e+07 1.296450278584865928e+08 3.714320399944059551e+07 -3.810886967925858498e+08 4.758986234573520422e+08 0.000000000000000000e+00
5.840000000000001440e-02 0.000000000000000000e+00 9.226707256800576943e+03 3.451331947370418347e+05 1.200625353103735857e+07 1.847210641784720495e+07 1.117593750805307329e+08 1.127511156819218397e+08 -4.216319909831187129e+08 5.284499009137604833e+08 -3.052805259472369552e+08
5.910240963855422497e-02 0.000000000000000000e+00 1.045973722366674883e+04 3.604289662396900239e+05 1.161781608884406276e+07 2.148894866147537529e+07 1.252283263996426761e+08 1.608164324949150383e+08 -5.728830721625452042e+08 6.646254313466495275e+08 8.520634495489365348e-283
5.980481927710844248e-02 0.000000000000000000e+00 1.126218823419265937e+04 3.833487194475573488e+05 1.182710193980106711e+07 2.168747597555738315e+07 1.067181300070808232e+08 1.793822356104747355e+08 -6.784685904961054325e+08 5.335072433904871941e+08 -1.268486246137157530e+08
6.050722891566265998e-02 0.000000000000000000e+00 1.171260179550675821e+04 4.201562840377136599e+05 1.106901716915377229e+07 2.672058119687520713e+07 1.016366863449433148e+08 2.159049736256983280e+08 -6.580608156652317047e+08 6.518511902815020084e+08 1.176941260094599428e-277
6.120963855421687749e-02 0.000000000000000000e+00 1.445258215102137001e+04 4.423409878615385969e+05 1.017067455786275677e+07 3.095482739453066140e+07 7.526527945512512326e+07 2.646887229894859195e+08 -9.289973902452572584e+08 3.811003416258582473e+08 -3.145715710062882836e-278
6.191204819277109500e-02 0.000000000000000000e+00 2.087413108216907858e+04 4.567195799717492773e+05 9.581150985598629341e+06 4.131861943200488389e+07 8.919664396803154051e+07 3.974762153237195015e+08 -6.755295054248987436e+08 6.918213673767722845e+08 3.269624041235880510e-278
6.261445783132531251e-02 0.000000000000000000e+00 2.519711899552417162e+04 4.546055697058457881e+05 8.540039251567864791e+06 4.791003174222085625e+07 8.594861749342530966e+07 3.989593634571780562e+08 -6.774164878012076616e+08 4.335238876366378665e+08 -2.850299287190058702e-277
6.331686746987952308e-02 0.000000000000000000e+00 2.861207018084946685e+04 4.360858621435053064e+05 7.557225715604092926e+06 5.525248581650829315e+07 5.163028974826659262e+07 3.969203324685833454e+08 -5.576525534640020132e+08 1.526076297369073629e+08 3.196918763087149858e+08
6.401927710843374753e-02 0.000000000000000000e+00 2.467381000745801066e+04 4.166455582712898613e+05 6.904862012640863657e+06 6.172101451149878651e+07 6.673147513552415371e+07 5.228854416723448038e+08 -3.546910275749241710e+08 -4.643169619775309563e+08 -3.638421414020571817e-277
6.472168674698795809e-02 0.000000000000000000e+00 1.763627946670112942e+04 4.067260459067357588e+05 6.020373439032119699e+06 7.194909673402531445e+07 6.601059350927023590e+07 4.435226898053621054e+08 -8.304215133955852985e+08 -6.200847084287452698e+07 2.492664472771938145e+08
6.542409638554218254e-02 0.000000000000000000e+00 1.060720664148651667e+04 3.967885659118123003e+05 5.577439799556588754e+06 7.959081392244161665e+07 7.960575014820717275e+07 4.447417879901100993e+08 -1.676175938718752861e+08 -2.847118171623628736e+08 0.000000000000000000e+00
6.612650602409639311e-02 0.000000000000000000e+00 4.794227640916489690e+03 3.954847745321045513e+05 5.557418323528130539e+06 8.602982843544906378e+07 7.228242395668159425e+07 4.439532873973946571e+08 -2.587993039750685394e+08 -1.363671452548128843e+09 1.031001393674118757e+09
6.682891566265061756e-02 0.000000000000000000e+00 2.050802771666863919e+03 4.047823378413491300e+05 5.345125564678276889e+06 8.508345634177574515e+07 7.905545225734566152e+07 4.113076751428748369e+08 1.981023594373140112e+07 -6.485481750640940666e+08 2.547157917072915077e+09
6.753132530120482813e-02 0.000000000000000000e+00 7.076168219175777949e+02 4.260374961030872655e+05 5.810265869159732945e+06 8.948757634760434926e+07 8.230562976571622491e+07 4.830745840368283987e+08 9.730872101368744671e+07 -1.646666286121150255e+09 1.616430945474262476e+09
6.823373493975905257e-02 0.000000000000000000e+00 1.655893445589215958e+02 4.460697878266476910e+05 5.663203118144211359e+06 8.515999214831434190e+07 1.176582121994282454e+08 3.842561444053665400e+08 4.876124284339963794e+08 -1.751949577399045229e+09 2.378343793347939491e+09
6.893614457831326314e-02 0.000000000000000000e+00 4.431592901398133222e+01 4.783516355044120573e+05 5.845764692335872911e+06 8.803630693548266590e+07 1.351087221241423190e+08 3.383829259604206085e+08 6.209126886490893364e+08 -2.161911681216588974e+09 1.985148766383447170e+09
6.963855421686748759e-02 0.000000000000000000e+00 6.254641703504948858e+00 5.175896696494976059e+05 6.281541787933996879e+06 8.709598619199910760e+07 1.873521143620418012e+08 3.233895528761925697e+08 1.463507480081233263e+09 -1.447700862744962931e+09 1.610094750843880892e+09
7.034096385542169816e-02 0.000000000000000000e+00 0.000000000000000000e+00 5.748483328138625948e+05 6.603345765940771438e+06 8.256584893193569779e+07 1.904069558102721870e+08 3.100237078951215148e+08 1.083838642438002586e+09 -2.585513622146282673e+09 1.025234206036967278e+09
7.104337349397592261e-02 0.000000000000000000e+00 0.000000000000000000e+00 6.263343069002012489e+05 6.194457415293223225e+06 7.573738536934815347e+07 2.606923024199078083e+08 2.376339209104594886e+08 1.014995152797576189e+09 -2.136969958600943804e+09 -2.723102086319955438e+07
7.174578313253013317e-02 0.000000000000000000e+00 0.000000000000000000e+00 6.657807658526566811e+05 6.494236295266573317e+06 7.435145881568332016e+07 2.866574104720616937e+08 2.657368696039569080e+08 9.627007521294025183e+08 -3.943656472843864918e+09 1.474399028543622732e+09
7.244819277108434374e-02 0.000000000000000000e+00 0.000000000000000000e+00 6.642030929390121019e+05 6.217088252031584270e+06 6.711959569748122990e+07 3.819581494989335537e+08 3.538584285840709209e+08 1.503623007269252777e+09 -2.067842641197714210e+08 1.101634934589527369e+09
7.315060240963856819e-02 0.000000000000000000e+00 0.000000000000000000e+00 6.272132935530138202e+05 6.698586959005705081e+06 6.727263716415981948e+07 3.748601980858367682e+08 4.973412642118443251e+08 1.704770009749051094e+09 -1.608494345653027773e+09 -1.671074807968076706e+09
7.385301204819277876e-02 0.000000000000000000e+00 0.000000000000000000e+00 5.563979822295956546e+05 6.520372040314164013e+06 6.308122652152433246e+07 4.794974650418725610e+08 4.001648354548116326e+08 1.335154217267535210e+09 -1.388544291513615131e+09 -1.209696098531925201e+09
7.455542168674700321e-02 0.000000000000000000e+00 0.000000000000000000e+00 4.679512111228082795e+05 6.590677735926718451e+06 5.723492920711107552e+07 4.649564909100528359e+08 4.132897797446290851e+08 1.907500095408522367e+09 -2.334179480174820423e+09 -4.309618304803968430e+09
7.525783132530121378e-02 0.000000000000000000e+00 0.000000000000000000e+00 3.831053721956397058e+05 7.230266996557698585e+06 5.270727742012543976e+07 4.992736088156493306e+08 1.942602488837710321e+08 2.230853622516225338e+09 2.648470330806305707e+08 -3.487758863172573090e+09
7.596024096385543822e-02 0.000000000000000000e+00 0.000000000000000000e+00 2.965525646271866863e+05 7.391836815848983824e+06 5.570908225235475600e+07 5.412245682638193369e+08 4.127779056813194156e+08 1.919645115829319239e+09 -5.163173655781484246e+08 -4.580032307924395561e+09
7.666265060240964879e-02 0.000000000000000000e+00 0.000000000000000000e+00 2.224958039541102189e+05 7.715186108286429197e+06 5.870017033738677204e+07 5.274721295080588460e+08 6.965300023603549004e+08 1.385913717420226097e+09 1.644877042832729816e+09 -4.898624603782199860e+09
7.736506024096387324e-02 0.000000000000000000e+00 0.000000000000000000e+00 1.637971955305867305e+05 8.185261777491927147e+06 5.528114475183587521e+07 5.674835830368757248e+08 6.097267113730661869e+08 1.854454848722473621e+09 2.443900037778046131e+09 -1.240290167833259821e+09
7.806746987951808381e-02 0.000000000000000000e+00 0.000000000000000000e+00 1.209024859029711806e+05 8.701108326780589297e+06 5.561029059101445228e+07 5.638242613800525665e+08 8.663452979071812630e+08 1.420868981323854208e+09 3.243365073441965103e+09 -6.507965192698385239e+09
7.876987951807230826e-02 0.000000000000000000e+00 0.000000000000000000e+00 9.758330126915738219e+04 9.323466687983045354e+06 5.951533896555225551e+07 5.359103735579906702e+08 7.489100335685458183e+08 1.031632273775567532e+09 4.829768011004870415e+09 -7.783767847456566811e+09
7.947228915662651882e-02 0.000000000000000000e+00 0.000000000000000000e+00 8.938666251021309290e+04 9.710811987997192889e+06 6.222215409140599519e+07 5.138229613843032718e+08 9.812838906141122580e+08 1.556475443364298582e+09 3.743117938070300579e+09 -7.306085847188586235e+09
8.017469879518074327e-02 0.000000000000000000e+00 0.000000000000000000e+00 8.925649429368770507e+04 9.901925170742569491e+06 6.562793065333361179e+07 5.355513152594115138e+08 1.082063395082880020e+09 8.871876447284044027e+08 3.715004095918871403e+09 -2.926790109047713280e+09
8.087710843373495384e-02 0.000000000000000000e+00 0.000000000000000000e+00 9.438463740744990355e+04 1.010552552038292028e+07 6.373431757983387262e+07 4.525140779093543887e+08 1.631599884549384117e+09 1.160918151199604511e+09 4.061993152665127754e+09 -7.536667588240067482e+09
8.157951807228916441e-02 0.000000000000000000e+00 0.000000000000000000e+00 1.005873112551077938e+05 1.006638893269313686e+07 6.491054263305537403e+07 5.086317481374907494e+08 1.890890647553889275e+09 7.569342461872272491e+08 7.733539866171716690e+09 -1.177760882149196625e+10
8.228192771084338886e-02 0.000000000000000000e+00 0.000000000000000000e+00 1.068930168739452929e+05 9.671272611193848774e+06 6.977204862276305258e+07 4.688708078962577581e+08 1.678568139173127413e+09 -4.836502780441690236e+07 7.239436615602333069e+09 -4.754357075251069069e+09
8.298433734939759943e-02 0.000000000000000000e+00 0.000000000000000000e+00 1.134028531131550990e+05 9.032006127474339679e+06 6.996611040051320195e+07 4.436172148997730613e+08 2.212374390609550953e+09 1.960274797777433634e+09 6.713920115582811356e+09 -7.488550603034352303e+09
8.368674698795182387e-02 0.000000000000000000e+00 0.000000000000000000e+00 1.213241401273002411e+05 7.973910296260565519e+06 7.502304461504888535e+07 4.372385594884257913e+08 2.145224067396047592e+09 1.258040218072380543e+09 6.066401828531497002e+09 -1.595023372324681664e+10
8.438915662650603444e-02 0.000000000000000000e+00 0.000000000000000000e+00 1.290074693647231761e+05 7.360408477298557758e+06 7.754113755900587142e+07 4.363714611340278387e+08 2.555438939658673763e+09 1.888463460581002533e+08 8.431281325538578987e+09 2.522109113861526012e+09
8.509156626506025889e-02 0.000000000000000000e+00 0.000000000000000000e+00 1.308120503762599692e+05 6.442151976096245460e+06 8.373189350929298997e+07 4.434904839374092817e+08 2.775696587360518456e+09 1.503795115055057287e+09 8.039408421309529305e+09 1.224317678980864286e+09
8.579397590361446946e-02 0.000000000000000000e+00 0.000000000000000000e+00 1.282734034323373780e+05 5.456878598533586599e+06 8.686545108292755485e+07 4.492614004219043255e+08 2.963380428228197575e+09 1.996172778049507141e+09 5.147360697557489395e+09 1.179637352350504112e+10
8.649638554216869391e-02 0.000000000000000000e+00 0.000000000000000000e+00 1.177558639199040626e+05 4.696451539273354225e+06 9.611957785613410175e+07 3.841607382509267926e+08 2.334356529112288952e+09 1.814049712773729324e+09 3.830861273151005268e+09 1.202180103319785881e+10
8.719879518072290447e-02 0.000000000000000000e+00 0.000000000000000000e+00 1.010803148421852820e+05 4.180517471961869393e+06 9.679848419705535471e+07 4.647771655338557959e+08 3.032874012706923485e+09 2.497345002196643353e+09 9.009962829375364304e+09 9.118444692043220520e+09
8.790120481927712892e-02 0.000000000000000000e+00 0.000000000000000000e+00 8.601107366753662063e+04 3.644045716228557751e+06 1.056088480455685258e+08 4.567292499020742774e+08 2.708646734247299194e+09 4.099676371245595932e+09 3.228954707249078274e+09 1.517267774738201332e+10
8.860361445783133949e-02 0.000000000000000000e+00 0.000000000000000000e+00 7.524963717049104162e+04 3.424495541321884841e+06 1.055150769309767038e+08 4.975100781660656333e+08 3.177900609999517918e+09 3.983510784072611332e+09 -3.274177930065289140e+08 1.042133996009779739e+10
8.930602409638556394e-02 0.000000000000000000e+00 0.000000000000000000e+00 7.009281024582318787e+04 3.335800946668014396e+06 1.065263728252009749e+08 4.643742529883043766e+08 2.077793335082460165e+09 6.002483286222861290e+09 2.845508999598955631e+09 1.322869672052359772e+10
9.000843373493977451e-02 0.000000000000000000e+00 0.000000000000000000e+00 6.977719647091173101e+04 3.414208181100745220e+06 1.084983929675882757e+08 4.944470018671618104e+08 2.583210706285409451e+09 6.775591322240922928e+09 6.999215913344791412e+09 1.038155707728857422e+10
9.071084337349398508e-02 0.000000000000000000e+00 0.000000000000000000e+00 7.322261706303173560e+04 3.458243317284615245e+06 1.067367374039199352e+08 5.129950870962108970e+08 2.716879898107588291e+09 8.994364289219085693e+09 6.781995103429629326e+09 1.482442451258785629e+10
9.141325301204820952e-02 0.000000000000000000e+00 0.000000000000000000e+00 7.581217165000645036e+04 3.591082610309268814e+06 1.050064200152525902e+08 5.181036452623385191e+08 2.202126832469267368e+09 8.066237168706441879e+09 1.036477012286685407e+08 1.669423929610627556e+10
9.211566265060242009e-02 0.000000000000000000e+00 0.000000000000000000e+00 8.164379317177095800e+04 3.644939261127596255e+06 1.001648213991389722e+08 5.653760969358277321e+08 2.248406758390049458e+09 9.639057353466527939e+09 1.131399756969821167e+10 2.014795442253616333e+10
9.281807228915664454e-02 0.000000000000000000e+00 0.000000000000000000e+00 9.093762910257135809e+04 3.763173919958431274e+06 9.163594332002218068e+07 6.077897464968527555e+08 2.594843769573919296e+09 9.246151426563850403e+09 -3.008741286673226833e+09 1.360640827542267990e+10
9.352048192771085511e-02 0.000000000000000000e+00 0.000000000000000000e+00 1.028550760012945830e+05 3.805404939038889017e+06 8.919753156198683381e+07 6.729192427641061544e+08 2.257636405830186844e+09 1.418750994483311081e+10 2.521520951862002850e+09 1.488353063672433281e+10
9.422289156626507955e-02 0.000000000000000000e+00 0.000000000000000000e+00 1.144964821449262818e+05 3.876099060831078794e+06 8.479136034966811538e+07 6.990821332282191515e+08 2.801760961619757652e+09 7.614562303851084709e+09 1.033309434515270805e+10 2.872096022506262970e+10
9.492530120481929012e-02 0.000000000000000000e+00 0.000000000000000000e+00 1.154003666089344188e+05 3.654184148011683952e+06 7.820857112674617767e+07 7.120054068798738718e+08 2.543335789392194271e+09 1.084057604804048347e+10 9.133280268338769913e+09 3.076639234774968719e+10
9.562771084337351457e-02 0.000000000000000000e+00 0.000000000000000000e+00 1.055841089668653585e+05 3.556647753834690433e+06 6.649738452934853733e+07 7.371763288437442780e+08 2.279331710691843510e+09 9.559125869496995926e+09 3.267122546443723440e+08 1.645178020519537735e+10
9.633012048192772514e-02 0.000000000000000000e+00 0.000000000000000000e+00 8.461168567694294325e+04 3.320942575376356486e+06 6.204332813791994750e+07 7.785200557594802380e+08 2.499940907057322979e+09 1.116448593358624840e+10 4.886918357623202324e+09 2.034144481337497330e+10
9.703253012048194959e-02 0.000000000000000000e+00 0.000000000000000000e+00 5.877737704776539613e+04 3.216581648345425259e+06 6.099644085705410689e+07 8.468857091117734909e+08 2.712594110641517639e+09 1.372411066805856133e+10 1.344026110436263847e+10 5.229888315014514923e+09
9.773493975903616016e-02 0.000000000000000000e+00 0.000000000000000000e+00 3.652727317081118963e+04 3.246332229783264920e+06 5.691470586339065433e+07 8.775881749001790285e+08 2.700834161947539806e+09 1.318799363204897308e+10 3.390234640243687820e+10 2.365308875714212799e+10
9.843734939759038460e-02 0.000000000000000000e+00 0.000000000000000000e+00 1.946103786859621323e+04 3.059692344956900459e+06 5.687672810178421438e+07 8.456240742083835602e+08 2.588290583586342335e+09 1.101135697698111725e+10 2.622647208170251465e+10 2.046463240826134109e+10
9.913975903614459517e-02 0.000000000000000000e+00 0.000000000000000000e+00 9.199159171577781308e+03 2.943099577130948659e+06 5.779080428994860500e+07 8.258401659273171425e+08 3.076852462202807426e+09 1.090459874772832870e+10 1.150643605759232712e+10 3.395491762480123138e+10
9.984216867469880574e-02 0.000000000000000000e+00 0.000000000000000000e+00 3.899555507934941033e+03 2.982812612907439005e+06 5.653593413106829673e+07 8.475175269624838829e+08 3.244898600144782066e+09 1.267803971322016144e+10 1.381712042960709572e+10 8.701823376448587418e+09
1.005445783132530302e-01 0.000000000000000000e+00 0.000000000000000000e+00 1.434403761000377244e+03 3.149705494621485472e+06 5.667951034324537963e+07 8.567526067659280300e+08 3.355792465727065086e+09 1.268673865217747688e+10 3.895859847516327667e+10 -1.012684783035905838e+10
1.012469879518072408e-01 0.000000000000000000e+00 0.000000000000000000e+00 4.564735832145113932e+02 3.206060324987208005e+06 5.514146554361940920e+07 8.072159323943030834e+08 3.346262437578984737e+09 1.266233353062098694e+10 3.284886484007785416e+10 5.051155235466156769e+10
1.019493975903614652e-01 0.000000000000000000e+00 0.000000000000000000e+00 9.917495060792019501e+01 3.256789326533138286e+06 5.982831274540118128e+07 7.662365448852957487e+08 3.828215950319495678e+09 1.089976255696148300e+10 2.981987732690234375e+10 1.047775938424080467e+10
1.026518072289156758e-01 0.000000000000000000e+00 0.000000000000000000e+00 2.813654800435641334e+01 3.470996196907458827e+06 5.835150343053923547e+07 7.754134543477927446e+08 3.891968883477080345e+09 1.243199408385362053e+10 1.716691073800766563e+10 7.521751133345802307e+09
1.033542168674699002e-01 0.000000000000000000e+00 0.000000000000000000e+00 5.500174680365662816e+00 3.429077580608864781e+06 5.691288503641314059e+07 7.307003427447115183e+08 4.174036558397712708e+09 1.157869081059851837e+10 3.489322474583848572e+10 -1.228871976311310577e+10
1.040566265060241108e-01 0.000000000000000000e+00 0.000000000000000000e+00 8.213931075314572228e-01 3.351839821036236361e+06 5.807620145566119254e+07 6.538513731381382942e+08 4.927008761761083603e+09 1.104000710389249802e+10 3.672472555949385071e+10 6.222532079430218506e+10
1.047590361445783352e-01 0.000000000000000000e+00 0.000000000000000000e+00 0.000000000000000000e+00 3.206613133925799746e+06 5.622980389065267891e+07 6.212532759120740891e+08 4.672608943629636765e+09 1.048803412387181854e+10 4.616234698449213409e+10 1.564076726387723923e+09
1.054614457831325458e-01 0.000000000000000000e+00 0.000000000000000000e+00 0.000000000000000000e+00 2.915616082213255111e+06 5.837817156984626502e+07 6.177830533554257154e+08 4.878872965940320015e+09 1.292613426980135727e+10 4.149053246647969818e+10 4.994312063980902100e+10
1.061638554216867703e-01 0.000000000000000000e+00 0.000000000000000000e+00 0.000000000000000000e+00 2.515832755637135822e+06 5.775708077331832796e+07 5.993795419300475121e+08 4.680263592289097786e+09 1.389393793736113358e+10 3.679165845099935913e+10 4.174789155647974396e+10
1.068662650602409808e-01 0.000000000000000000e+00 0.000000000000000000e+00 0.000000000000000000e+00 2.087945424984992715e+06 5.535639314352967590e+07 5.939278463089232445e+08 5.791708328331881523e+09 1.654924767843661308e+10 3.532310594169916534e+10 4.489168980654309845e+10
1.075686746987952053e-01 0.000000000000000000e+00 0.000000000000000000e+00 0.000000000000000000e+00 1.718127038218469592e+06 5.660351534530390799e+07 5.460430027376585007e+08 5.412951046169472694e+09 1.239157451225631332e+10 5.324216722538255310e+10 9.713484587186872864e+10
1.082710843373494158e-01 0.000000000000000000e+00 0.000000000000000000e+00 0.000000000000000000e+00 1.400280887043890310e+06 5.548688223908777535e+07 5.634111379003022909e+08 5.665022410286540031e+09 1.475111402912419319e+10 4.522847668178823853e+10 1.390084948452629395e+11
1.089734939759036264e-01 0.000000000000000000e+00 0.000000000000000000e+00 0.000000000000000000e+00 1.085010586253639078e+06 5.454981966882420331e+07 6.002916340555131435e+08 4.970405856810164452e+09 1.839527842975025558e+10 5.061124528676068115e+10 1.844687440058623123e+10
1.096759036144578509e-01 0.000000000000000000e+00 0.000000000000000000e+00 0.000000000000000000e+00 8.331883140575629659e+05 5.715781043519808352e+07 5.779413334979878664e+08 5.677231295551752090e+09 1.429265323812934685e+10 4.055013169243335724e+10 8.836511241378311157e+10
1.103783132530120614e-01 0.000000000000000000e+00 0.000000000000000000e+00 0.000000000000000000e+00 7.047391769950013841e+05 5.968100260438063741e+07 6.148956793664497137e+08 5.294915954760848999e+09 1.521326620803672409e+10 5.473055732109052277e+10 1.380938353739613342e+11
1.110807228915662859e-01 0.000000000000000000e+00 0.000000000000000000e+00 0.000000000000000000e+00 6.302105022177023347e+05 5.956420658956997097e+07 5.926869713207703829e+08 5.349685902908362389e+09 1.857858430742284775e+10 3.908248899059198761e+10 1.633908777949157410e+11
1.117831325301204964e-01 0.000000000000000000e+00 0.000000000000000000e+00 0.000000000000000000e+00 5.820829602960152552e+05 5.926708221788270026e+07 6.284380057460504770e+08 5.199233190221111298e+09 2.371246600783220673e+10 4.627712025847832489e+10 9.655123051740213013e+10
1.124855421686747209e-01 0.000000000000000000e+00 0.000000000000000000e+00 0.000000000000000000e+00 5.703019113107017474e+05 5.966406889838606864e+07 6.054415259567182064e+08 4.725080930021278381e+09 2.537275834413635254e+10 4.267629649548668671e+10 2.144501276315608215e+11
1.131879518072289315e-01 0.000000000000000000e+00 0.000000000000000000e+00 0.000000000000000000e+00 6.098208860366184963e+05 5.682530057289750129e+07 6.253264614919221401e+08 4.991061938681980133e+09 2.142585479541060257e+10 4.574297999754265594e+10 1.427671797753604736e+11
1.138903614457831559e-01 0.000000000000000000e+00 0.000000000000000000e+00 0.000000000000000000e+00 6.216906048237961950e+05 5.209926805928158760e+07 6.197848197114393711e+08 4.918592693111388206e+09 1.840368838835592270e+10 5.201313809332577515e+10 1.196711258619710999e+11
1.145927710843373665e-01 0.000000000000000000e+00 0.000000000000000000e+00 0.000000000000000000e+00 6.327868928231588798e+05 5.096482065716286749e+07 6.683748103484122753e+08 5.205103247537781715e+09 2.708810072298703384e+10 6.264175160422319031e+10 1.515076313873776855e+11
1.152951807228915909e-01 0.000000000000000000e+00 0.000000000000000000e+00 0.000000000000000000e+00 6.696528160643771989e+05 4.710548132821910828e+07 6.175323276805043221e+08 4.501219224609707832e+09 2.847141006697793198e+10 3.909524391485083008e+10 1.172503714814376526e+11
1.159975903614458015e-01 0.000000000000000000e+00 0.000000000000000000e+00 0.000000000000000000e+00 6.561049156333563151e+05 4.433657173315002769e+07 6.185047266549117565e+08 4.993690852704140663e+09 2.762041361488070297e+10 5.891487704689462280e+10 1.484528987137048645e+11
1.167000000000000259e-01 0.000000000000000000e+00 0.000000000000000000e+00 0.000000000000000000e+00 6.597001080792509019e+05 3.874111674288740754e+07 6.548724624074643850e+08 4.150585854086924076e+09 2.842290370975556183e+10 6.455785689816303253e+10 2.507480370039067993e+11
1.174024096385542365e-01 0.000000000000000000e+00 0.000000000000000000e+00 0.000000000000000000e+00 6.225748809708240442e+05 3.516067959349453449e+07 6.592691763015900850e+08 4.154842174055635452e+09 2.823391240756771469e+10 4.371875844353211212e+10 6.150645550488871002e+10
1.181048192771084471e-01 0.000000000000000000e+00 0.000000000000000000e+00 0.000000000000000000e+00 5.780918022275088588e+05 2.855756269326071069e+07 6.862867983671847582e+08 4.552292615878577232e+09 2.827911117376638794e+10 6.575870771706501007e+10 1.448211718353945923e+11
1.188072289156626715e-01 0.000000000000000000e+00 0.000000000000000000e+00 0.000000000000000000e+00 5.206080318939117133e+05 2.654790023699691519e+07 6.574826635261689425e+08 4.366087305246747017e+09 2.982229512112871552e+10 6.717015592668908691e+10 3.452588757768543243e+10
1.195096385542168821e-01 0.000000000000000000e+00 0.000000000000000000e+00 0.000000000000000000e+00 4.627436782884888817e+05 2.463440311036997288e+07 6.821284168085920811e+08 4.836379325473480225e+09 2.984141690152982330e+10 7.375543989266178894e+10 2.232951903277846985e+11
1.202120481927711065e-01 0.000000000000000000e+00 0.000000000000000000e+00 0.000000000000000000e+00 4.112734116932701436e+05 2.184080921593970433e+07 6.670437604122743607e+08 4.937546970461406708e+09 2.965945959515091324e+10 8.874677850302078247e+10 9.320820949526998901e+10
1.209144578313253171e-01 0.000000000000000000e+00 0.000000000000000000e+00 0.000000000000000000e+00 3.787996644275127910e+05 2.113935349262791872e+07 7.210795059563914537e+08 4.570069365929855347e+09 2.709375636803872299e+10 1.036356605051183624e+11 1.278540377005872498e+11
1.216168674698795416e-01 0.000000000000000000e+00 0.000000000000000000e+00 0.000000000000000000e+00 3.530530459765201085e+05 2.106615515465411916e+07 6.869889152081663609e+08 4.824755271298974991e+09 2.804309122650348282e+10 1.017700456914744720e+11 1.938427875564534302e+11
1.223192771084337521e-01 0.000000000000000000e+00 0.000000000000000000e+00 0.000000000000000000e+00 3.407198025636821403e+05 1.966201912636015564e+07 6.491212810967144966e+08 4.937916043336026192e+09 2.793541236759238052e+10 1.163757935124706116e+11 1.977688811290428467e+11
1.230216867469879766e-01 0.000000000000000000e+00 0.000000000000000000e+00 0.000000000000000000e+00 3.465725947669572779e+05 2.008970657516092062e+07 6.260268245630480051e+08 5.438627137591294289e+09 2.970140448376642609e+10 1.001944240259816132e+11 1.927170031820013428e+11
1.237240963855421871e-01 0.000000000000000000e+00 0.000000000000000000e+00 0.000000000000000000e+00 3.663402110280562774e+05 2.046124640002680197e+07 5.870595969873796701e+08 4.927298417313205719e+09 2.768823782505031586e+10 1.146618975040644836e+11 9.194743599963453674e+10
1.244265060240964116e-01 0.000000000000000000e+00 0.000000000000000000e+00 0.000000000000000000e+00 3.709168581747699063e+05 2.042353433610050380e+07 5.732612611128278971e+08 5.049590235210468292e+09 2.815094947475331879e+10 1.338537790646492767e+11 1.885288718624051208e+11
1.251289156626506083e-01 0.000000000000000000e+00 0.000000000000000000e+00 0.000000000000000000e+00 3.870599954797253595e+05 2.081686437179835886e+07 5.279237626364637613e+08 5.615119499637701988e+09 2.839867372534076309e+10 1.133216971378669586e+11 1.882884126384111938e+11
1.258313253012048327e-01 0.000000000000000000e+00 0.000000000000000000e+00 0.000000000000000000e+00 4.050099011902801576e+05 2.058300635413200781e+07 5.034885609955782294e+08 5.556679040066503525e+09 2.664945216875345230e+10 1.036539159874668579e+11 2.139785879590002441e+11
1.265337349397590294e-01 0.000000000000000000e+00 0.000000000000000000e+00 0.000000000000000000e+00 3.877117320304366294e+05 2.003112456468719989e+07 4.637459714658927321e+08 5.456874550323844910e+09 3.089404801587928391e+10 1.335554514110925446e+11 2.397238932442828369e+11
1.272361445783132539e-01 0.000000000000000000e+00 0.000000000000000000e+00 0.000000000000000000e+00 3.556071796755161486e+05 1.951589253948033974e+07 4.306174739733890295e+08 5.803973099393027306e+09 3.034466835076460648e+10 1.101067102488542328e+11 2.888237707372269287e+11
1.279385542168674783e-01 0.000000000000000000e+00 0.000000000000000000e+00 0.000000000000000000e+00 2.928236244614802417e+05 1.700309844099777192e+07 4.038232085369926691e+08 5.725760457911589622e+09 2.770714933847235870e+10 1.430805611323194580e+11 2.289631280830967407e+11
1.286409638554217028e-01 0.000000000000000000e+00 0.000000000000000000e+00 0.000000000000000000e+00 2.277549554378541652e+05 1.692614338161699474e+07 3.818020022405433655e+08 5.703758531332492828e+09 3.187437111087800598e+10 1.277193704248614044e+11 4.094841192175444946e+11
1.293433734939758994e-01 0.000000000000000000e+00 0.000000000000000000e+00 0.000000000000000000e+00 1.562481113894221780e+05 1.740185308674783260e+07 3.594282417991455197e+08 5.730327555592376709e+09 3.167058891253876495e+10 1.421126306019286499e+11 2.884478308666715088e+11
1.300457831325301239e-01 0.000000000000000000e+00 0.000000000000000000e+00 0.000000000000000000e+00 9.775170600645798550e+04 1.524685043658551387e+07 3.567125168695075512e+08 5.672823610752237320e+09 3.189783314113898849e+10 1.186500027792730865e+11 3.676322673123152466e+11
1.307481927710843483e-01 0.000000000000000000e+00 0.000000000000000000e+00 0.000000000000000000e+00 5.591027004111764109e+04 1.487859833849874698e+07 3.481614607112617493e+08 5.585745901892316818e+09 2.983110732611943054e+10 1.173472952981741180e+11 4.792587383429786377e+11
1.314506024096385728e-01 0.000000000000000000e+00 0.000000000000000000e+00 0.000000000000000000e+00 2.827501658485517328e+04 1.420263388036987931e+07 3.493915713803306818e+08 5.330031872745640755e+09 2.700730458218628311e+10 1.496829005836623840e+11 4.204259788109441528e+11
1.321530120481927695e-01 0.000000000000000000e+00 0.000000000000000000e+00 0.000000000000000000e+00 1.365981351733043266e+04 1.420921188774862885e+07 3.374042441609365940e+08 5.659752596807519913e+09 3.285163430821376038e+10 1.416337467265239563e+11 3.734296157829874268e+11
1.328554216867469939e-01 0.000000000000000000e+00 0.000000000000000000e+00 0.000000000000000000e+00 5.766268821189791197e+03 1.410678940028138645e+07 3.202586768015059829e+08 5.333893066406413078e+09 3.361349966040547562e+10 1.196388093550912476e+11 5.060467249217113037e+11
1.335578313253012184e-01 0.000000000000000000e+00 0.000000000000000000e+00 0.000000000000000000e+00 2.248594335980185861e+03 1.414384187342023849e+07 3.534600396291007400e+08 4.947936138216314316e+09 3.565379951100305939e+10 1.330942957342488708e+11 4.663667320945474854e+11
1.342602409638554428e-01 0.000000000000000000e+00 0.000000000000000000e+00 0.000000000000000000e+00 7.590555975568196345e+02 1.341148269713584334e+07 3.244954068316673040e+08 4.945105692482878685e+09 3.355134078747590637e+10 1.294473052425544281e+11 4.289248314349398193e+11
1.349626506024096395e-01 0.000000000000000000e+00 0.000000000000000000e+00 0.000000000000000000e+00 2.361988294752753461e+02 1.269205299577587843e+07 3.417649361391670704e+08 4.883466900559298515e+09 3.402178664900408173e+10 1.522790147930528564e+11 4.524361511465310059e+11
1.356650602409638640e-01 0.000000000000000000e+00 0.000000000000000000e+00 0.000000000000000000e+00 6.741233303619792139e+01 1.294285038044651598e+07 3.366981830329672098e+08 4.711345887363860130e+09 3.742775593088798523e+10 1.195759297922468262e+11 4.038456402385671387e+11
1.363674698795180884e-01 0.000000000000000000e+00 0.000000000000000000e+00 0.000000000000000000e+00 1.709568036130902050e-259 1.193179779674572498e+07 3.158319310719574690e+08 4.380349200069914818e+09 3.844204386342536926e+10 1.704188327238362732e+11 5.703514510798316650e+11
1.370698795180722851e-01 0.000000000000000000e+00 0.000000000000000000e+00 0.000000000000000000e+00 3.384270603967880486e+00 1.055571633051144518e+07 3.122084091727854609e+08 4.393909210847110748e+09 3.600946988506542206e+10 1.274486093075361786e+11 3.820243873324346924e+11
1.377722891566265095e-01 0.000000000000000000e+00 0.000000000000000000e+00 0.000000000000000000e+00 0.000000000000000000e+00 9.554282471012340859e+06 2.939776481663694382e+08 4.219013744793883324e+09 3.489936142333139038e+10 1.166206486544445953e+11 6.074055055174383545e+11
1.384746987951807340e-01 0.000000000000000000e+00 0.000000000000000000e+00 0.000000000000000000e+00 0.000000000000000000e+00 8.752438198776386678e+06 2.885076177578130960e+08 3.938395784757615566e+09 3.761458835403487396e+10 1.525875736550077209e+11 5.673130434469179688e+11
1.391771084337349584e-01 0.000000000000000000e+00 0.000000000000000000e+00 0.000000000000000000e+00 0.000000000000000000e+00 7.215372267847476527e+06 2.914598347627744079e+08 3.723500618404318810e+09 3.882063159690734863e+10 1.640826500591591797e+11 5.089018990540021362e+11
1.398795180722891551e-01 0.000000000000000000e+00 0.000000000000000000e+00 0.000000000000000000e+00 0.000000000000000000e+00 5.822689190691423602e+06 2.800607718025621772e+08 3.511832117622143269e+09 3.468693047074157715e+10 1.805660929798788452e+11 6.405103557536149902e+11
1.405819277108433796e-01 0.000000000000000000e+00 0.000000000000000000e+00 0.000000000000000000e+00 0.000000000000000000e+00 4.904504742729652673e+06 2.675336509885969758e+08 3.642920724645601749e+09 3.937663991890113068e+10 2.076104980853279419e+11 5.938996869898419189e+11
1.412843373493976040e-01 0.000000000000000000e+00 0.000000000000000000e+00 0.000000000000000000e+00 0.000000000000000000e+00 4.023293238048325293e+06 2.805926879201856256e+08 3.553877955886267662e+09 3.751074571791333008e+10 1.744920090169473877e+11 5.493641150528264771e+11
1.419867469879518285e-01 0.000000000000000000e+00 0.000000000000000000e+00 0.000000000000000000e+00 0.000000000000000000e+00 3.349992989118685480e+06 2.752738900367622972e+08 3.903959758479598522e+09 3.549495484997175598e+10 1.476170247392789612e+11 6.969833070980625000e+11
1.426891566265060252e-01 0.000000000000000000e+00 0.000000000000000000e+00 0.000000000000000000e+00 0.000000000000000000e+00 2.787437215805113781e+06 2.625381256141794324e+08 3.626035996725581169e+09 3.963400412744269562e+10 1.713350510113090515e+11 5.305480369938424072e+11
1.433915662650602496e-01 0.000000000000000000e+00 0.000000000000000000e+00 0.000000000000000000e+00 0.000000000000000000e+00 2.588979577777021565e+06 2.661669449512742758e+08 3.849570974052843571e+09 3.470530756646835327e+10 1.726311822222889404e+11 6.203222446188999023e+11
1.440939759036144741e-01 0.000000000000000000e+00 0.000000000000000000e+00 0.000000000000000000e+00 0.000000000000000000e+00 2.552024102849078830e+06 2.517269772504032850e+08 3.439009616506597042e+09 3.565893247714144135e+10 2.055740257367259216e+11 6.310083956658884277e+11
1.447963855421686707e-01 0.000000000000000000e+00 0.000000000000000000e+00 0.000000000000000000e+00 0.000000000000000000e+00 2.540929755295052193e+06 2.352287028676947355e+08 3.476328079969500065e+09 3.414940887892188263e+10 1.871347005445787659e+11 6.183433047312860107e+11
1.454987951807228952e-01 0.000000000000000000e+00 0.000000000000000000e+00 0.000000000000000000e+00 0.000000000000000000e+00 2.657234782577053644e+06 2.391822964810403287e+08 3.698878167700092793e+09 3.599323682979977417e+10 2.318642616005690613e+11 4.952460015870677490e+11
1.462012048192771196e-01 0.000000000000000000e+00 0.000000000000000000e+00 0.000000000000000000e+00 0.000000000000000000e+00 2.477677531123476103e+06 2.264434958587090373e+08 3.531244101263410568e+09 3.098232099874002457e+10 2.060729974530249939e+11 4.406822302580808716e+11
1.469036144578313441e-01 0.000000000000000000e+00 0.000000000000000000e+00 0.000000000000000000e+00 0.000000000000000000e+00 2.486789272202472668e+06 1.958981386947494447e+08 3.493495380152570248e+09 3.306254870220043564e+10 2.049488507078491516e+11 7.109854901862968750e+11
1.476060240963855408e-01 0.000000000000000000e+00 0.000000000000000000e+00 0.000000000000000000e+00 0.000000000000000000e+00 2.591546384440761991e+06 1.801749858859516084e+08 3.323545422128083229e+09 3.207980583979486465e+10 2.184511378267763672e+11 5.004544915773544922e+11
1.483084337349397652e-01 0.000000000000000000e+00 0.000000000000000000e+00 0.000000000000000000e+00 0.000000000000000000e+00 2.393832104830626864e+06 1.673536074135690331e+08 3.344765051080038071e+09 3.105328150587538910e+10 2.077298309450040588e+11 6.686155414550447998e+11
1.490108433734939897e-01 0.000000000000000000e+00 0.000000000000000000e+00 0.000000000000000000e+00 0.000000000000000000e+00 2.371802623200891539e+06 1.473407585624193549e+08 3.452937227048633575e+09 2.954986095724213791e+10 1.968300683655317993e+11 7.011578211094995117e+11
1.497132530120482141e-01 0.000000000000000000e+00 0.000000000000000000e+00 0.000000000000000000e+00 0.000000000000000000e+00 2.269096604640787933e+06 1.332118666784299165e+08 3.183498150329543591e+09 3.048233303007983780e+10 1.937977221064651489e+11 5.655450078188710938e+11
1.504156626506024108e-01 0.000000000000000000e+00 0.000000000000000000e+00 0.000000000000000000e+00 0.000000000000000000e+00 1.919955442432198906e+06 1.307881167011961341e+08 3.406640628516325951e+09 2.833150171045470428e+10 1.942253801565048218e+11 8.626766064473239746e+11
1.511180722891566353e-01 0.000000000000000000e+00 0.000000000000000000e+00 0.000000000000000000e+00 0.000000000000000000e+00 1.756639305836614920e+06 1.123344957334993631e+08 3.203317819910573959e+09 2.826670622726608276e+10 2.015545922098086853e+11 8.201272359043079834e+11
1.518204819277108597e-01 0.000000000000000000e+00 0.000000000000000000e+00 0.000000000000000000e+00 0.000000000000000000e+00 1.593440692221178440e+06 9.919164179715019464e+07 3.205176625698594570e+09 3.026960883094557953e+10 2.352805421885656128e+11 8.850070981656127930e+11
1.525228915662650842e-01 0.000000000000000000e+00 0.000000000000000000e+00 0.000000000000000000e+00 0.000000000000000000e+00 1.319669631490472006e+06 9.936357534308527410e+07 3.263263479124497890e+09 2.981925617021030045e+10 1.886454153023362732e+11 7.339556001896903076e+11
1.532253012048192808e-01 0.000000000000000000e+00 0.000000000000000000e+00 0.000000000000000000e+00 0.000000000000000000e+00 1.332125242943320889e+06 9.451359951879838109e+07 2.984221537998629570e+09 3.061854098026397705e+10 2.041862689953868103e+11 9.437342782408381348e+11
1.539277108433735053e-01 0.000000000000000000e+00 0.000000000000000000e+00 0.000000000000000000e+00 0.000000000000000000e+00 1.200436691976911621e+06 9.144536602772897482e+07 2.975165748057164192e+09 2.880472388134789658e+10 1.945994627912890625e+11 8.181443624688172607e+11
1.546301204819277297e-01 0.000000000000000000e+00 0.000000000000000000e+00 0.000000000000000000e+00 0.000000000000000000e+00 1.232019325513794320e+06 8.879555944260305166e+07 2.801892546197578907e+09 3.055440032233229828e+10 1.887071675924657288e+11 1.116167810796704834e+12
1.553325301204819264e-01 0.000000000000000000e+00 0.000000000000000000e+00 0.000000000000000000e+00 0.000000000000000000e+00 1.243631714075881755e+06 8.678762985247060657e+07 2.604232985108745575e+09 3.212298079311253738e+10 1.935204327301581116e+11 9.562427335919577637e+11
1.560349397590361509e-01 0.000000000000000000e+00 0.000000000000000000e+00 0.000000000000000000e+00 0.000000000000000000e+00 1.215680491531568347e+06 8.224218557688087225e+07 2.664256474952445507e+09 2.685878782162547302e+10 2.330218745820285339e+11 9.566990471538680420e+11
1.567373493975903753e-01 0.000000000000000000e+00 0.000000000000000000e+00 0.000000000000000000e+00 0.000000000000000000e+00 1.189190853066101670e+06 8.620738788839015365e+07 2.570028050112027645e+09 2.839521583732764816e+10 2.041886942511923218e+11 8.314764311859978027e+11
1.574397590361445998e-01 0.000000000000000000e+00 0.000000000000000000e+00 0.000000000000000000e+00 0.000000000000000000e+00 1.171481089788696496e+06 8.043795471542869508e+07 2.492636571942507744e+09 3.078068924227877045e+10 1.842297697527130127e+11 9.652399932412492676e+11
1.581421686746987965e-01 0.000000000000000000e+00 0.000000000000000000e+00 0.000000000000000000e+00 0.000000000000000000e+00 1.101359694081926951e+06 8.773561573522642255e+07 2.217033218359055996e+09 2.880305423211977768e+10 2.165043706266367798e+11 1.036332866481280518e+12
1.588445783132530209e-01 0.000000000000000000e+00 0.000000000000000000e+00 0.000000000000000000e+00 0.000000000000000000e+00 9.997400686584067298e+05 7.513742552519161999e+07 2.099668609852733612e+09 3.147942982124722290e+10 2.259106505104121704e+11 1.094204063605670410e+12
1.595469879518072454e-01 0.000000000000000000e+00 0.000000000000000000e+00 0.000000000000000000e+00 0.000000000000000000e+00 8.389202039090926992e+05 7.204593140147368610e+07 1.907735239568428040e+09 3.046449962920902634e+10 1.872562743573949280e+11 9.827273376555987549e+11
1.602493975903614698e-01 0.000000000000000000e+00 0.000000000000000000e+00 0.000000000000000000e+00 0.000000000000000000e+00 6.765721042359905550e+05 6.408367328646843135e+07 1.888984556793402672e+09 2.941058674642166519e+10 1.863813245328469238e+11 1.197383402702546631e+12
1.609518072289156665e-01 0.000000000000000000e+00 0.000000000000000000e+00 0.000000000000000000e+00 0.000000000000000000e+00 4.947380600481419242e+05 6.440505977094513923e+07 1.626608853144326210e+09 2.907522031701310730e+10 2.031822644414162292e+11 1.076027024758238281e+12
1.616542168674698909e-01 0.000000000000000000e+00 0.000000000000000000e+00 0.000000000000000000e+00 0.000000000000000000e+00 3.430204225233205943e+05 5.933883953464090824e+07 1.718890321163268805e+09 2.709725811470444870e+10 1.918384237214061584e+11 1.040627550365738281e+12
1.623566265060241154e-01 0.000000000000000000e+00 0.000000000000000000e+00 0.000000000000000000e+00 0.000000000000000000e+00 2.171289229621494887e+05 5.895638398375890404e+07 1.661761881646335602e+09 2.733054298573580551e+10 1.975137822550264893e+11 1.187346699819145752e+12
1.630590361445783121e-01 0.000000000000000000e+00 0.000000000000000000e+00 0.000000000000000000e+00 0.000000000000000000e+00 1.235325297516333958e+05 5.440777599360243231e+07 1.594494499369383812e+09 2.634253982364891815e+10 2.063012446037749939e+11 1.015634396810078125e+12
1.637614457831325365e-01 0.000000000000000000e+00 0.000000000000000000e+00 0.000000000000000000e+00 0.000000000000000000e+00 6.883704263832769357e+04 5.195310403277113289e+07 1.440497342096203566e+09 2.624772365084287643e+10 1.954214793051503601e+11 8.415862243519429932e+11
1.644638554216867610e-01 0.000000000000000000e+00 0.000000000000000000e+00 0.000000000000000000e+00 0.000000000000000000e+00 0.000000000000000000e+00 5.069391408912889659e+07 1.486019727052022219e+09 2.511739820029491425e+10 1.964797454360227661e+11 1.091476815175288208e+12
1.651662650602409854e-01 0.000000000000000000e+00 0.000000000000000000e+00 0.000000000000000000e+00 0.000000000000000000e+00 3.728948678284730087e-265 4.599509789313583076e+07 1.526390979282422781e+09 2.585284201282358170e+10 1.864966950162733154e+11 1.084942570266530029e+12
1.658686746987951821e-01 0.000000000000000000e+00 0.000000000000000000e+00 0.000000000000000000e+00 0.000000000000000000e+00 0.000000000000000000e+00 4.583739832756092399e+07 1.568654239972474813e+09 2.082344398912458801e+10 2.289528472548563538e+11 1.018965137576260010e+12
1.665710843373494066e-01 0.000000000000000000e+00 0.000000000000000000e+00 0.000000000000000000e+00 0.000000000000000000e+00 1.490254128436657084e+03 4.687872553687094152e+07 1.375020656662136793e+09 2.306450829720343781e+10 1.883611385960650635e+11 1.071477042718422485e+12
1.672734939759036310e-01 0.000000000000000000e+00 0.000000000000000000e+00 0.000000000000000000e+00 0.000000000000000000e+00 0.000000000000000000e+00 4.133151789431115985e+07 1.369750592781231165e+09 2.096688801038304901e+10 2.158661290409500427e+11 1.078409756275162231e+12
1.679759036144578555e-01 0.000000000000000000e+00 0.000000000000000000e+00 0.000000000000000000e+00 0.000000000000000000e+00 0.000000000000000000e+00 3.876417555931059271e+07 1.255214168910315037e+09 1.977045399925040054e+10 1.979587377468708801e+11 1.078559150908417358e+12
1.686783132530120521e-01 0.000000000000000000e+00 0.000000000000000000e+00 0.000000000000000000e+00 0.000000000000000000e+00 0.000000000000000000e+00 3.568192748415015638e+07 1.425049541909109831e+09 2.072655928873548889e+10 1.956791701485873108e+11 1.015268310640468140e+12
1.693807228915662766e-01 0.000000000000000000e+00 0.000000000000000000e+00 0.000000000000000000e+00 0.000000000000000000e+00 0.000000000000000000e+00 3.413679598814156651e+07 1.164819712092956543e+09 2.150826091554288864e+10 1.958466368518995667e+11 1.028406322953019287e+12
1.700831325301205010e-01 0.000000000000000000e+00 0.000000000000000000e+00 0.000000000000000000e+00 0.000000000000000000e+00 0.000000000000000000e+00 2.750833608974114433e+07 1.182706237903152943e+09 1.899275108287668228e+10 2.101293399237975159e+11 1.128552044627670166e+12
1.707855421686747255e-01 0.000000000000000000e+00 0.000000000000000000e+00 0.000000000000000000e+00 0.000000000000000000e+00 0.000000000000000000e+00 2.281956065928225219e+07 1.082663265265759945e+09 1.861384052606952667e+10 2.089834932263493347e+11 9.707718822218092041e+11
1.714879518072289222e-01 0.000000000000000000e+00 0.000000000000000000e+00 0.000000000000000000e+00 0.000000000000000000e+00 0.000000000000000000e+00 1.915520115405279025e+07 1.118509869173307896e+09 1.925240919335631943e+10 2.030891353929695740e+11 1.058774690505961792e+12
1.721903614457831466e-01 0.000000000000000000e+00 0.000000000000000000e+00 0.000000000000000000e+00 0.000000000000000000e+00 0.000000000000000000e+00 1.565761104000524618e+07 1.037145887818117142e+09 1.740793562288573074e+10 2.020966877495362854e+11 1.048886032892628540e+12
1.728927710843373711e-01 0.000000000000000000e+00 0.000000000000000000e+00 0.000000000000000000e+00 0.000000000000000000e+00 0.000000000000000000e+00 1.383288116513708420e+07 1.012632391455399036e+09 1.659194765470433044e+10 1.816273393435900574e+11 1.152331797207796387e+12
1.735951807228915678e-01 0.000000000000000000e+00 0.000000000000000000e+00 0.000000000000000000e+00 0.000000000000000000e+00 0.000000000000000000e+00 1.222055564574670792e+07 1.003702448044077635e+09 1.684790843064002609e+10 1.896165450393133850e+11 1.071326751082066895e+12
1.742975903614457922e-01 0.000000000000000000e+00 0.000000000000000000e+00 0.000000000000000000e+00 0.000000000000000000e+00 0.000000000000000000e+00 9.687222863086733967e+06 1.015665080780545712e+09 1.577475863709638786e+10 1.713813220000576477e+11 1.281171544205702393e+12
1.750000000000000167e-01 0.000000000000000000e+00 0.000000000000000000e+00 0.000000000000000000e+00 0.000000000000000000e+00 0.000000000000000000e+00 9.234010828434675932e+06 9.888085639690166712e+08 1.724762385243188095e+10 1.754258215317050171e+11 1.142946787368817383e+12
