# # First column is omega in [eV], second column is F1(omega) in [eV-2], third column is F2(omega) in [eV-3], etc.
1.000000000000000048e-04 0.000000000000000000e+00 0.000000000000000000e+00 0.000000000000000000e+00 0.000000000000000000e+00 0.000000000000000000e+00 0.000000000000000000e+00 0.000000000000000000e+00 0.000000000000000000e+00 0.000000000000000000e+00 0.000000000000000000e+00
8.024096385542170114e-04 0.000000000000000000e+00 0.000000000000000000e+00 0.000000000000000000e+00 0.000000000000000000e+00 0.000000000000000000e+00 0.000000000000000000e+00 0.000000000000000000e+00 0.000000000000000000e+00 0.000000000000000000e+00 0.000000000000000000e+00
1.504819277108433977e-03 0.000000000000000000e+00 0.000000000000000000e+00 0.000000000000000000e+00 0.000000000000000000e+00 0.000000000000000000e+00 0.000000000000000000e+00 0.000000000000000000e+00 0.000000000000000000e+00 0.000000000000000000e+00 0.000000000000000000e+00
2.207228915662650618e-03 0.000000000000000000e+00 0.000000000000000000e+00 0.000000000000000000e+00 0.000000000000000000e+00 0.000000000000000000e+00 0.000000000000000000e+00 0.000000000000000000e+00 0.000000000000000000e+00 0.000000000000000000e+00 0.000000000000000000e+00
2.909638554216867692e-03 0.000000000000000000e+00 0.000000000000000000e+00 0.000000000000000000e+00 0.000000000000000000e+00 0.000000000000000000e+00 0.000000000000000000e+00 0.000000000000000000e+00 0.000000000000000000e+00 0.000000000000000000e+00 0.000000000000000000e+00
3.612048192771084767e-03 3.331264710399211140e+02 0.000000000000000000e+00 0.000000000000000000e+00 0.000000000000000000e+00 0.000000000000000000e+00 0.000000000000000000e+00 0.000000000000000000e+00 0.000000000000000000e+00 0.000000000000000000e+00 0.000000000000000000e+00
4.314457831325301841e-03 7.556581129870315863e+02 0.000000000000000000e+00 0.000000000000000000e+00 0.000000000000000000e+00 0.000000000000000000e+00 0.000000000000000000e+00 0.000000000000000000e+00 0.000000000000000000e+00 0.000000000000000000e+00 0.000000000000000000e+00
5.016867469879519349e-03 1.034493701306845423e+03 0.000000000000000000e+00 0.000000000000000000e+00 0.000000000000000000e+00 0.000000000000000000e+00 0.000000000000000000e+00 0.000000000000000000e+00 0.000000000000000000e+00 0.000000000000000000e+00 0.000000000000000000e+00
5.719277108433735990e-03 1.098475252300222792e+03 0.000000000000000000e+00 0.000000000000000000e+00 0.000000000000000000e+00 0.000000000000000000e+00 0.000000000000000000e+00 0.000000000000000000e+00 0.000000000000000000e+00 0.000000000000000000e+00 0.000000000000000000e+00
6.421686746987952631e-03 2.043334889773950863e+03 1.595979764332533801e-01 0.000000000000000000e+00 0.000000000000000000e+00 0.000000000000000000e+00 0.000000000000000000e+00 0.000000000000000000e+00 0.000000000000000000e+00 0.000000000000000000e+00 0.000000000000000000e+00
7.124096385542170139e-03 3.948387446234708932e+03 2.298840456429159929e+01 0.000000000000000000e+00 0.000000000000000000e+00 0.000000000000000000e+00 0.000000000000000000e+00 0.000000000000000000e+00 0.000000000000000000e+00 0.000000000000000000e+00 0.000000000000000000e+00
7.826506024096386779e-03 5.536868706456670225e+03 1.367809848012386738e+02 0.000000000000000000e+00 0.000000000000000000e+00 0.000000000000000000e+00 0.000000000000000000e+00 0.000000000000000000e+00 0.000000000000000000e+00 0.000000000000000000e+00 0.000000000000000000e+00
8.528915662650602553e-03 6.919551190776275689e+03 3.809999703463253127e+02 0.000000000000000000e+00 0.000000000000000000e+00 0.000000000000000000e+00 0.000000000000000000e+00 0.000000000000000000e+00 0.000000000000000000e+00 0.000000000000000000e+00 0.000000000000000000e+00
9.231325301204820061e-03 9.592686316667732171e+03 7.314957937926662908e+02 0.000000000000000000e+00 0.000000000000000000e+00 0.000000000000000000e+00 0.000000000000000000e+00 0.000000000000000000e+00 0.000000000000000000e+00 0.000000000000000000e+00 0.000000000000000000e+00
9.933734939759037569e-03 7.580990352577884551e+03 1.280647469813558246e+03 1.518627173037740731e-02 0.000000000000000000e+00 0.000000000000000000e+00 0.000000000000000000e+00 0.000000000000000000e+00 0.000000000000000000e+00 0.000000000000000000e+00 0.000000000000000000e+00
1.063614457831325334e-02 5.580345702332363544e+03 2.480243136153643718e+03 1.142883334383853366e+00 0.000000000000000000e+00 0.000000000000000000e+00 0.000000000000000000e+00 0.000000000000000000e+00 0.000000000000000000e+00 0.000000000000000000e+00 0.000000000000000000e+00
1.133855421686747085e-02 4.372417764456544319e+03 4.748124797883122483e+03 1.098138088329535655e+01 0.000000000000000000e+00 0.000000000000000000e+00 0.000000000000000000e+00 0.000000000000000000e+00 0.000000000000000000e+00 0.000000000000000000e+00 0.000000000000000000e+00
1.204096385542168836e-02 3.676323920453175106e+03 8.191568162525016305e+03 4.725149165926484329e+01 0.000000000000000000e+00 0.000000000000000000e+00 0.000000000000000000e+00 0.000000000000000000e+00 0.000000000000000000e+00 0.000000000000000000e+00 0.000000000000000000e+00
1.274337349397590413e-02 3.675074459083979491e+03 1.332628269426110273e+04 1.412523676277840252e+02 0.000000000000000000e+00 0.000000000000000000e+00 0.000000000000000000e+00 0.000000000000000000e+00 0.000000000000000000e+00 0.000000000000000000e+00 0.000000000000000000e+00
1.344578313253012164e-02 1.707852885440782302e+03 2.043167396330466727e+04 3.242236342355744796e+02 0.000000000000000000e+00 0.000000000000000000e+00 0.000000000000000000e+00 0.000000000000000000e+00 0.000000000000000000e+00 0.000000000000000000e+00 0.000000000000000000e+00
1.414819277108433915e-02 3.696375687465614419e+02 2.930488323771500654e+04 6.887535108729592821e+02 3.969687498650993629e-02 0.000000000000000000e+00 0.000000000000000000e+00 0.000000000000000000e+00 0.000000000000000000e+00 0.000000000000000000e+00 0.000000000000000000e+00
1.485060240963855492e-02 2.529411138177450198e+02 4.007487682091476017e+04 1.461761252937761355e+03 1.741535580615713328e-259 0.000000000000000000e+00 0.000000000000000000e+00 0.000000000000000000e+00 0.000000000000000000e+00 0.000000000000000000e+00 0.000000000000000000e+00
1.555301204819277243e-02 2.376875896308488905e+02 5.399336267764051445e+04 2.996342499585822225e+03 0.000000000000000000e+00 0.000000000000000000e+00 0.000000000000000000e+00 0.000000000000000000e+00 0.000000000000000000e+00 0.000000000000000000e+00 0.000000000000000000e+00
1.625542168674698820e-02 1.340998757275350499e+02 7.170520026017191412e+04 5.784874666447401069e+03 1.354636601164429521e+01 0.000000000000000000e+00 0.000000000000000000e+00 0.000000000000000000e+00 0.000000000000000000e+00 0.000000000000000000e+00 0.000000000000000000e+00
1.695783132530120571e-02 3.255438513081946326e+02 8.899127734564311686e+04 1.045839151342184596e+04 3.882210241865937661e+01 0.000000000000000000e+00 0.000000000000000000e+00 0.000000000000000000e+00 0.000000000000000000e+00 0.000000000000000000e+00 0.000000000000000000e+00
1.766024096385542322e-02 2.910490622157087728e+02 1.026736635589997022e+05 1.833960033447401293e+04 1.069266234243876710e+02 0.000000000000000000e+00 0.000000000000000000e+00 0.000000000000000000e+00 0.000000000000000000e+00 0.000000000000000000e+00 0.000000000000000000e+00
1.836265060240964073e-02 4.035311290823759691e+02 1.117159641420406697e+05 3.068576343232061481e+04 2.468208128294297978e+02 0.000000000000000000e+00 0.000000000000000000e+00 0.000000000000000000e+00 0.000000000000000000e+00 0.000000000000000000e+00 0.000000000000000000e+00
1.906506024096385823e-02 4.391285780108088943e+02 1.126891659496565117e+05 4.973338678661526501e+04 5.697267470760638162e+02 0.000000000000000000e+00 0.000000000000000000e+00 0.000000000000000000e+00 0.000000000000000000e+00 0.000000000000000000e+00 0.000000000000000000e+00
1.976746987951807574e-02 5.596234135508855161e+02 1.077191431218832877e+05 7.757891266481448838e+04 1.235743072142297933e+03 0.000000000000000000e+00 0.000000000000000000e+00 0.000000000000000000e+00 0.000000000000000000e+00 0.000000000000000000e+00 0.000000000000000000e+00
2.046987951807228978e-02 6.857671950198069908e+02 9.869201296055463899e+04 1.178961004808163707e+05 2.554119382106156081e+03 0.000000000000000000e+00 0.000000000000000000e+00 0.000000000000000000e+00 0.000000000000000000e+00 0.000000000000000000e+00 0.000000000000000000e+00
2.117228915662650729e-02 8.837184452315258341e+02 8.723022672507124662e+04 1.728937237418751756e+05 5.036822647041215532e+03 7.117085842400015849e+00 0.000000000000000000e+00 0.000000000000000000e+00 0.000000000000000000e+00 0.000000000000000000e+00 0.000000000000000000e+00
2.187469879518072480e-02 1.248476802125550194e+03 7.487328693023111555e+04 2.461887308477890620e+05 9.760444103746982364e+03 0.000000000000000000e+00 0.000000000000000000e+00 0.000000000000000000e+00 0.000000000000000000e+00 0.000000000000000000e+00 0.000000000000000000e+00
2.257710843373494231e-02 1.224821235107124494e+03 5.912988685937150876e+04 3.360081771506808000e+05 1.720996380120747926e+04 0.000000000000000000e+00 0.000000000000000000e+00 0.000000000000000000e+00 0.000000000000000000e+00 0.000000000000000000e+00 0.000000000000000000e+00
2.327951807228915981e-02 6.730669021385185715e+02 4.314189375810937781e+04 4.460366622483618557e+05 3.158659594829071648e+04 1.612496495660979576e+02 0.000000000000000000e+00 0.000000000000000000e+00 0.000000000000000000e+00 0.000000000000000000e+00 0.000000000000000000e+00
2.398192771084337732e-02 3.269598871122161654e+02 3.163851982728532676e+04 5.729674713377695298e+05 5.413345384906508843e+04 0.000000000000000000e+00 0.000000000000000000e+00 0.000000000000000000e+00 0.000000000000000000e+00 0.000000000000000000e+00 0.000000000000000000e+00
2.468433734939759483e-02 1.571554869494031550e+02 2.454902642005721646e+04 7.164608658854947425e+05 9.069612783232884249e+04 7.978830738630796304e+02 0.000000000000000000e+00 0.000000000000000000e+00 0.000000000000000000e+00 0.000000000000000000e+00 0.000000000000000000e+00
2.538674698795180887e-02 3.032692245674606966e+02 2.010733136843292232e+04 8.629187680998835713e+05 1.490689946815616277e+05 1.604085569707038985e+03 0.000000000000000000e+00 0.000000000000000000e+00 0.000000000000000000e+00 0.000000000000000000e+00 0.000000000000000000e+00
2.608915662650602638e-02 7.312168805930703002e+02 1.754954094304666796e+04 1.005353020625270088e+06 2.359729321096078202e+05 3.541129472213853660e+03 0.000000000000000000e+00 0.000000000000000000e+00 0.000000000000000000e+00 0.000000000000000000e+00 0.000000000000000000e+00
2.679156626506024388e-02 1.031247657882588101e+03 1.629976761170862665e+04 1.124134466901372885e+06 3.563507033419474028e+05 4.576560570751342176e-263 0.000000000000000000e+00 0.000000000000000000e+00 0.000000000000000000e+00 0.000000000000000000e+00 0.000000000000000000e+00
2.749397590361446139e-02 1.185485400994590464e+03 1.726822347320427434e+04 1.205774175960128661e+06 5.391241114923788700e+05 1.298110256539633519e+04 0.000000000000000000e+00 0.000000000000000000e+00 0.000000000000000000e+00 0.000000000000000000e+00 0.000000000000000000e+00
2.819638554216867890e-02 1.285780792164448485e+03 1.959118511640982615e+04 1.255706415207094746e+06 7.923082506344746798e+05 2.429688328325789189e+04 9.181488366257418932e+01 0.000000000000000000e+00 0.000000000000000000e+00 0.000000000000000000e+00 0.000000000000000000e+00
2.889879518072289641e-02 1.182966013940527773e+03 2.275203194831125802e+04 1.258978801062757382e+06 1.126700435168414610e+06 4.510179486580887897e+04 0.000000000000000000e+00 0.000000000000000000e+00 0.000000000000000000e+00 0.000000000000000000e+00 0.000000000000000000e+00
2.960120481927711045e-02 9.791274992978122782e+02 2.631565227804023743e+04 1.217048298921242123e+06 1.584157904338023858e+06 7.618096840406741831e+04 0.000000000000000000e+00 0.000000000000000000e+00 0.000000000000000000e+00 0.000000000000000000e+00 0.000000000000000000e+00
3.030361445783132796e-02 1.674293182275916706e+03 2.940846219143574854e+04 1.142695722929410636e+06 2.148713983520965092e+06 1.339434774921783246e+05 0.000000000000000000e+00 0.000000000000000000e+00 0.000000000000000000e+00 0.000000000000000000e+00 0.000000000000000000e+00
3.100602409638554546e-02 4.933176609454456411e+03 3.130501264397214254e+04 1.043477412583517726e+06 2.829632016993772704e+06 2.236388955447954650e+05 1.968332020097021865e-264 0.000000000000000000e+00 0.000000000000000000e+00 0.000000000000000000e+00 0.000000000000000000e+00
3.170843373493976297e-02 3.774528060787941286e+03 3.162334113111330225e+04 9.200627881790343672e+05 3.633070060411237646e+06 3.606475598218718078e+05 0.000000000000000000e+00 0.000000000000000000e+00 0.000000000000000000e+00 0.000000000000000000e+00 0.000000000000000000e+00
3.241084337349398048e-02 3.597872546677919217e+03 2.978084108405316874e+04 7.936428802667976124e+05 4.518878193849519826e+06 5.651781943797540152e+05 0.000000000000000000e+00 0.000000000000000000e+00 0.000000000000000000e+00 0.000000000000000000e+00 0.000000000000000000e+00
3.311325301204819799e-02 1.575956012850985189e+03 2.773544058485629648e+04 6.764067062927439110e+05 5.665004491775278002e+06 9.107086319915169151e+05 7.484879111995516041e+02 0.000000000000000000e+00 0.000000000000000000e+00 0.000000000000000000e+00 0.000000000000000000e+00
3.381566265060241550e-02 5.443493574488917375e+02 2.734682060046793049e+04 5.828723076023764443e+05 6.826855845249759965e+06 1.358206817644256167e+06 0.000000000000000000e+00 0.000000000000000000e+00 0.000000000000000000e+00 0.000000000000000000e+00 0.000000000000000000e+00
3.451807228915663300e-02 2.697423297182778015e+02 2.989202919310805737e+04 5.012445291318309028e+05 7.820284334540062584e+06 2.054698042606605450e+06 0.000000000000000000e+00 0.000000000000000000e+00 0.000000000000000000e+00 0.000000000000000000e+00 0.000000000000000000e+00
3.522048192771085051e-02 0.000000000000000000e+00 3.484852085809043638e+04 4.504067260278358590e+05 8.942032813175991178e+06 3.020560552007256541e+06 0.000000000000000000e+00 0.000000000000000000e+00 0.000000000000000000e+00 0.000000000000000000e+00 0.000000000000000000e+00
3.592289156626506802e-02 0.000000000000000000e+00 4.000415743869636208e+04 4.212421599040373694e+05 9.869775814573474228e+06 4.316040238316127099e+06 0.000000000000000000e+00 0.000000000000000000e+00 0.000000000000000000e+00 0.000000000000000000e+00 0.000000000000000000e+00
3.662530120481928553e-02 0.000000000000000000e+00 4.474499756446314859e+04 4.136214197012564982e+05 1.075024676030821912e+07 5.959344919604668394e+06 2.783089733228313271e+05 7.709258815883688009e-267 0.000000000000000000e+00 0.000000000000000000e+00 0.000000000000000000e+00
3.732771084337350304e-02 0.000000000000000000e+00 5.082608542435027630e+04 4.293880000774252112e+05 1.109078479296110012e+07 8.089592921579520218e+06 8.316980785653874655e-269 0.000000000000000000e+00 0.000000000000000000e+00 0.000000000000000000e+00 0.000000000000000000e+00
3.803012048192772054e-02 0.000000000000000000e+00 5.986580632057673211e+04 4.560185289516672492e+05 1.126486203286704421e+07 1.104584403408306278e+07 7.403196708889632719e+05 0.000000000000000000e+00 0.000000000000000000e+00 0.000000000000000000e+00 0.000000000000000000e+00
3.873253012048193805e-02 0.000000000000000000e+00 7.084098335533458157e+04 4.932312709219220560e+05 1.132427481976671517e+07 1.456914090089959465e+07 1.141961063138051890e+06 0.000000000000000000e+00 0.000000000000000000e+00 0.000000000000000000e+00 0.000000000000000000e+00
3.943493975903615556e-02 0.000000000000000000e+00 8.314057545948002371e+04 5.270827386471576756e+05 1.115894474468743242e+07 1.891035269407052174e+07 1.875650632464446593e+06 0.000000000000000000e+00 0.000000000000000000e+00 0.000000000000000000e+00 0.000000000000000000e+00
4.013734939759037307e-02 0.000000000000000000e+00 9.532693837692461966e+04 5.615464582143772859e+05 1.037114750819157250e+07 2.386263676597106457e+07 2.942082954095443711e+06 0.000000000000000000e+00 0.000000000000000000e+00 0.000000000000000000e+00 0.000000000000000000e+00
4.083975903614458364e-02 0.000000000000000000e+00 9.745184601221178309e+04 5.860820506644934649e+05 9.781935784456858411e+06 3.015952318331239000e+07 4.268248022006355226e+06 0.000000000000000000e+00 0.000000000000000000e+00 0.000000000000000000e+00 0.000000000000000000e+00
4.154216867469880115e-02 0.000000000000000000e+00 9.031311184350674739e+04 6.086139542326449882e+05 9.030713384268896654e+06 3.691980556875360757e+07 6.413233366320431232e+06 0.000000000000000000e+00 0.000000000000000000e+00 0.000000000000000000e+00 0.000000000000000000e+00
4.224457831325301865e-02 0.000000000000000000e+00 7.670161073413192935e+04 6.385961516468062764e+05 8.167337360028836876e+06 4.389905618570742011e+07 9.758178888568304479e+06 0.000000000000000000e+00 0.000000000000000000e+00 0.000000000000000000e+00 0.000000000000000000e+00
4.294698795180723616e-02 0.000000000000000000e+00 6.218406122477708413e+04 6.739227789970672457e+05 7.551923092373984866e+06 5.125864456601330638e+07 1.173343173855810985e+07 4.996924706162181101e+05 0.000000000000000000e+00 0.000000000000000000e+00 0.000000000000000000e+00
4.364939759036145367e-02 0.000000000000000000e+00 5.106336239932922035e+04 7.200235888049984351e+05 6.919998981796705164e+06 5.850854024485399574e+07 1.881542128777338564e+07 0.000000000000000000e+00 0.000000000000000000e+00 0.000000000000000000e+00 0.000000000000000000e+00
4.435180722891567118e-02 0.000000000000000000e+00 3.850316491313601000e+04 7.881176066746748984e+05 6.502670475230935030e+06 6.553820972510744631e+07 2.655727298359156027e+07 0.000000000000000000e+00 0.000000000000000000e+00 0.000000000000000000e+00 0.000000000000000000e+00
4.505421686746988869e-02 0.000000000000000000e+00 2.641038738844857653e+04 8.633344903066171100e+05 6.240214737103670835e+06 7.177446669931930304e+07 3.658477721153710783e+07 0.000000000000000000e+00 0.000000000000000000e+00 0.000000000000000000e+00 0.000000000000000000e+00
4.575662650602410619e-02 0.000000000000000000e+00 1.666979934477838469e+04 9.639513824243573472e+05 6.039192612340524793e+06 7.699795217439086735e+07 4.835869576036413014e+07 3.240953347878684290e+06 0.000000000000000000e+00 0.000000000000000000e+00 0.000000000000000000e+00
4.645903614457832370e-02 0.000000000000000000e+00 9.767968932964615306e+03 1.088404866633594967e+06 6.067981010915517807e+06 8.133026241634656489e+07 6.078253473019523919e+07 0.000000000000000000e+00 0.000000000000000000e+00 0.000000000000000000e+00 0.000000000000000000e+00
4.716144578313254121e-02 0.000000000000000000e+00 6.959835287185813286e+03 1.213848845756967552e+06 6.295013873549226671e+06 8.493450214631915092e+07 8.515007037714286149e+07 8.228177072266884148e+06 0.000000000000000000e+00 0.000000000000000000e+00 0.000000000000000000e+00
4.786385542168675872e-02 0.000000000000000000e+00 6.573733872199579309e+03 1.355089049937116681e+06 6.444104730726077221e+06 8.484263506452694535e+07 1.050998980305012167e+08 0.000000000000000000e+00 0.000000000000000000e+00 0.000000000000000000e+00 0.000000000000000000e+00
4.856626506024097623e-02 0.000000000000000000e+00 6.940650765386854800e+03 1.472257415700237500e+06 6.874693308810752816e+06 8.420358580512879789e+07 1.372160603359575272e+08 1.703742889793257415e+07 0.000000000000000000e+00 0.000000000000000000e+00 0.000000000000000000e+00
4.926867469879519373e-02 0.000000000000000000e+00 7.827079334511682646e+03 1.553910480911377585e+06 7.302674100887644105e+06 8.224839569827094674e+07 1.631798848125473559e+08 2.684284208295724541e+07 0.000000000000000000e+00 0.000000000000000000e+00 0.000000000000000000e+00
4.997108433734940430e-02 0.000000000000000000e+00 8.485757306610314117e+03 1.587208451416738564e+06 7.768600958773982711e+06 7.858386711296135187e+07 1.986524556894010305e+08 3.671732003807061911e+07 1.327139933567433385e+06 0.000000000000000000e+00 0.000000000000000000e+00
5.067349397590362181e-02 0.000000000000000000e+00 9.000803233759426803e+03 1.549058358523447067e+06 8.381054496946711093e+06 7.825650664637842774e+07 2.412410833676201701e+08 5.278250538601922244e+07 0.000000000000000000e+00 0.000000000000000000e+00 0.000000000000000000e+00
5.137590361445783932e-02 0.000000000000000000e+00 9.685851542754808179e+03 1.478064145936295623e+06 8.764983674309944734e+06 7.384970847904755175e+07 2.825392528003809452e+08 7.521695718607302010e+07 1.196924708193646126e-271 0.000000000000000000e+00 0.000000000000000000e+00
5.207831325301205683e-02 0.000000000000000000e+00 1.062361021712515321e+04 1.357184255269698566e+06 9.373324913460718468e+06 6.849296760586880147e+07 3.232074012723762989e+08 1.034903860308105648e+08 0.000000000000000000e+00 0.000000000000000000e+00 0.000000000000000000e+00
5.278072289156627434e-02 0.000000000000000000e+00 1.219807505843030958e+04 1.197404547775621293e+06 1.014409182282607257e+07 6.799862633355732262e+07 3.693988190460802317e+08 1.405175004941376448e+08 0.000000000000000000e+00 0.000000000000000000e+00 0.000000000000000000e+00
5.348313253012049184e-02 0.000000000000000000e+00 1.316289921352677447e+04 1.028386013191493810e+06 1.098825019795227796e+07 6.190616436269726604e+07 4.125058867247782350e+08 1.836729200090824068e+08 0.000000000000000000e+00 0.000000000000000000e+00 0.000000000000000000e+00
5.418554216867470935e-02 0.000000000000000000e+00 1.260867061344360991e+04 8.526753737372690812e+05 1.200302079506393708e+07 6.343252364048911631e+07 4.451592322045064569e+08 2.416779895463155210e+08 6.696729687590432871e-273 0.000000000000000000e+00 0.000000000000000000e+00
5.488795180722892686e-02 0.000000000000000000e+00 1.060955018585010657e+04 6.899210595203584526e+05 1.326345409147786349e+07 6.318147992272581905e+07 4.726918912880641222e+08 3.276359869095888138e+08 7.931201314987072587e-273 0.000000000000000000e+00 0.000000000000000000e+00
5.559036144578314437e-02 0.000000000000000000e+00 8.167288366064807633e+03 5.575732183633346576e+05 1.441001393122512102e+07 6.222657045739065111e+07 5.205486766059628129e+08 4.019832338132488132e+08 0.000000000000000000e+00 0.000000000000000000e+00 0.000000000000000000e+00
5.629277108433736188e-02 0.000000000000000000e+00 6.930284700194312791e+03 4.610735787336195935e+05 1.591196209680043906e+07 6.216200058298192173e+07 5.290838440415962338e+08 5.268339581418088078e+08 0.000000000000000000e+00 0.000000000000000000e+00 0.000000000000000000e+00
5.699518072289157938e-02 0.000000000000000000e+00 7.469401698354764449e+03 4.005007257562169689e+05 1.717889356085712090e+07 6.463329232251013070e+07 5.361372590520924926e+08 6.479026741479107141e+08 1.081832502375759433e-272 0.000000000000000000e+00 0.000000000000000000e+00
5.769759036144579689e-02 0.000000000000000000e+00 9.136161339889129522e+03 3.662484190570052597e+05 1.800368804073204100e+07 7.029925026821491122e+07 5.593807182640475035e+08 7.917972842766807079e+08 0.000000000000000000e+00 0.000000000000000000e+00 0.000000000000000000e+00
5.840000000000001440e-02 0.000000000000000000e+00 1.121526934402530060e+04 3.494263295051141176e+05 1.875667415753276274e+07 7.230555773907399178e+07 5.716571789106309414e+08 9.444901209958459139e+08 1.800905373134088814e+08 0.000000000000000000e+00 0.000000000000000000e+00
5.910240963855422497e-02 0.000000000000000000e+00 1.274199763813893696e+04 3.519331994254286983e+05 1.913416125911262631e+07 7.846598048878319561e+07 5.391778959075222015e+08 1.131067024600770473e+09 0.000000000000000000e+00 0.000000000000000000e+00 0.000000000000000000e+00
5.980481927710844248e-02 0.000000000000000000e+00 1.322792774984566495e+04 3.710542140888720169e+05 1.909912159589887783e+07 8.406720582300189137e+07 5.579756275116070509e+08 1.357349771261698246e+09 5.883093557323324467e-272 0.000000000000000000e+00 0.000000000000000000e+00
6.050722891566265998e-02 0.000000000000000000e+00 1.259936915132737522e+04 3.879117576133927796e+05 1.875690893907558545e+07 8.944526359453181922e+07 5.213655420462755561e+08 1.555580250591800451e+09 0.000000000000000000e+00 0.000000000000000000e+00 0.000000000000000000e+00
6.120963855421687749e-02 0.000000000000000000e+00 1.331650754061649241e+04 4.115714874980215100e+05 1.765657531872363761e+07 9.694407259297634661e+07 4.997405644144846797e+08 1.761442305154512405e+09 6.433461750020037889e+08 0.000000000000000000e+00 0.000000000000000000e+00
6.191204819277109500e-02 0.000000000000000000e+00 1.687454814956828704e+04 4.297742726107207127e+05 1.663645684609424323e+07 1.001660885663669407e+08 5.073779376409472227e+08 2.014798608555452824e+09 3.031375606422483325e+08 0.000000000000000000e+00 0.000000000000000000e+00
6.261445783132531251e-02 0.000000000000000000e+00 1.896797228735301542e+04 4.433699161476585432e+05 1.566879309588684328e+07 1.163477582317162603e+08 5.081144637454183698e+08 2.259666750287271023e+09 1.069479953350526214e+09 0.000000000000000000e+00 0.000000000000000000e+00
6.331686746987952308e-02 0.000000000000000000e+00 1.980302039327067178e+04 4.386166410884797224e+05 1.398662491867866367e+07 1.216454577371696681e+08 5.002571962573667169e+08 2.398189439490825176e+09 1.361938300427273512e+09 0.000000000000000000e+00 0.000000000000000000e+00
6.401927710843374753e-02 0.000000000000000000e+00 1.677174135630983073e+04 4.274661617168982048e+05 1.258714989357497357e+07 1.331886137398316562e+08 4.796430425248067975e+08 2.566043305082283020e+09 1.751964892119415283e+09 0.000000000000000000e+00 0.000000000000000000e+00
6.472168674698795809e-02 0.000000000000000000e+00 1.146822541899450152e+04 4.206958341052135802e+05 1.116773597446309775e+07 1.445352001512131691e+08 5.179243733404200077e+08 2.789352582643146038e+09 4.980010286532452330e+06 0.000000000000000000e+00 0.000000000000000000e+00
6.542409638554218254e-02 0.000000000000000000e+00 6.965134775759152944e+03 4.173465155758240144e+05 1.007888076997931302e+07 1.489522223359781206e+08 5.132584001818136573e+08 2.870507643986744881e+09 2.812924614679276466e+09 0.000000000000000000e+00 0.000000000000000000e+00
6.612650602409639311e-02 0.000000000000000000e+00 3.313620239459558434e+03 4.228812283275266527e+05 8.956378786883303896e+06 1.680935628186184168e+08 5.447078907724792957e+08 3.061852335100718975e+09 3.369834975793120861e+09 0.000000000000000000e+00 0.000000000000000000e+00
6.682891566265061756e-02 0.000000000000000000e+00 1.462544925764616437e+03 4.399194827494597994e+05 8.241343951304703020e+06 1.746403787934607863e+08 6.230160460449099541e+08 3.030157211803263187e+09 4.136607171961099625e+09 0.000000000000000000e+00 0.000000000000000000e+00
6.753132530120482813e-02 0.000000000000000000e+00 5.191226130096413272e+02 4.647015009639206692e+05 7.837678744709675200e+06 1.771313522834029198e+08 5.932598947870317698e+08 3.124506045130784988e+09 4.726548915103930473e+09 0.000000000000000000e+00 0.000000000000000000e+00
6.823373493975905257e-02 0.000000000000000000e+00 1.323623153152437624e+02 4.868388418757429463e+05 7.703917411262725480e+06 1.802508656187354922e+08 6.526510340494046211e+08 3.145946086570432663e+09 6.023130714973779678e+09 0.000000000000000000e+00 0.000000000000000000e+00
6.893614457831326314e-02 0.000000000000000000e+00 3.688612194063870930e+01 5.158295827931017266e+05 7.780104249912780710e+06 1.799765720650694966e+08 6.537551754017652273e+08 3.017411155635509968e+09 6.754517878522282600e+09 1.802027598065568924e+09 0.000000000000000000e+00
6.963855421686748759e-02 0.000000000000000000e+00 4.532399975492102051e+00 5.540804088015147718e+05 7.874488202587642707e+06 1.898253176200714707e+08 7.364745076580708027e+08 3.208156921090752602e+09 7.429802981633015633e+09 1.126841926274143586e-274 0.000000000000000000e+00
7.034096385542169816e-02 0.000000000000000000e+00 0.000000000000000000e+00 5.788787707225464983e+05 8.135386612430437468e+06 1.781088955829961002e+08 7.275063226169393063e+08 3.209608263137939930e+09 8.656751703623229980e+09 3.197430866563354969e+09 0.000000000000000000e+00
7.104337349397592261e-02 0.000000000000000000e+00 0.000000000000000000e+00 6.121699894174515503e+05 8.310339689459874295e+06 1.760492618316029906e+08 8.210258273919054270e+08 3.021170275904287815e+09 1.008915913043140793e+10 4.394006496882953644e+09 0.000000000000000000e+00
7.174578313253013317e-02 0.000000000000000000e+00 0.000000000000000000e+00 6.258466154520714190e+05 8.446092132582228631e+06 1.662760096539688706e+08 9.223220209523600340e+08 3.148355986341717243e+09 1.084494964926826859e+10 0.000000000000000000e+00 0.000000000000000000e+00
7.244819277108434374e-02 0.000000000000000000e+00 0.000000000000000000e+00 6.108305397284094943e+05 8.762573975044777617e+06 1.593431046266919971e+08 9.584769541249896288e+08 3.197532040506417274e+09 1.126970219638090897e+10 0.000000000000000000e+00 0.000000000000000000e+00
7.315060240963856819e-02 0.000000000000000000e+00 0.000000000000000000e+00 5.649971517503400100e+05 8.777377761400828138e+06 1.494046022542797625e+08 1.034690860957757115e+09 3.201988618882435322e+09 1.285377942385778999e+10 0.000000000000000000e+00 0.000000000000000000e+00
7.385301204819277876e-02 0.000000000000000000e+00 0.000000000000000000e+00 4.948572789043608936e+05 8.977603329107601196e+06 1.373628684348466694e+08 1.098086529604298592e+09 3.394153251048227310e+09 1.341697261935819817e+10 2.765729098308180332e+09 0.000000000000000000e+00
7.455542168674700321e-02 0.000000000000000000e+00 0.000000000000000000e+00 4.206205483311910066e+05 9.078360570722710341e+06 1.279754949659430683e+08 1.208290077827189207e+09 3.638675176095538139e+09 1.370893726352090263e+10 1.321882181440058708e+10 0.000000000000000000e+00
7.525783132530121378e-02 0.000000000000000000e+00 0.000000000000000000e+00 3.410449446379449801e+05 9.515412996092947200e+06 1.227234019955090731e+08 1.323493379749905586e+09 3.568683810322289467e+09 1.502012488285275650e+10 0.000000000000000000e+00 0.000000000000000000e+00
7.596024096385543822e-02 0.000000000000000000e+00 0.000000000000000000e+00 2.688870314238796127e+05 9.420526410254975781e+06 1.148252059948839545e+08 1.327003709441133261e+09 3.702161050393084049e+09 1.603853754822566414e+10 2.906836380770616531e+08 3.481558739212580743e-277
7.666265060240964879e-02 0.000000000000000000e+00 0.000000000000000000e+00 2.022109679129159485e+05 9.897672510729001835e+06 1.091189786326571256e+08 1.405745303565102339e+09 4.136446033718746662e+09 1.535070131794796562e+10 0.000000000000000000e+00 0.000000000000000000e+00
7.736506024096387324e-02 0.000000000000000000e+00 0.000000000000000000e+00 1.466223936913805665e+05 1.024038849443486333e+07 1.057593022451684922e+08 1.416189250327443123e+09 4.018860695079520226e+09 1.555657432692436981e+10 6.814079147371481657e+08 0.000000000000000000e+00
7.806746987951808381e-02 0.000000000000000000e+00 0.000000000000000000e+00 1.064368720614900813e+05 1.091818387360125221e+07 1.117490411779733300e+08 1.433481452653387547e+09 4.709850055240886688e+09 1.656697708908375549e+10 2.596189239528756589e+06 6.325511867378882408e+09
7.876987951807230826e-02 0.000000000000000000e+00 0.000000000000000000e+00 8.387312758614406630e+04 1.105374594823137484e+07 1.052092663411437571e+08 1.513736073980783224e+09 5.121770489674728394e+09 1.645547606499128914e+10 3.310404460622616196e+10 0.000000000000000000e+00
7.947228915662651882e-02 0.000000000000000000e+00 0.000000000000000000e+00 7.212626801086068735e+04 1.155048845637883060e+07 1.113114326759039313e+08 1.447799965075653315e+09 5.423170314144137383e+09 1.802038501444060516e+10 3.609871933005673218e+10 0.000000000000000000e+00
8.017469879518074327e-02 0.000000000000000000e+00 0.000000000000000000e+00 6.945278356627315225e+04 1.176754476905923150e+07 1.145647661521970630e+08 1.428469048273823977e+09 5.822766132424739838e+09 1.676740479434343147e+10 3.231679546506626511e+10 0.000000000000000000e+00
8.087710843373495384e-02 0.000000000000000000e+00 0.000000000000000000e+00 7.167535662833129754e+04 1.185500775245698728e+07 1.119655590797082782e+08 1.414289952804549456e+09 6.188841376058475494e+09 1.623137555765326118e+10 2.644133655479027280e-277 9.129935040031693979e-279
8.157951807228916441e-02 0.000000000000000000e+00 0.000000000000000000e+00 7.449541369202213536e+04 1.153599928861299902e+07 1.186779447830932885e+08 1.362238992468564272e+09 7.031099500305485725e+09 1.891129768492055893e+10 5.031230264046008301e+10 0.000000000000000000e+00
8.228192771084338886e-02 0.000000000000000000e+00 0.000000000000000000e+00 7.563442058242508210e+04 1.130943821083479561e+07 1.231009999410354346e+08 1.358266674417894602e+09 6.816353203690015793e+09 1.747388776875187302e+10 5.204088127520343018e+10 3.461300088875631714e+10
8.298433734939759943e-02 0.000000000000000000e+00 0.000000000000000000e+00 7.727394632433082734e+04 1.061331255143386312e+07 1.253654677445481420e+08 1.346765964170823812e+09 7.086165318665477753e+09 1.890635693497853851e+10 5.788053868945097351e+10 3.180165987332795334e+10
8.368674698795182387e-02 0.000000000000000000e+00 0.000000000000000000e+00 8.031157674948069325e+04 9.313226874955486506e+06 1.294410754768635929e+08 1.224479747065468073e+09 8.043759425533710480e+09 2.002765830094123077e+10 6.193781438102850342e+10 0.000000000000000000e+00
8.438915662650603444e-02 0.000000000000000000e+00 0.000000000000000000e+00 8.300964639506673848e+04 8.230525554842303507e+06 1.321709123856566399e+08 1.149074555144845486e+09 8.469610187922365189e+09 2.123681867822760010e+10 6.561402831267990875e+10 4.159955405380331673e-276
8.509156626506025889e-02 0.000000000000000000e+00 0.000000000000000000e+00 8.374895902642245346e+04 7.556007621904078871e+06 1.341780483629075140e+08 1.174880170061990023e+09 8.822285780846500397e+09 2.331823301689204788e+10 6.912023953276098633e+10 6.178091619578554535e+10
8.579397590361446946e-02 0.000000000000000000e+00 0.000000000000000000e+00 8.051118417136465723e+04 6.280962620290412568e+06 1.372618958641961217e+08 1.174105690871511698e+09 9.058989981967309952e+09 2.160379718390665436e+10 6.925943541316325378e+10 1.076757927223900333e+07
8.649638554216869391e-02 0.000000000000000000e+00 0.000000000000000000e+00 7.363024348189705051e+04 5.580680470143855549e+06 1.412253672828482687e+08 1.123048547267247915e+09 9.061173122965440750e+09 2.391557831319550705e+10 7.720429723642274475e+10 0.000000000000000000e+00
8.719879518072290447e-02 0.000000000000000000e+00 0.000000000000000000e+00 6.583398401881825703e+04 4.590196849766486324e+06 1.476018475531216860e+08 1.109018553723327875e+09 9.217846700083122253e+09 2.514505693291801071e+10 7.553377883765504456e+10 1.529795864001134894e-276
8.790120481927712892e-02 0.000000000000000000e+00 0.000000000000000000e+00 6.082878119167491241e+04 4.010787841500069946e+06 1.473322640117560029e+08 1.124576698514250994e+09 9.750759969951866150e+09 2.841837352642978668e+10 7.381355286101347351e+10 1.326047597722491191e-278
8.860361445783133949e-02 0.000000000000000000e+00 0.000000000000000000e+00 5.982204927450869582e+04 3.585389650797633920e+06 1.561692554213157892e+08 1.126933487720991850e+09 9.453447099227506638e+09 2.941329037018583298e+10 7.721426339393078613e+10 1.400229355724604797e+11
8.930602409638556394e-02 0.000000000000000000e+00 0.000000000000000000e+00 6.274353710977939772e+04 3.300820138707623351e+06 1.549903398235835433e+08 1.129663572306848049e+09 1.018481954028139877e+10 3.083554004548133087e+10 7.811084251885736084e+10 1.069292108959880829e+11
9.000843373493977451e-02 0.000000000000000000e+00 0.000000000000000000e+00 6.693071251814022253e+04 3.218828902716353070e+06 1.544672861438251734e+08 1.174796564770699978e+09 9.925609091196237564e+09 3.576100879845797729e+10 8.656037072269558716e+10 1.596159834777026367e+11
9.071084337349398508e-02 0.000000000000000000e+00 0.000000000000000000e+00 7.178674341705106781e+04 3.042673808024352882e+06 1.567547378076276481e+08 1.164291554197458029e+09 9.977757813730623245e+09 3.734071519387157440e+10 8.412178671479283142e+10 1.979174286160492859e+11
9.141325301204820952e-02 0.000000000000000000e+00 0.000000000000000000e+00 7.274468355041992618e+04 3.126895709694786463e+06 1.500573821042318344e+08 1.242046786913061142e+09 9.682565167689107895e+09 3.955942532083267212e+10 8.862718471329078674e+10 1.976808650747890930e+11
9.211566265060242009e-02 0.000000000000000000e+00 0.000000000000000000e+00 7.221416245323140174e+04 3.072495035477971192e+06 1.430382265963276923e+08 1.190307832924179316e+09 9.497030476591520309e+09 4.182305754074337006e+10 9.549828771488049316e+10 2.201720841344963379e+11
9.281807228915664454e-02 0.000000000000000000e+00 0.000000000000000000e+00 7.183769028723282099e+04 3.179104376965137664e+06 1.356121752404343486e+08 1.303917054995777607e+09 9.674862338717082977e+09 4.600943858482570648e+10 9.053884977166433716e+10 2.428334589387625427e+11
9.352048192771085511e-02 0.000000000000000000e+00 0.000000000000000000e+00 7.371205852853400575e+04 3.264583201235636603e+06 1.278949632783139199e+08 1.312880948067261696e+09 9.167027117150316238e+09 4.483866649833457947e+10 9.801421565675411987e+10 2.326153557803892395e-280
9.422289156626507955e-02 0.000000000000000000e+00 0.000000000000000000e+00 7.479737646352466254e+04 3.230092273040544242e+06 1.158155465908526778e+08 1.356113645623532295e+09 9.284805015596527100e+09 4.482886702242583466e+10 9.687083008906355286e+10 1.999387382727946472e+11
9.492530120481929012e-02 0.000000000000000000e+00 0.000000000000000000e+00 7.085915303742190008e+04 3.114465320875309873e+06 1.076660771593201011e+08 1.378148597319049358e+09 9.190422953093282700e+09 5.034217262030722046e+10 1.168362564242447357e+11 2.592637507223784485e+11
9.562771084337351457e-02 0.000000000000000000e+00 0.000000000000000000e+00 6.098253413605713286e+04 3.100717136975141242e+06 1.017857409356117994e+08 1.471914615692502022e+09 8.611756385895456314e+09 5.511749865763713074e+10 1.244761861108392639e+11 7.365641995616767883e+10
9.633012048192772514e-02 0.000000000000000000e+00 0.000000000000000000e+00 4.741420814870496542e+04 3.003983715282659978e+06 8.842503658610735834e+07 1.481837579779697418e+09 8.762645755096065521e+09 5.203305359089059448e+10 1.416236602466499634e+11 6.570790401423520088e+09
9.703253012048194959e-02 0.000000000000000000e+00 0.000000000000000000e+00 3.244932448451522214e+04 3.002002963364095893e+06 8.227624814094963670e+07 1.555993415090422869e+09 8.536141603790485382e+09 5.998570656880678558e+10 1.329409083075469360e+11 8.249222236794056773e-276
9.773493975903616016e-02 0.000000000000000000e+00 0.000000000000000000e+00 1.992438661818564287e+04 2.955135284688211512e+06 7.368041205898579955e+07 1.591286171645828485e+09 9.166895169571260452e+09 5.362221943054277802e+10 1.456621729062306519e+11 3.105939614023530884e+11
9.843734939759038460e-02 0.000000000000000000e+00 0.000000000000000000e+00 1.094979365185641836e+04 2.956895917789105326e+06 7.135658842281225324e+07 1.551983141785999775e+09 8.718286158710762024e+09 5.817161739764031219e+10 1.418935972197336426e+11 2.587031112754266968e+11
9.913975903614459517e-02 0.000000000000000000e+00 0.000000000000000000e+00 5.291960523402999570e+03 2.892163663721794263e+06 6.715594145311614871e+07 1.578138202434111595e+09 9.330671009021770477e+09 5.942641733836602020e+10 1.809951996346256409e+11 3.204842688554088745e+11
9.984216867469880574e-02 0.000000000000000000e+00 0.000000000000000000e+00 2.343527732361339986e+03 2.913397870478828903e+06 6.727815796778632700e+07 1.620014767824543238e+09 9.810888681802818298e+09 5.788174345241181946e+10 1.782912370113558044e+11 3.011843027707459106e+11
1.005445783132530302e-01 0.000000000000000000e+00 0.000000000000000000e+00 8.813922435164790841e+02 2.932280918727649841e+06 6.581193054019706696e+07 1.499845360331309080e+09 9.587966691080390930e+09 5.691779239420482635e+10 2.170347040607451477e+11 3.165256622377675781e+11
1.012469879518072408e-01 0.000000000000000000e+00 0.000000000000000000e+00 2.967868243125945469e+02 2.965352835860714316e+06 6.326818285438945889e+07 1.567865830369088173e+09 9.953325663517127991e+09 6.051728990682872009e+10 1.945989452706570129e+11 1.303499425755422592e+10
1.019493975903614652e-01 0.000000000000000000e+00 0.000000000000000000e+00 8.586263381891423307e+01 3.021541729460615199e+06 6.422387376960114390e+07 1.433381366154681444e+09 1.045149496795390511e+10 5.795572672940876770e+10 2.065030479145390320e+11 3.899749009888084106e+11
1.026518072289156758e-01 0.000000000000000000e+00 0.000000000000000000e+00 1.994598042800381066e+01 2.896333587764004711e+06 6.555288415588451177e+07 1.414944205436089754e+09 1.100628634682003593e+10 5.662221543567910767e+10 2.344466338970606995e+11 4.155414757601602783e+11
1.033542168674699002e-01 0.000000000000000000e+00 0.000000000000000000e+00 4.068925589690194577e+00 2.881400812880985439e+06 6.541273750920141488e+07 1.357398434760150194e+09 1.175069343105883217e+10 5.733754445604631805e+10 2.361690233470691223e+11 4.198340599468477783e+11
1.040566265060241108e-01 0.000000000000000000e+00 0.000000000000000000e+00 0.000000000000000000e+00 2.757775864940817002e+06 6.276543647181128711e+07 1.335712744583372355e+09 1.137724941852834702e+10 5.532338489029545593e+10 2.332053556383333435e+11 4.614828230275494385e+11
1.047590361445783352e-01 0.000000000000000000e+00 0.000000000000000000e+00 0.000000000000000000e+00 2.493860548453791067e+06 6.456223069063598663e+07 1.187034919282721043e+09 1.219792172150060081e+10 5.961786867925627136e+10 2.695479483160816956e+11 4.974647386123392334e+11
1.054614457831325458e-01 0.000000000000000000e+00 0.000000000000000000e+00 0.000000000000000000e+00 2.188993288105292246e+06 6.307136989036934823e+07 1.137518522908437967e+09 1.272336000432048416e+10 5.641453928647119141e+10 2.806704901834693604e+11 5.161803032978673096e+11
1.061638554216867703e-01 0.000000000000000000e+00 0.000000000000000000e+00 0.000000000000000000e+00 1.884792139373400249e+06 6.487470593701171875e+07 1.096691462935465574e+09 1.252456766154154968e+10 6.118342464362950134e+10 3.023055864275550537e+11 5.477180742923245850e+11
1.068662650602409808e-01 0.000000000000000000e+00 0.000000000000000000e+00 0.000000000000000000e+00 1.571859714388192864e+06 6.596694455957473814e+07 1.061239997294225097e+09 1.305739424644316483e+10 6.508711671546179199e+10 2.707297144141148071e+11 6.536359310637990723e+11
1.075686746987952053e-01 0.000000000000000000e+00 0.000000000000000000e+00 0.000000000000000000e+00 1.255265608146229060e+06 6.204965256459820271e+07 9.770645835715441704e+08 1.305621739710138512e+10 6.248774277678477478e+10 2.803082922484385986e+11 6.913244524272709961e+11
1.082710843373494158e-01 0.000000000000000000e+00 0.000000000000000000e+00 0.000000000000000000e+00 1.016279403016794357e+06 6.293621686690246314e+07 9.773209794929907322e+08 1.339784805930431557e+10 6.866435006721318054e+10 2.910716746721739502e+11 6.345427741484144287e+11
1.089734939759036264e-01 0.000000000000000000e+00 0.000000000000000000e+00 0.000000000000000000e+00 7.986964838661794784e+05 6.376235741944527626e+07 9.421072450430245399e+08 1.320527512556161499e+10 6.998575735318928528e+10 3.203633261019945679e+11 6.664967084620030518e+11
1.096759036144578509e-01 0.000000000000000000e+00 0.000000000000000000e+00 0.000000000000000000e+00 6.139478768788560992e+05 6.041098758996273577e+07 8.716938320183655024e+08 1.247654524188250160e+10 7.193632925161917114e+10 2.923212321316660156e+11 8.202596730287481689e+11
1.103783132530120614e-01 0.000000000000000000e+00 0.000000000000000000e+00 0.000000000000000000e+00 5.268336891511250287e+05 6.327092395575452596e+07 8.821045271312793493e+08 1.278801736341392708e+10 6.860886138851903534e+10 3.290703071230558472e+11 8.663446701201373291e+11
1.110807228915662859e-01 0.000000000000000000e+00 0.000000000000000000e+00 0.000000000000000000e+00 4.386586927751938929e+05 6.219496248807382584e+07 8.878153056760710478e+08 1.247961162800970840e+10 7.300630085052621460e+10 3.363894629710353394e+11 8.836975733234156494e+11
1.117831325301204964e-01 0.000000000000000000e+00 0.000000000000000000e+00 0.000000000000000000e+00 4.113123228093428188e+05 6.134471574069320410e+07 9.209268548048027754e+08 1.197838759759666824e+10 6.604952284814060974e+10 3.331264789610368652e+11 8.602525749077517090e+11
1.124855421686747209e-01 0.000000000000000000e+00 0.000000000000000000e+00 0.000000000000000000e+00 3.999665265253217076e+05 6.009053886630794406e+07 9.131213872205219269e+08 1.226644187580766678e+10 8.312171125894950867e+10 3.223446412844849854e+11 7.774707642099541016e+11
1.131879518072289315e-01 0.000000000000000000e+00 0.000000000000000000e+00 0.000000000000000000e+00 3.940390057130900095e+05 5.780311890942726284e+07 8.732019398773486614e+08 1.171494309277811813e+10 8.012212400437089539e+10 3.849524116642821655e+11 1.100386940702834717e+12
1.138903614457831559e-01 0.000000000000000000e+00 0.000000000000000000e+00 0.000000000000000000e+00 3.962159585121789132e+05 5.460037343923938274e+07 9.040794167905780077e+08 1.141255626853179169e+10 7.889901260723811340e+10 3.192480018818931274e+11 1.143854473845278809e+12
1.145927710843373665e-01 0.000000000000000000e+00 0.000000000000000000e+00 0.000000000000000000e+00 3.867703966655992554e+05 5.179040318349184096e+07 8.706435683523540497e+08 1.086471151673150826e+10 8.413116009336674500e+10 3.565619941297933960e+11 1.131948152296707764e+12
1.152951807228915909e-01 0.000000000000000000e+00 0.000000000000000000e+00 0.000000000000000000e+00 3.913678046023668721e+05 4.554079286455502361e+07 8.969443084290606976e+08 1.059805040254843330e+10 8.398548815070323181e+10 3.724388689790845337e+11 1.114159521543436523e+12
1.159975903614458015e-01 0.000000000000000000e+00 0.000000000000000000e+00 0.000000000000000000e+00 3.839200612897581887e+05 4.264701588458693773e+07 8.867761831133438349e+08 1.033414941430625343e+10 8.294439426538479614e+10 3.424991936239810791e+11 1.120829860466254150e+12
1.167000000000000259e-01 0.000000000000000000e+00 0.000000000000000000e+00 0.000000000000000000e+00 3.756993181979747023e+05 3.662517956475774944e+07 8.850621801366138458e+08 1.033922732121530533e+10 9.044245386666062927e+10 3.608464069309684448e+11 1.292284754842433594e+12
1.174024096385542365e-01 0.000000000000000000e+00 0.000000000000000000e+00 0.000000000000000000e+00 3.621931746870772331e+05 3.264105224335613474e+07 8.633386493701107502e+08 9.862168155132896423e+09 8.671557080603657532e+10 3.562275386372203979e+11 1.320616824208253662e+12
1.181048192771084471e-01 0.000000000000000000e+00 0.000000000000000000e+00 0.000000000000000000e+00 3.442542797347325250e+05 2.809081288553018868e+07 8.958824391109385490e+08 9.352308558803991318e+09 8.739645434959625244e+10 3.921231065093050537e+11 1.459044326107917480e+12
1.188072289156626715e-01 0.000000000000000000e+00 0.000000000000000000e+00 0.000000000000000000e+00 3.167012651165935094e+05 2.534879139408174902e+07 8.909932148117735386e+08 9.316690316871751785e+09 9.216567147407052612e+10 3.997322178985888062e+11 1.366076106458147705e+12
1.195096385542168821e-01 0.000000000000000000e+00 0.000000000000000000e+00 0.000000000000000000e+00 2.982922518532927497e+05 2.207100237579474971e+07 8.907154140714884996e+08 9.073735904755426407e+09 9.095645741378654480e+10 3.823948526681293945e+11 1.285545866389630371e+12
1.202120481927711065e-01 0.000000000000000000e+00 0.000000000000000000e+00 0.000000000000000000e+00 2.833273078610742814e+05 1.924947929545976222e+07 8.668483713266459703e+08 8.923617364484504700e+09 8.727002406601568604e+10 4.488620903213026733e+11 1.325578517266414307e+12
1.209144578313253171e-01 0.000000000000000000e+00 0.000000000000000000e+00 0.000000000000000000e+00 2.764748243100863765e+05 1.872800893427349627e+07 8.672729222866221666e+08 9.337350056696561813e+09 8.900645049156372070e+10 4.842678398205097046e+11 1.314049561129727051e+12
1.216168674698795416e-01 0.000000000000000000e+00 0.000000000000000000e+00 0.000000000000000000e+00 2.764440467598568648e+05 1.664353125823109597e+07 8.804057940738806725e+08 9.658338176442651749e+09 8.447478768629147339e+10 4.361196012868340454e+11 1.361011048574091797e+12
1.223192771084337521e-01 0.000000000000000000e+00 0.000000000000000000e+00 0.000000000000000000e+00 2.792379755050314707e+05 1.684124199810045213e+07 8.177369743091024160e+08 9.222460128002899170e+09 8.488924558637437439e+10 4.674713528027764282e+11 1.621539996410187988e+12
1.230216867469879766e-01 0.000000000000000000e+00 0.000000000000000000e+00 0.000000000000000000e+00 2.778231870440309867e+05 1.649822464591586217e+07 7.915316421596772671e+08 8.991063406881181717e+09 8.393329062292823792e+10 4.586494162257033691e+11 1.672139314806019287e+12
1.237240963855421871e-01 0.000000000000000000e+00 0.000000000000000000e+00 0.000000000000000000e+00 2.690062406471365248e+05 1.586991714752279408e+07 7.671144132066168785e+08 9.569245027335311890e+09 8.649194358669197083e+10 4.805538556982691650e+11 1.445444443073062256e+12
1.244265060240964116e-01 0.000000000000000000e+00 0.000000000000000000e+00 0.000000000000000000e+00 2.612912023653377255e+05 1.544838646193691902e+07 7.042369787860866785e+08 9.473848386292692184e+09 7.857644958754357910e+10 5.077961040365192871e+11 1.434623216026647949e+12
1.251289156626506083e-01 0.000000000000000000e+00 0.000000000000000000e+00 0.000000000000000000e+00 2.456824690319026413e+05 1.525739883141716383e+07 6.483434139608567953e+08 9.508788242502166748e+09 7.928569286189941406e+10 5.363497322186408081e+11 1.653271333808020996e+12
1.258313253012048327e-01 0.000000000000000000e+00 0.000000000000000000e+00 0.000000000000000000e+00 2.274783819567979372e+05 1.544904291227295995e+07 6.152121302909224033e+08 9.817126283067737579e+09 7.823553223611228943e+10 5.073615741138438110e+11 1.629480525753737061e+12
1.265337349397590294e-01 0.000000000000000000e+00 0.000000000000000000e+00 0.000000000000000000e+00 2.100385039012278139e+05 1.465666125875228271e+07 5.728323951713322401e+08 9.452186336045717239e+09 8.029476391096633911e+10 5.191367486721534424e+11 1.794663246871031494e+12
1.272361445783132539e-01 0.000000000000000000e+00 0.000000000000000000e+00 0.000000000000000000e+00 1.773892761394685076e+05 1.444180403509820066e+07 5.117078911560791135e+08 9.398970717136398315e+09 7.385109671906072998e+10 5.348403866039547729e+11 1.871171740521706787e+12
1.279385542168674783e-01 0.000000000000000000e+00 0.000000000000000000e+00 0.000000000000000000e+00 1.433406715057554247e+05 1.369151391245480254e+07 4.845057535334419012e+08 9.328006539544721603e+09 7.500230361113563538e+10 5.658496809794858398e+11 1.971612645984056885e+12
1.286409638554217028e-01 0.000000000000000000e+00 0.000000000000000000e+00 0.000000000000000000e+00 1.061855324219456379e+05 1.398089215139017627e+07 4.501532830900027156e+08 9.443416403955795288e+09 7.595636163813574219e+10 5.566052397302272949e+11 2.028643796331816406e+12
1.293433734939758994e-01 0.000000000000000000e+00 0.000000000000000000e+00 0.000000000000000000e+00 7.318027477603672014e+04 1.257554062362851016e+07 4.139102340401948690e+08 9.258755122469909668e+09 7.931350478858357239e+10 5.223050850547335815e+11 1.979284642540503906e+12
1.300457831325301239e-01 0.000000000000000000e+00 0.000000000000000000e+00 0.000000000000000000e+00 4.572021074762415810e+04 1.281144372755407728e+07 3.991949305030610561e+08 9.328840040403968811e+09 7.435393427586779785e+10 5.505902492807103271e+11 1.951520354745231689e+12
1.307481927710843483e-01 0.000000000000000000e+00 0.000000000000000000e+00 0.000000000000000000e+00 2.557284017487314486e+04 1.200739810757877491e+07 3.818792357103685737e+08 8.954111889629423141e+09 7.623215934951147461e+10 5.234479491711806641e+11 2.154277387974797607e+12
1.314506024096385728e-01 0.000000000000000000e+00 0.000000000000000000e+00 0.000000000000000000e+00 1.361018654608367069e+04 1.212406537154584937e+07 3.493039373486713171e+08 9.117538494468700409e+09 7.644191883419633484e+10 5.257523479292733765e+11 2.412475534063714844e+12
1.321530120481927695e-01 0.000000000000000000e+00 0.000000000000000000e+00 0.000000000000000000e+00 6.460031309646994487e+03 1.136412911175340414e+07 3.600238088808888197e+08 8.737553929472387314e+09 7.852696334637074280e+10 5.545175429790191650e+11 2.314456282070391602e+12
1.328554216867469939e-01 0.000000000000000000e+00 0.000000000000000000e+00 0.000000000000000000e+00 2.866064472333397134e+03 1.118852049280386791e+07 3.465645619308749437e+08 8.292997478310931206e+09 8.170784061760453796e+10 5.400958486181795654e+11 2.554355595673342773e+12
1.335578313253012184e-01 0.000000000000000000e+00 0.000000000000000000e+00 0.000000000000000000e+00 1.155973991883174904e+03 1.056821543818628415e+07 3.313900560540733337e+08 8.033243477127728462e+09 7.816238525162959290e+10 5.306433488719381104e+11 2.425549704322200684e+12
1.342602409638554428e-01 0.000000000000000000e+00 0.000000000000000000e+00 0.000000000000000000e+00 4.130822385781445405e+02 1.067204136603706703e+07 3.338336383950684667e+08 7.935664516756550789e+09 8.343104764526840210e+10 4.541561577152785645e+11 2.648331580499134766e+12
1.349626506024096395e-01 0.000000000000000000e+00 0.000000000000000000e+00 0.000000000000000000e+00 1.350565020103312577e+02 9.455061794321306050e+06 3.182720657885324359e+08 7.236948831735835075e+09 7.647488627843518066e+10 5.158815067774949951e+11 2.465348077803358398e+12
1.356650602409638640e-01 0.000000000000000000e+00 0.000000000000000000e+00 0.000000000000000000e+00 0.000000000000000000e+00 9.118012006681839004e+06 3.289857680511308312e+08 6.928402302738006592e+09 7.913394057289503479e+10 5.185389227028551025e+11 2.603189760073277344e+12
1.363674698795180884e-01 0.000000000000000000e+00 0.000000000000000000e+00 0.000000000000000000e+00 9.556346228256954234e+00 8.067952449750849977e+06 3.087670922544779778e+08 6.932647782306188583e+09 7.817101621807504272e+10 5.084750245687919922e+11 2.912072607786005371e+12
1.370698795180722851e-01 0.000000000000000000e+00 0.000000000000000000e+00 0.000000000000000000e+00 2.098170839013766997e+00 6.836914493040747009e+06 3.211019063161852360e+08 6.364721848645898819e+09 7.955549156021716309e+10 4.787985772625404663e+11 2.586507540364260254e+12
1.377722891566265095e-01 0.000000000000000000e+00 0.000000000000000000e+00 0.000000000000000000e+00 0.000000000000000000e+00 6.351368356576014310e+06 3.006025840290266871e+08 5.979811027095979691e+09 7.793406908799618530e+10 5.052282231577378540e+11 2.745625124487000000e+12
1.384746987951807340e-01 0.000000000000000000e+00 0.000000000000000000e+00 0.000000000000000000e+00 0.000000000000000000e+00 5.248298526217447594e+06 2.903024883309039474e+08 5.532895117790839195e+09 8.049778490562561035e+10 5.099298210615933838e+11 2.951139049970688477e+12
1.391771084337349584e-01 0.000000000000000000e+00 0.000000000000000000e+00 0.000000000000000000e+00 0.000000000000000000e+00 4.390735589881217107e+06 2.966902398734830618e+08 5.442807418378287315e+09 7.504955679090998840e+10 5.044065050017387085e+11 2.767963061800836426e+12
1.398795180722891551e-01 0.000000000000000000e+00 0.000000000000000000e+00 0.000000000000000000e+00 0.000000000000000000e+00 3.701048946079949848e+06 2.819029564894600511e+08 5.277809513840819359e+09 7.729513894536230469e+10 5.066162543709141846e+11 2.821920090071287598e+12
1.405819277108433796e-01 0.000000000000000000e+00 0.000000000000000000e+00 0.000000000000000000e+00 0.000000000000000000e+00 2.769759311290489044e+06 2.689981054835754633e+08 5.415604338468795776e+09 7.709228937171244812e+10 5.338047357256773071e+11 2.709156541258318359e+12
1.412843373493976040e-01 0.000000000000000000e+00 0.000000000000000000e+00 0.000000000000000000e+00 0.000000000000000000e+00 2.431995282600286882e+06 2.692039010289965272e+08 4.876826354556172371e+09 7.281663981301013184e+10 5.003181445948283081e+11 2.790824743789674316e+12
1.419867469879518285e-01 0.000000000000000000e+00 0.000000000000000000e+00 0.000000000000000000e+00 0.000000000000000000e+00 2.075309049176559318e+06 2.530527231176507175e+08 4.987943030961608887e+09 7.410503063988302612e+10 5.029274335199755859e+11 2.992387775434194336e+12
1.426891566265060252e-01 0.000000000000000000e+00 0.000000000000000000e+00 0.000000000000000000e+00 0.000000000000000000e+00 1.740181129368896130e+06 2.538743754019827247e+08 4.727195906826621056e+09 7.337694597568832397e+10 5.457245981868869629e+11 2.616645703878362305e+12
1.433915662650602496e-01 0.000000000000000000e+00 0.000000000000000000e+00 0.000000000000000000e+00 0.000000000000000000e+00 1.613777456873234361e+06 2.446257034520290792e+08 4.422650429349596024e+09 7.293380366819482422e+10 5.413956760640527954e+11 3.300572013968127441e+12
1.440939759036144741e-01 0.000000000000000000e+00 0.000000000000000000e+00 0.000000000000000000e+00 0.000000000000000000e+00 1.539948778813774930e+06 2.212030325196846426e+08 4.766661189440396309e+09 6.902932171052703857e+10 5.635758296046638184e+11 2.891567886380619629e+12
1.447963855421686707e-01 0.000000000000000000e+00 0.000000000000000000e+00 0.000000000000000000e+00 0.000000000000000000e+00 1.561421007918394869e+06 2.222823443283413649e+08 4.426917844891421318e+09 6.484425298247286987e+10 5.402614059364690552e+11 2.999218451365108887e+12
1.454987951807228952e-01 0.000000000000000000e+00 0.000000000000000000e+00 0.000000000000000000e+00 0.000000000000000000e+00 1.497124341379967285e+06 2.010469522316254079e+08 4.611514930791758537e+09 6.211849284362210846e+10 5.523991780797719727e+11 2.674211066993411133e+12
1.462012048192771196e-01 0.000000000000000000e+00 0.000000000000000000e+00 0.000000000000000000e+00 0.000000000000000000e+00 1.465069297504011309e+06 1.836848411383625269e+08 4.351132546044465065e+09 6.323568975485513306e+10 5.561276864556458740e+11 3.271918786590270020e+12
1.469036144578313441e-01 0.000000000000000000e+00 0.000000000000000000e+00 0.000000000000000000e+00 0.000000000000000000e+00 1.378894369743874529e+06 1.711187614861154258e+08 4.434675978728815079e+09 5.937590481073715210e+10 5.928374098063413086e+11 2.892350746494069824e+12
1.476060240963855408e-01 0.000000000000000000e+00 0.000000000000000000e+00 0.000000000000000000e+00 0.000000000000000000e+00 1.389691262523491168e+06 1.517125152824929655e+08 4.172859684600930214e+09 5.619083431280792236e+10 5.634603095178581543e+11 2.960723137564990234e+12
1.483084337349397652e-01 0.000000000000000000e+00 0.000000000000000000e+00 0.000000000000000000e+00 0.000000000000000000e+00 1.260144052176640835e+06 1.367191734465528429e+08 4.093953226807839394e+09 5.782033718105101776e+10 5.849580899855933838e+11 2.992650192056551758e+12
1.490108433734939897e-01 0.000000000000000000e+00 0.000000000000000000e+00 0.000000000000000000e+00 0.000000000000000000e+00 1.217876860670435242e+06 1.174895515419210047e+08 3.901295647007787704e+09 5.428653140375270081e+10 5.274717990520360718e+11 3.025297024104827148e+12
1.497132530120482141e-01 0.000000000000000000e+00 0.000000000000000000e+00 0.000000000000000000e+00 0.000000000000000000e+00 1.155333582481265301e+06 1.066267037055746019e+08 3.772143950194329739e+09 5.164106848954219055e+10 5.506102131322025146e+11 2.792607704256125977e+12
1.504156626506024108e-01 0.000000000000000000e+00 0.000000000000000000e+00 0.000000000000000000e+00 0.000000000000000000e+00 1.121936771777740447e+06 9.303616857017789781e+07 3.943385232893646240e+09 5.105413114730470276e+10 5.292217510242086182e+11 2.980031342117378418e+12
1.511180722891566353e-01 0.000000000000000000e+00 0.000000000000000000e+00 0.000000000000000000e+00 0.000000000000000000e+00 1.015811863679862465e+06 8.671250417851936817e+07 3.770947026941045761e+09 4.917418877979586792e+10 5.153286405655537720e+11 2.884326656496354980e+12
1.518204819277108597e-01 0.000000000000000000e+00 0.000000000000000000e+00 0.000000000000000000e+00 0.000000000000000000e+00 9.416081509917777730e+05 8.087275468271550536e+07 3.680383558784809113e+09 4.881705142721426392e+10 5.285262414394330444e+11 3.250984933889101562e+12
1.525228915662650842e-01 0.000000000000000000e+00 0.000000000000000000e+00 0.000000000000000000e+00 0.000000000000000000e+00 8.836438717405000934e+05 7.149431204635302722e+07 3.498294698991158962e+09 4.807894492660440826e+10 5.094514452292598877e+11 3.180582388796211426e+12
1.532253012048192808e-01 0.000000000000000000e+00 0.000000000000000000e+00 0.000000000000000000e+00 0.000000000000000000e+00 8.558243733717385912e+05 6.841719838746522367e+07 3.509025866018544674e+09 4.916003721856700134e+10 4.924734676176782227e+11 3.220797485966461914e+12
1.539277108433735053e-01 0.000000000000000000e+00 0.000000000000000000e+00 0.000000000000000000e+00 0.000000000000000000e+00 8.411297039688483346e+05 6.552036946969209611e+07 3.337774805846158028e+09 4.814515447105513763e+10 4.864570030960251465e+11 3.353890182828997070e+12
1.546301204819277297e-01 0.000000000000000000e+00 0.000000000000000000e+00 0.000000000000000000e+00 0.000000000000000000e+00 8.284314441279122839e+05 6.453001572066557407e+07 3.068193224982240200e+09 4.824437566228568268e+10 4.697672751684776611e+11 2.758746775627553711e+12
1.553325301204819264e-01 0.000000000000000000e+00 0.000000000000000000e+00 0.000000000000000000e+00 0.000000000000000000e+00 7.786996937562488019e+05 6.029760009161508083e+07 2.839906191818119526e+09 4.557969527446797180e+10 4.684844846917882080e+11 3.082377507549026367e+12
1.560349397590361509e-01 0.000000000000000000e+00 0.000000000000000000e+00 0.000000000000000000e+00 0.000000000000000000e+00 7.020162210594214266e+05 5.855343010027252883e+07 2.764906430441078186e+09 4.646282915270291901e+10 4.777090563470642090e+11 3.213832387809491699e+12
1.567373493975903753e-01 0.000000000000000000e+00 0.000000000000000000e+00 0.000000000000000000e+00 0.000000000000000000e+00 6.580604082246010657e+05 5.564080637134446949e+07 2.573377127122157574e+09 4.448710217751831055e+10 4.426981129824260864e+11 3.431337519510184570e+12
1.574397590361445998e-01 0.000000000000000000e+00 0.000000000000000000e+00 0.000000000000000000e+00 0.000000000000000000e+00 5.967759163350497838e+05 5.571062327674943209e+07 2.309200911194711685e+09 4.538807561028987885e+10 4.168330028414234619e+11 3.377274865930154297e+12
1.581421686746987965e-01 0.000000000000000000e+00 0.000000000000000000e+00 0.000000000000000000e+00 0.000000000000000000e+00 5.204934589450728963e+05 5.224109543968988955e+07 2.269762203412395954e+09 4.382077301566371918e+10 4.137344146513324585e+11 3.659663579601822754e+12
1.588445783132530209e-01 0.000000000000000000e+00 0.000000000000000000e+00 0.000000000000000000e+00 0.000000000000000000e+00 4.432388643453988479e+05 5.081010547663658857e+07 2.087071638238527298e+09 4.426014409718492889e+10 4.327548486416764526e+11 3.252702343849192871e+12
1.595469879518072454e-01 0.000000000000000000e+00 0.000000000000000000e+00 0.000000000000000000e+00 0.000000000000000000e+00 3.567636135359421605e+05 4.864616752906184644e+07 1.916466253293359280e+09 4.349852356065980530e+10 4.102764034749835815e+11 3.423748607016159668e+12
1.602493975903614698e-01 0.000000000000000000e+00 0.000000000000000000e+00 0.000000000000000000e+00 0.000000000000000000e+00 2.728034894118953380e+05 4.737130802277440578e+07 1.708943709229302406e+09 4.124438430548305511e+10 4.018306553144389038e+11 3.240088926221055176e+12
1.609518072289156665e-01 0.000000000000000000e+00 0.000000000000000000e+00 0.000000000000000000e+00 0.000000000000000000e+00 1.921144389545655577e+05 4.418353440242379159e+07 1.695986557497890472e+09 4.063768353296892548e+10 4.283338814703377686e+11 3.250079162935764648e+12
1.616542168674698909e-01 0.000000000000000000e+00 0.000000000000000000e+00 0.000000000000000000e+00 0.000000000000000000e+00 1.345773947658437537e+05 4.233410944953237474e+07 1.495271866762738228e+09 4.060825001325331879e+10 3.738166660457777100e+11 2.942733253583189941e+12
1.623566265060241154e-01 0.000000000000000000e+00 0.000000000000000000e+00 0.000000000000000000e+00 0.000000000000000000e+00 1.637647787990180595e-265 4.152386443242067844e+07 1.491127621791350126e+09 3.749642223648457336e+10 4.172394905677453003e+11 3.249589164868901367e+12
1.630590361445783121e-01 0.000000000000000000e+00 0.000000000000000000e+00 0.000000000000000000e+00 0.000000000000000000e+00 0.000000000000000000e+00 3.960650024126227945e+07 1.422246142032389402e+09 3.707551060209013367e+10 4.005181940507216187e+11 3.231245205469746094e+12
1.637614457831325365e-01 0.000000000000000000e+00 0.000000000000000000e+00 0.000000000000000000e+00 0.000000000000000000e+00 2.684618902176008851e+04 3.458470580977931619e+07 1.380557335027323484e+09 3.567801038771552277e+10 4.035167196273862305e+11 3.035119031988151367e+12
1.644638554216867610e-01 0.000000000000000000e+00 0.000000000000000000e+00 0.000000000000000000e+00 0.000000000000000000e+00 1.377053086276246722e+04 3.451460216601009667e+07 1.279475344504956484e+09 3.366273917138591385e+10 3.966810043249309692e+11 3.255248888298137695e+12
1.651662650602409854e-01 0.000000000000000000e+00 0.000000000000000000e+00 0.000000000000000000e+00 0.000000000000000000e+00 2.170049526847708276e-264 3.467184985518638045e+07 1.238070526079266787e+09 3.120493882418981171e+10 3.880003386613155518e+11 3.056351515054093750e+12
1.658686746987951821e-01 0.000000000000000000e+00 0.000000000000000000e+00 0.000000000000000000e+00 0.000000000000000000e+00 0.000000000000000000e+00 2.953184771994774044e+07 1.256003210595278502e+09 3.108013703855962753e+10 3.873193955435294189e+11 2.802370336259128906e+12
1.665710843373494066e-01 0.000000000000000000e+00 0.000000000000000000e+00 0.000000000000000000e+00 0.000000000000000000e+00 1.163096042970877054e-267 2.865225195843402669e+07 1.186222136689640522e+09 3.014510046714043808e+10 3.825832906895957031e+11 2.986595627801104004e+12
1.672734939759036310e-01 0.000000000000000000e+00 0.000000000000000000e+00 0.000000000000000000e+00 0.000000000000000000e+00 4.542753484187365416e+02 2.570162919284840673e+07 1.197348055535328865e+09 2.845102874857409286e+10 3.702976261837807617e+11 2.629763523549284668e+12
1.679759036144578555e-01 0.000000000000000000e+00 0.000000000000000000e+00 0.000000000000000000e+00 0.000000000000000000e+00 0.000000000000000000e+00 2.198794609141952544e+07 1.138156266327902079e+09 2.684381231598161697e+10 3.595180478835539551e+11 2.937861122172696289e+12
1.686783132530120521e-01 0.000000000000000000e+00 0.000000000000000000e+00 0.000000000000000000e+00 0.000000000000000000e+00 4.958944254553512110e+01 2.133205658175810799e+07 1.078026062676542997e+09 2.461593933288845825e+10 3.980064157944692993e+11 2.926123965544348145e+12
1.693807228915662766e-01 0.000000000000000000e+00 0.000000000000000000e+00 0.000000000000000000e+00 0.000000000000000000e+00 0.000000000000000000e+00 1.741486849624424428e+07 1.052846634451214314e+09 2.386521790412405396e+10 3.647921045966361694e+11 2.749037994743436523e+12
1.700831325301205010e-01 0.000000000000000000e+00 0.000000000000000000e+00 0.000000000000000000e+00 0.000000000000000000e+00 0.000000000000000000e+00 1.586842407816617005e+07 1.024112620534368038e+09 2.313418254622213364e+10 3.319141082595247192e+11 2.650498310637816406e+12
1.707855421686747255e-01 0.000000000000000000e+00 0.000000000000000000e+00 0.000000000000000000e+00 0.000000000000000000e+00 0.000000000000000000e+00 1.189704944169270247e+07 9.361753692723252773e+08 2.255683781788779068e+10 3.670013070446667480e+11 2.865236218389931641e+12
1.714879518072289222e-01 0.000000000000000000e+00 0.000000000000000000e+00 0.000000000000000000e+00 0.000000000000000000e+00 0.000000000000000000e+00 9.680054331839915365e+06 9.251575969683004618e+08 2.183771544505409241e+10 3.438412973756316528e+11 2.792134094635921387e+12
1.721903614457831466e-01 0.000000000000000000e+00 0.000000000000000000e+00 0.000000000000000000e+00 0.000000000000000000e+00 0.000000000000000000e+00 8.786908222842814401e+06 8.852606360619568825e+08 1.896300667390701675e+10 3.269551346780964966e+11 2.702524680283834961e+12
1.728927710843373711e-01 0.000000000000000000e+00 0.000000000000000000e+00 0.000000000000000000e+00 0.000000000000000000e+00 0.000000000000000000e+00 6.475145101470733993e+06 8.763035372828915119e+08 1.872447181547833633e+10 3.252310839251094360e+11 2.568049287118877441e+12
1.735951807228915678e-01 0.000000000000000000e+00 0.000000000000000000e+00 0.000000000000000000e+00 0.000000000000000000e+00 0.000000000000000000e+00 6.111519005077070557e+06 8.179909670505989790e+08 1.844041247934280014e+10 3.241506709493719482e+11 2.745763053930956543e+12
1.742975903614457922e-01 0.000000000000000000e+00 0.000000000000000000e+00 0.000000000000000000e+00 0.000000000000000000e+00 0.000000000000000000e+00 5.276299412425998598e+06 7.875299707146604061e+08 1.805893005762085342e+10 3.029829421591340332e+11 2.679442594183562988e+12
1.750000000000000167e-01 0.000000000000000000e+00 0.000000000000000000e+00 0.000000000000000000e+00 0.000000000000000000e+00 0.000000000000000000e+00 4.699185472573058680e+06 7.445655042600735426e+08 1.787333643548551559e+10 3.084834915053639526e+11 2.725623207951014160e+12
