H.M. Lawler and E.L. Shirley, Anharmonic effects on infrared spectra of GaAs and gap:  First-principles calculations, Phys. Rev. B70(2004) 245209 and E.D. Palik, Gallium arsenide (gaas), in Handbook of Optical Constants of Solids, E.D. Palik, ed.,pp. 429–443, Elsevier (1985).
6.913804167632127753e-03 1.304464286665104567e+01 1.120778004830547104e-04
8.441018864668940400e-03 1.307401586301516438e+01 2.153591298499592450e-04
9.532509734215462507e-03 1.309502764283478626e+01 3.076918748118890180e-04
1.106656129801155200e-02 1.313469426685504970e+01 4.725291043551840689e-04
1.250302909528251509e-02 1.317628336359685548e+01 7.122949208298220416e-04
1.382263674478375823e-02 1.329761590688134199e+01 9.608938220776798997e-04
1.497628402545907525e-02 1.340532385535921556e+01 1.435839362018612739e-03
1.615852563814563353e-02 1.351861156607934333e+01 2.622894017512469519e-03
1.675958819968207184e-02 1.357807982911501199e+01 5.676651033280031081e-03
1.693922242600636591e-02 1.359587786657735897e+01 1.213388954313690538e-02
1.725747302555421733e-02 1.362743849035845223e+01 1.302027608496756327e-02
1.779637929994166631e-02 1.368096462610427899e+01 1.119616044378014472e-02
1.839744570485228950e-02 1.377885236925906653e+01 1.006908441716141724e-02
1.904077633191852623e-02 1.389128508395233119e+01 9.474298305147245067e-03
2.039581803172597560e-02 1.412959428850615495e+01 1.102689658235047818e-02
2.151590038174805083e-02 1.443097059277372729e+01 1.313029541142733334e-02
2.238672912950472743e-02 1.472609467749516199e+01 1.646678910139794463e-02
2.334830676070424882e-02 1.505543944331159523e+01 2.099870025475774823e-02
2.401774778423866608e-02 1.529300403460944224e+01 3.040446529455067062e-02
2.461881034577510438e-02 1.551905006758397043e+01 2.535051444953105235e-02
2.526214295651833461e-02 1.576283030572230182e+01 2.414835190014845076e-02
2.586320936142895432e-02 1.599231115152307936e+01 2.689567406345779940e-02
2.659480481241516953e-02 1.642590974087442390e+01 3.129865140771441456e-02
2.756944136124315700e-02 1.732074634158144022e+01 3.832515948947350093e-02
2.866155002219527778e-02 1.835157701894288351e+01 5.140482791284705505e-02
2.989227518035075803e-02 2.055878378211100710e+01 8.412171057484436887e-02
3.119882663977940895e-02 2.534112762298812882e+01 1.536694718422169093e-01
3.184837745801764874e-02 3.024328803075596639e+01 2.813733404395253879e-01
3.256008096799030416e-02 4.171385930649434215e+01 6.546767758138308801e-01
3.316798609935738690e-02 7.529291564326528885e+01 1.907219678216537595e+00
3.359687194427008611e-02 7.474550820270737006e+01 6.101330938704002449e+00
3.375599730603391635e-02 -9.255676679263721951e+01 1.762800257328981957e+01
3.395055188289127640e-02 -7.780114903950828875e+01 4.841790426470405251e+00
3.395676451129470835e-02 -7.673985013640256625e+01 7.416755045985482298e+01
3.434152271747020063e-02 -3.497474109128170738e+01 1.461123449878662584e+01
3.476979188679561739e-02 -1.816324406232835642e+01 4.533651649311617682e+00
3.551692833125617149e-02 -6.429654954710746217e+00 1.656372030680004270e+00
3.600113372053839050e-02 -2.764723017540630767e+00 8.811147959804110918e-01
3.661525148030890520e-02 1.697996252814308882e-01 1.032919029954994405e+00
3.689185651696542945e-02 1.085336422569942227e+00 2.609891590515832083e-01
3.727163916530642357e-02 2.184924453415660661e+00 1.809658199858250327e-01
3.771420643048605664e-02 3.153862720908187089e+00 1.624808061687796346e-01
3.825310700180212936e-02 4.151336247840222704e+00 1.446287789087267739e-01
3.919231235185959700e-02 5.321543431191818385e+00 1.416508612538236733e-01
3.966968459377690631e-02 5.800120542219722175e+00 1.280380136664516777e-01
4.000781783585238144e-02 6.151490702333675564e+00 1.408621191132574391e-01
4.032606855938004886e-02 6.362365634785501989e+00 1.485140824125461279e-01
4.096940290584065447e-02 6.725312531963897555e+00 1.260476554202205890e-01
4.123917107573790014e-02 6.880492795228385638e+00 1.014645579253412172e-01
4.167427326844840713e-02 7.134497363901813216e+00 8.191776707379219702e-02
4.226911762248984628e-02 7.489184234512338278e+00 6.821715529794047939e-02
4.296714727496412506e-02 7.766920239068509701e+00 6.258721574850169278e-02
4.355516604440922562e-02 7.907900411400786922e+00 6.712257866712741106e-02
4.414317725108574120e-02 8.050144863000223694e+00 6.202045578323873293e-02
4.463360270756015075e-02 8.243074695040821354e+00 5.399697203422758329e-02
4.500716528870896127e-02 8.478372553881566631e+00 4.285225124895346988e-02
4.565049591577519106e-02 8.789811963279069218e+00 3.533574893441801534e-02
4.644611888122016086e-02 8.902273859325758210e+00 3.200889199377408845e-02
4.704718330245379054e-02 8.987708737103277556e+00 2.462702900818606808e-02
4.758671195549989824e-02 9.064744405078450029e+00 2.070929061727238424e-02
4.885970703888237177e-02 9.247809518953202357e+00 1.929111723506875611e-02
5.017930811745354575e-02 9.439508468305314537e+00 1.928458891526176056e-02
5.095938810574718314e-02 9.520042693039346915e+00 2.286357099937544671e-02
5.139449798520606683e-02 9.551969352048985229e+00 2.938283492749300257e-02
5.216152463496279840e-02 9.608380685099600527e+00 2.903613092124227718e-02
5.306777900239843110e-02 9.675245251434112959e+00 2.952874066129163727e-02
5.417295030037339032e-02 9.757099374605239461e+00 3.495245574110848741e-02
5.465653517069413853e-02 9.793024172303407937e+00 4.209961551426370796e-02
5.493314008337083637e-02 9.813602365806641359e+00 4.950954900090599048e-02
5.537507554742607946e-02 9.846525170998440046e+00 6.246622313786952263e-02
5.586550484727465654e-02 9.867421499984899924e+00 4.717594174576101446e-02
5.635655082271052996e-02 9.879644946575337983e+00 4.070799126814532432e-02
5.705458047518480874e-02 9.897033674704710293e+00 4.734745195737100065e-02
5.759410528485672809e-02 9.910484244395158626e+00 5.284272557196209585e-02
5.834746204446909779e-02 9.929280873674679597e+00 5.220987833729354849e-02
5.872102462561790137e-02 9.938607992730480234e+00 4.471193715458234019e-02
5.921829079222577091e-02 9.951030478374242705e+00 4.302805801944030450e-02
5.969565919076888494e-02 9.962963120368767633e+00 5.688198827127085438e-02
6.024824105837208593e-02 9.976784700686717855e+00 9.285225007413955289e-02
6.089840483280322542e-02 1.000426856320895652e+01 7.804164228905692557e-02
6.121665939970507425e-02 1.002421085897024255e+01 7.055556396304325795e-02
6.176240055717480831e-02 1.005845396269248049e+01 8.232081432483963346e-02
6.235042688938845917e-02 1.009541556906152060e+01 7.243750269338433689e-02
6.288932746070453883e-02 1.012934873513932388e+01 6.916885979241625682e-02
6.349039188193816852e-02 1.016726328387574263e+01 8.823257309096771417e-02
6.382231633898438616e-02 1.018823107087416524e+01 1.139258496857784436e-01
6.425119846450270955e-02 1.021535565608246010e+01 1.604083898029198541e-01
6.481434403202837591e-02 1.022738007637587110e+01 1.275250097905252789e-01
6.513943534170968386e-02 1.020391096887538396e+01 9.557381318209551280e-02
6.546389113087222600e-02 1.018051217397045782e+01 7.229834646220432981e-02
6.623775849076243838e-02 1.020948629990915890e+01 6.048844226392895845e-02
6.688730558960628847e-02 1.023998521852803734e+01 5.547968077401880388e-02
6.720556387590251313e-02 1.023998860830683988e+01 4.356219400992988183e-02
6.785572380695946426e-02 1.023999416288885200e+01 3.196388291144201116e-02
6.835299753633589104e-02 1.023999716949802341e+01 2.120207006949774431e-02
6.927913826569354061e-02 1.023999928753523925e+01 1.503343545309287002e-02
7.010086778423249565e-02 1.026605144443474948e+01 1.085373696638597570e-02
7.069571201429412921e-02 1.030382723567710102e+01 7.853288265889879494e-03
7.098537410888192123e-02 1.032224743879469742e+01 5.173428208880691270e-03
7.115070825567498813e-02 1.033276874700604608e+01 2.503698838578011232e-03
7.147579212656755832e-02 1.035347161462656906e+01 1.935033875184132912e-03
7.227824811539763916e-02 1.040466445798388229e+01 2.196738936209799084e-03
7.308691673263112420e-02 1.043289998039728594e+01 3.442060497218399524e-03
7.341822067071590574e-02 1.043289998284187092e+01 4.943082270322490639e-03
7.374330441762864952e-02 1.043289998508237026e+01 7.478755448682059513e-03
7.407460847969321582e-02 1.043289998720452338e+01 4.296652111143472660e-03
7.423372999808286465e-02 1.043289998816591613e+01 2.731156129578239406e-03
7.467630098265685967e-02 1.043289999064245954e+01 1.530876497080783678e-03
7.500077177337671763e-02 1.043289999142067437e+01 8.625787503675354890e-04
7.527051725496827772e-02 1.043289999186981021e+01 4.559621478782206511e-04
7.543647192072282237e-02 1.043289999214013086e+01 1.404392825016211510e-04
7.592690493996578915e-02 1.043289999291228121e+01 7.720456972762048320e-05
7.638252926307669000e-02 1.043289999359386222e+01 5.504854281268969294e-05
7.703890938530565113e-02 1.043289999463216411e+01 4.356566603005636339e-05
7.812418688256984878e-02 1.043289999636505172e+01 3.475343353116879311e-05
7.938163155001223825e-02 1.043289999795178424e+01 2.524833994697217276e-05
8.073605645025259958e-02 1.043289999915525712e+01 1.984908377123225637e-05
8.225021594905533584e-02 1.044836512392703298e+01 1.512298016223773559e-05
8.421937156525911850e-02 1.046938256408356338e+01 1.175870359386268990e-05
8.622396408330477990e-02 1.049079992492445257e+01 9.283045575265377688e-06
