# Columns are omega [eV], DoS [eV-1]
8.163265306122448264e-10 1.407449824682204323e-06
1.226871682238506815e-05 2.115281409209476479e-02
2.453661731823952586e-05 4.230422073436487795e-02
4.907241830994844129e-05 8.460703401890509734e-02
6.134031880580290239e-05 1.057584406611752209e-01
7.360821930165734994e-05 1.269098473034453167e-01
9.814402029336627214e-05 1.692126605879855639e-01
1.104119207892207332e-04 1.903640672302556458e-01
1.226798212850751808e-04 2.115154738725257555e-01
1.349477217809296283e-04 2.242984327243632281e-01
1.472156222767840759e-04 2.281867579835779869e-01
1.594835227726385505e-04 2.320750832427926902e-01
1.717514232684930252e-04 2.359634085020074212e-01
1.962872242602019203e-04 2.437400590204369111e-01
2.085551247560563678e-04 2.476283842796516699e-01
2.208230252519108425e-04 2.515167095388664009e-01
2.453588262436197918e-04 2.592933600572958075e-01
2.944304282270375820e-04 2.748466610941547872e-01
3.925736321938732708e-04 3.059532631678726911e-01
4.048415326897276912e-04 3.098415884270873666e-01
4.171094331855821659e-04 3.137299136863020976e-01
4.416452341772910610e-04 3.215065642047316152e-01
4.907168361607089054e-04 3.370598652415905394e-01
5.888600401275445942e-04 3.681664673153083878e-01
7.851464480612159718e-04 4.303796714627440845e-01
7.984462579886710812e-04 4.345950616104840569e-01
8.117460679161261905e-04 4.388104517582239184e-01
8.383456877710365176e-04 4.472412320537038077e-01
8.516454976984916270e-04 4.514566222014437247e-01
8.649453076259468447e-04 4.556720123491836971e-01
8.915449274808571719e-04 4.641027926446635310e-01
9.048447374083122812e-04 4.683181827924035034e-01
9.181445473357674990e-04 4.725335729401434204e-01
9.314443572632226083e-04 4.767489630878833928e-01
9.447441671906778261e-04 4.799768040621125720e-01
9.580439771181329354e-04 4.830800390975644731e-01
9.713437870455881532e-04 4.861832741330163743e-01
9.979434069004983719e-04 4.923897442039202321e-01
1.011243216827953807e-03 4.954929792393721333e-01
1.024543026755408807e-03 4.985962142748240344e-01
1.051142646610319026e-03 5.048026843457279478e-01
1.104341886320139680e-03 5.172156244875355524e-01
1.210740365739780772e-03 5.420415047711508727e-01
1.224040175667235990e-03 5.451447398066027183e-01
1.237339985594691208e-03 5.482479748420546750e-01
1.263939605449601209e-03 5.544544449129584773e-01
1.317138845159421864e-03 5.668673850547660820e-01
1.330438655086877298e-03 5.699706200902180386e-01
1.343738465014332299e-03 5.730738551256698843e-01
1.370338084869242518e-03 5.792803251965736866e-01
1.423537324579063172e-03 5.916932653383814023e-01
1.436837134506518607e-03 5.947965003738333589e-01
1.450136944433973608e-03 5.978997354092853156e-01
1.476736564288883826e-03 6.041062054801890069e-01
1.490036374216339261e-03 6.072094405156410746e-01
1.503336184143794262e-03 6.103126755510929202e-01
1.529935803998704481e-03 6.165191456219967225e-01
1.543235613926159915e-03 6.196223806574486792e-01
1.556535423853614916e-03 6.227256156929006359e-01
1.569835233781069917e-03 6.258288507283524815e-01
1.583135043708525135e-03 6.289320857638044382e-01
1.596434853635980569e-03 6.373425877479711454e-01
1.609734663563435570e-03 6.519555766426403665e-01
1.623034473490890571e-03 6.665685655373098095e-01
1.636334283418345789e-03 6.811815544319792526e-01
1.648752737471279213e-03 6.948261653064445875e-01
1.661171191524212637e-03 7.084707761809102555e-01
1.686008099630079485e-03 7.357599979298411474e-01
1.735681915841813180e-03 7.903384414277031533e-01
1.835029548265280355e-03 8.994953284234268320e-01
2.033724813112214921e-03 1.117809102414874411e+00
2.046143267165148345e-03 1.131453713289340079e+00
2.058561721218081769e-03 1.145098324163805525e+00
2.083398629323948616e-03 1.172387545912736195e+00
2.133072445535681878e-03 1.226965989410598201e+00
2.232420077959149270e-03 1.336122876406321769e+00
2.244838532012083127e-03 1.349767487280787659e+00
2.257256986065016117e-03 1.363412098155253105e+00
2.282093894170882965e-03 1.388882718822361140e+00
2.294512348223815956e-03 1.399799383676126885e+00
2.306930802276749379e-03 1.410716048529892630e+00
2.331767710382616661e-03 1.432549378237424342e+00
2.431115342806083619e-03 1.519882697067550748e+00
2.443290196086536636e-03 1.530585220291452497e+00
2.455465049366988787e-03 1.541287743515353803e+00
2.479814755927893955e-03 1.562692789963156192e+00
2.491989609208346106e-03 1.573395313187057498e+00
2.504164462488798690e-03 1.584097836410958804e+00
2.528514169049703424e-03 1.605502882858761415e+00
2.540689022330156008e-03 1.616205406082662499e+00
2.552863875610608593e-03 1.626907929306563805e+00
2.565038728891060743e-03 1.637610452530464888e+00
2.577213582171513327e-03 1.648312975754366194e+00
2.589388435451965478e-03 1.653803892411534582e+00
2.601563288732418062e-03 1.656651923562528994e+00
2.613738142012870646e-03 1.659499954713523850e+00
2.625912995293322796e-03 1.662347985864518263e+00
2.638087848573775381e-03 1.665196017015512675e+00
2.650262701854227965e-03 1.668044048166507531e+00
2.674612408415132699e-03 1.673740110468496800e+00
2.723311821536942602e-03 1.685132235072475115e+00
2.820710647780562842e-03 1.707916484280431968e+00
2.832885501061014992e-03 1.710764515431426824e+00
2.845060354341467576e-03 1.713612546582421237e+00
2.857235207621919727e-03 1.716460577733415649e+00
2.869410060902372311e-03 1.719308608884410505e+00
2.881584914182824895e-03 1.722156640035404918e+00
2.893759767463277045e-03 1.724589653578038506e+00
2.905934620743729629e-03 1.726390910847625415e+00
2.918109474024182647e-03 1.728192168117212324e+00
2.930284327304635231e-03 1.729993425386799011e+00
2.942459180585087816e-03 1.731794682656386142e+00
2.966808887145992550e-03 1.735397197195559738e+00
3.015508300267802453e-03 1.742602226273906929e+00
3.027683153548254603e-03 1.744403483543493616e+00
3.039858006828707188e-03 1.746204740813080525e+00
3.064207713389611922e-03 1.749807255352254121e+00
3.076382566670064506e-03 1.751608512621841029e+00
3.088557419950516657e-03 1.753409769891427716e+00
3.112907126511422259e-03 1.757012284430601312e+00
3.125081979791874843e-03 1.758813541700188221e+00
3.137256833072327427e-03 1.760614798969775130e+00
3.149431686352780011e-03 1.762416056239361817e+00
3.161606539633232162e-03 1.764217313508948726e+00
3.173781392913684746e-03 1.766018570778535635e+00
3.185956246194137330e-03 1.767819828048122321e+00
3.198131099474589480e-03 1.771498706869509387e+00
3.210305952755042064e-03 1.787965330451053880e+00
3.223512715467094850e-03 1.805827622940386679e+00
3.236719478179148068e-03 1.823689915429719699e+00
3.263133003603254506e-03 1.859414500408385740e+00
3.315960054451467381e-03 1.930863670365717821e+00
3.329166817163520600e-03 1.948725962855051286e+00
3.342373579875573819e-03 1.966588255344383640e+00
3.368787105299680257e-03 2.002312840323050125e+00
3.421614156147892698e-03 2.073762010280382206e+00
3.434820918859945917e-03 2.091624302769715005e+00
3.448027681571999136e-03 2.109486595259048247e+00
3.461234444284052355e-03 2.127348887748381046e+00
3.474441206996105140e-03 2.145211180237713844e+00
3.487647969708158359e-03 2.163073472727046642e+00
3.500854732420211578e-03 2.180935765216379441e+00
3.514061495132264797e-03 2.205749941765285715e+00
3.527268257844318015e-03 2.232713789519240599e+00
3.540475020556370801e-03 2.259677637273195039e+00
3.553681783268424019e-03 2.286641485027150811e+00
3.580095308692530457e-03 2.340569180535060578e+00
3.632922359540743332e-03 2.448424571550881890e+00
3.646129122252796551e-03 2.475388419304837662e+00
3.659335884964849336e-03 2.502352267058792545e+00
3.685749410388956208e-03 2.556279962566703201e+00
3.698956173101008993e-03 2.583243810320658085e+00
3.712162935813062212e-03 2.610207658074613857e+00
3.738576461237168649e-03 2.664135353582523624e+00
3.751783223949221435e-03 2.691099201336478508e+00
3.764989986661275087e-03 2.718063049090433836e+00
3.778196749373328306e-03 2.745026896844389164e+00
3.791403512085381091e-03 2.771990744598344047e+00
3.804610274797433876e-03 2.798954592352298487e+00
3.817817037509487529e-03 2.808093611192163053e+00
3.831023800221540748e-03 2.799266582167478479e+00
3.844230562933593533e-03 2.790439553142794349e+00
3.857437325645646318e-03 2.781612524118110219e+00
3.870644088357699970e-03 2.772785495093425645e+00
3.897057613781805974e-03 2.755131437044056941e+00
3.949884664630019283e-03 2.719823320945318645e+00
3.963091427342072502e-03 2.710996291920634071e+00
3.976298190054125721e-03 2.702169262895949942e+00
4.002711715478232159e-03 2.684515204846580794e+00
4.055538766326444167e-03 2.649207088747842942e+00
4.067864173163976242e-03 2.640969133219450260e+00
4.080189580001507450e-03 2.632731177691056690e+00
4.092514986839038658e-03 2.624493222162664008e+00
4.104840393676569867e-03 2.616255266634271326e+00
4.117165800514101075e-03 2.608017311105877756e+00
4.129491207351632283e-03 2.660588796015019852e+00
4.141816614189164358e-03 2.724070134347486238e+00
4.154142021026695566e-03 2.787551472679952624e+00
4.166467427864226775e-03 2.851032811012418566e+00
4.178792834701757983e-03 2.914514149344884508e+00
4.203443648376820399e-03 3.041476826009817280e+00
4.252745275726946966e-03 3.295402179339686377e+00
4.265070682564479042e-03 3.358883517672157204e+00
4.277396089402011117e-03 3.422364856004623146e+00
4.302046903077073534e-03 3.549327532669555918e+00
4.314372309914604742e-03 3.612808871002022304e+00
4.326697716752135950e-03 3.676290209334488246e+00
4.351348530427199233e-03 3.803252885999420574e+00
4.363673937264730442e-03 3.866734224331886516e+00
4.375999344102261650e-03 3.930215562664353346e+00
4.388324750939792858e-03 3.993696900996819288e+00
4.400650157777324066e-03 4.057178239329285674e+00
4.412975564614856142e-03 4.120659577661751172e+00
4.425300971452387350e-03 4.184140915994217558e+00
4.437626378289918558e-03 4.184344211308983041e+00
4.449951785127449766e-03 4.182459650823960651e+00
4.462277191964980974e-03 4.180575090338940036e+00
4.474602598802512182e-03 4.178690529853918534e+00
4.499253412477575466e-03 4.174921408883875529e+00
4.548555039827700298e-03 4.167383166943789519e+00
4.560880446665232374e-03 4.165498606458768904e+00
4.573205853502763582e-03 4.163614045973746514e+00
4.597856667177825998e-03 4.159844925003704397e+00
4.647158294527952566e-03 4.152306683063618387e+00
4.659483701365484641e-03 4.150422122578597772e+00
4.671809108203015849e-03 4.148537562093575382e+00
4.684134515040547057e-03 4.146653001608554767e+00
4.696459921878079133e-03 4.144768441123532376e+00
4.708785328715610341e-03 4.142883880638511762e+00
4.721110735553141549e-03 4.140999320153490260e+00
4.733436142390672757e-03 4.139161834314685429e+00
4.745761549228203965e-03 4.150951341765537705e+00
4.758086956065735174e-03 4.162740849216389982e+00
4.770412362903267249e-03 4.174530356667242259e+00
4.795063176578329665e-03 4.198109371568947701e+00
4.844364803928455365e-03 4.245267401372356808e+00
4.857722120197587208e-03 4.258043951611559130e+00
4.871079436466719051e-03 4.270820501850761453e+00
4.897794069004983604e-03 4.296373602329166097e+00
4.911151385274115447e-03 4.309150152568367531e+00
4.924508701543248157e-03 4.321926702807569853e+00
4.951223334081511843e-03 4.347479803285973610e+00
4.964580650350644553e-03 4.360256353525176820e+00
4.977937966619776396e-03 4.373032903764379142e+00
4.991295282888908239e-03 4.385809454003580576e+00
5.004652599158040949e-03 4.398586004242783787e+00
5.018009915427172792e-03 4.411362554481986109e+00
5.031367231696304634e-03 4.424139104721187543e+00
5.044724547965437345e-03 4.452766601561672033e+00
5.058081864234569187e-03 4.520522591587328165e+00
5.071439180503701030e-03 4.588278581612984297e+00
5.084796496772833740e-03 4.656034571638645758e+00
5.111511129311097426e-03 4.791546551689958022e+00
5.164940394387626532e-03 5.062570511792592320e+00
5.271798924540683010e-03 5.604618431997851147e+00
5.285156240809814852e-03 5.672374422023507279e+00
5.298513557078946695e-03 5.740130412049163411e+00
5.311870873348079405e-03 5.807886402074823984e+00
5.325228189617211248e-03 5.875642392100481004e+00
5.338585505886343091e-03 5.943398382126137136e+00
5.351942822155475801e-03 6.002371763316331155e+00
5.365300138424607644e-03 6.043466241143479856e+00
5.378657454693739487e-03 6.084560718970628557e+00
5.392014770962872197e-03 6.125655196797779922e+00
5.405372087232004040e-03 6.166749674624929511e+00
5.432086719770268593e-03 6.248938630279229578e+00
5.485515984846796832e-03 6.413316541587827047e+00
5.699233045152910654e-03 7.093943816439033156e+00
5.712346760649561657e-03 7.141081181394979716e+00
5.725460476146212660e-03 7.188218546350925386e+00
5.751687907139515533e-03 7.282493276262820281e+00
5.804142769126119546e-03 7.471042736086607405e+00
5.817256484622770549e-03 7.518180101042553964e+00
5.830370200119421552e-03 7.565317465998499635e+00
5.856597631112724425e-03 7.659592195910395418e+00
5.909052493099329305e-03 7.848141655734181654e+00
5.922166208595980308e-03 7.895279020690128213e+00
5.935279924092631311e-03 7.942416385646074772e+00
5.948393639589282314e-03 7.989553750602019555e+00
5.961507355085934184e-03 8.036691115557969667e+00
5.974621070582586055e-03 8.104236314546559683e+00
5.987734786079237058e-03 8.171870632712259663e+00
6.013962217072539064e-03 8.307139269043657848e+00
6.118871941045748823e-03 8.848213814369263019e+00
6.131985656542399826e-03 8.915848132534964776e+00
6.145099372039050829e-03 8.983482450700662980e+00
6.171326803032353703e-03 9.118751087032066494e+00
6.184440518529004706e-03 9.186385405197771803e+00
6.197554234025655709e-03 9.254019723363470007e+00
6.223781665018957715e-03 9.389288359694869968e+00
6.236895380515608718e-03 9.456922677860569948e+00
6.250009096012259721e-03 9.544740482798667713e+00
6.263122811508910724e-03 9.648402610629490894e+00
6.276236527005562595e-03 9.752064738460319404e+00
6.328691388992167474e-03 1.016671324978361923e+01
6.341805104488818477e-03 1.027037537761444241e+01
6.354918819985469480e-03 1.037403750544526559e+01
6.381146250978772354e-03 1.058136176110691906e+01
6.433601112965377233e-03 1.099601027243021889e+01
6.538510836938586125e-03 1.182530729507681144e+01
6.550743196560715118e-03 1.192200242523619380e+01
6.562975556182844977e-03 1.201869755539557616e+01
6.587440275427103829e-03 1.222605881297338470e+01
6.636369713915621533e-03 1.266480649213801790e+01
6.648602073537750526e-03 1.277449341192917665e+01
6.660834433159880386e-03 1.288418033172033539e+01
6.685299152404139238e-03 1.310355417130265288e+01
6.734228590892656942e-03 1.354230185046728607e+01
6.746460950514785934e-03 1.365198877025844482e+01
6.758693310136915794e-03 1.376167569004960356e+01
6.783158029381174646e-03 1.398104952963192105e+01
6.795390389003303638e-03 1.409073644942307801e+01
6.807622748625433498e-03 1.420042336921423676e+01
6.832087467869692350e-03 1.441979720879655424e+01
6.844319827491821343e-03 1.452948412858771299e+01
6.856552187113951202e-03 1.463917104837887173e+01
6.868784546736080195e-03 1.474885796817002870e+01
6.881016906358210054e-03 1.486470299354438573e+01
6.893249265980339047e-03 1.506572368973271558e+01
6.905481625602468906e-03 1.526674438592104011e+01
6.929946344846727758e-03 1.566878577829769448e+01
6.942178704468856751e-03 1.586980647448602433e+01
6.954411064090986611e-03 1.607082717067435240e+01
6.978875783335245463e-03 1.647286856305100500e+01
7.027805221823763167e-03 1.727695134780431374e+01
7.040037581445892159e-03 1.747797204399264359e+01
7.052269941068022019e-03 1.767899274018096989e+01
7.076734660312280871e-03 1.808103413255762248e+01
7.125664098800798575e-03 1.888511691731093478e+01
7.137896458422927567e-03 1.908613761349926108e+01
7.150128818045057427e-03 1.928715830968759093e+01
7.162361177667186420e-03 1.951313326728669040e+01
7.174593537289316279e-03 1.981305749276297945e+01
7.186825896911445272e-03 2.011298171823926140e+01
7.199058256533575131e-03 2.041290594371555045e+01
7.223522975777833983e-03 2.101275439466811790e+01
7.235755335399962976e-03 2.131267862014440695e+01
7.247987695022092836e-03 2.161260284562069245e+01
7.272452414266351688e-03 2.221245129657326345e+01
7.321381852754869392e-03 2.341214819847840900e+01
7.334646121808599886e-03 2.373737372694081671e+01
7.347910390862329513e-03 2.406259925540320310e+01
7.361174659916060008e-03 2.438782478386558950e+01
7.374438928969789635e-03 2.471305031232797589e+01
7.387703198023519262e-03 2.509350181281798697e+01
7.400967467077250624e-03 2.600199443854261361e+01
7.414231736130981118e-03 2.691048706426723669e+01
7.427496005184710745e-03 2.781897968999180293e+01
7.440760274238441239e-03 2.872747231571636561e+01
7.454024543292170867e-03 2.963596494144093185e+01
7.480553081399631855e-03 3.126959123200954238e+01
7.533610157614552098e-03 3.442740098188712494e+01
7.546874426668281725e-03 3.521685341935650371e+01
7.560138695722012220e-03 3.600630585682588958e+01
7.573402964775741847e-03 3.679575829429527545e+01
7.586667233829472341e-03 3.758521073176471106e+01
7.599931502883203703e-03 3.837466316923414666e+01
7.613195771936933330e-03 3.916411560670352543e+01
7.626460040990662957e-03 4.259417000017058541e+01
7.639724310044393452e-03 4.760745159886792521e+01
7.652988579098123079e-03 5.262073319756525791e+01
7.666252848151852706e-03 5.763401479626260482e+01
7.679517117205583200e-03 6.264729639495994462e+01
7.692781386259313695e-03 6.698496362832878503e+01
7.706045655313044189e-03 5.860408729084723234e+01
7.719309924366774683e-03 6.291808349798365185e+01
7.732574193420504310e-03 6.723207970512007137e+01
7.745838462474233937e-03 7.154607591225648378e+01
7.759102731527964432e-03 7.586007211939289618e+01
7.772367000581694059e-03 7.752049960990926536e+01
7.785631269635423686e-03 7.801578485377572747e+01
7.798895538689155048e-03 7.851107009764220379e+01
7.812159807742885542e-03 7.900635534150869432e+01
7.825424076796615169e-03 7.950164058537515643e+01
7.851952614904074423e-03 8.049221107310805223e+01
7.865216883957805785e-03 8.098749631697451434e+01
7.878481153011535412e-03 8.148278156084097645e+01
7.891745422065265039e-03 8.197806680470742435e+01
7.905009691118996401e-03 8.247335204857391489e+01
7.918273960172726028e-03 8.289003429048196381e+01
7.931538229226455655e-03 8.317229289017191718e+01
7.944802498280187017e-03 8.345455148986185634e+01
7.958066767333916644e-03 8.373681008955182392e+01
7.971331036387646271e-03 8.401906868924176308e+01
7.984595305441377633e-03 8.430132728893173066e+01
8.011123843548836887e-03 8.486584448831166583e+01
8.024388112602568249e-03 8.514810308800161920e+01
8.037652381656297876e-03 8.543036168769157257e+01
8.064180919763757130e-03 8.599487888707147931e+01
8.077445188817486757e-03 8.627713748676143268e+01
8.090709457871216384e-03 8.655939608645138605e+01
8.103973726924947746e-03 8.684165468614133943e+01
8.117237995978677373e-03 8.710624573419957528e+01
8.130502265032407000e-03 8.723357444816551265e+01
8.143766534086136627e-03 8.736090316213145002e+01
8.170295072193597616e-03 8.761556059006333896e+01
8.182677985372805232e-03 8.773442883707141959e+01
8.195060898552014583e-03 8.785329708407950022e+01
8.219826724910433285e-03 8.809103357809567569e+01
8.269358377627267220e-03 8.856650656612802663e+01
8.281741290806476571e-03 8.868537481313610726e+01
8.294124203985684188e-03 8.880424306014418789e+01
8.318890030344101155e-03 8.904197955416034915e+01
8.368421683060933355e-03 8.951745254219268588e+01
8.380804596240142706e-03 8.963632078920078072e+01
8.393187509419350323e-03 8.975518903620886135e+01
8.405570422598557939e-03 8.987405728321692777e+01
8.417953335777767290e-03 8.999292553022502261e+01
8.430336248956976641e-03 9.007861431399072671e+01
8.442719162136184258e-03 9.008738682033001055e+01
8.455102075315391874e-03 9.009615932666932281e+01
8.467484988494601225e-03 9.010493183300863507e+01
8.479867901673810576e-03 9.011370433934793311e+01
8.492250814853018193e-03 9.012247684568723116e+01
8.517016641211433425e-03 9.014002185836584147e+01
8.566548293928267360e-03 9.017511188372306208e+01
8.578931207107476711e-03 9.018388439006236013e+01
8.591314120286684328e-03 9.019265689640165817e+01
8.616079946645101295e-03 9.021020190908026848e+01
8.628462859824310646e-03 9.021897441541956653e+01
8.640845773003518263e-03 9.022774692175887878e+01
8.665611599361935230e-03 9.024529193443747488e+01
8.677994512541144581e-03 9.025406444077678714e+01
8.690377425720352197e-03 9.026283694711609940e+01
8.702760338899558079e-03 9.027160945345538323e+01
8.715143252078767430e-03 9.028038195979469549e+01
8.727526165257976781e-03 9.028915446613400775e+01
8.739909078437184398e-03 9.023167358141211025e+01
8.752291991616392014e-03 9.016518817542178965e+01
8.764674904795601365e-03 9.009870276943148326e+01
8.777057817974810716e-03 9.003221736344116266e+01
8.789440731154018333e-03 8.996573195745085627e+01
8.814206557512435300e-03 8.983276114547022928e+01
8.863738210229269235e-03 8.956681952150897530e+01
8.876121123408478586e-03 8.950033411551866891e+01
8.888504036587684468e-03 8.943384870952834831e+01
8.913269862946101435e-03 8.930087789754773553e+01
8.925652776125310786e-03 8.923439249155741493e+01
8.938035689304518402e-03 8.916790708556709433e+01
8.950418602483726019e-03 8.910142167957680215e+01
8.962801515662935370e-03 8.903493627358648155e+01
8.974940828069662146e-03 8.896975879053995584e+01
8.987080140476390658e-03 8.886536304088357952e+01
8.999219452883117434e-03 8.820062979260870861e+01
9.011358765289845946e-03 8.753589654433382350e+01
9.023498077696572722e-03 8.687116329605895260e+01
9.035637390103301234e-03 8.620643004778408169e+01
9.059916014916754787e-03 8.487696355123433989e+01
9.072055327323483298e-03 8.421223030295946899e+01
9.084194639730210075e-03 8.354749705468458387e+01
9.096333952136938586e-03 8.275214168136645299e+01
9.108473264543665363e-03 8.166471956270730459e+01
9.120612576950392139e-03 8.057729744404818462e+01
9.132751889357120650e-03 7.948987532538903622e+01
9.157030514170575938e-03 7.731503108807075364e+01
9.169169826577302715e-03 7.622760896941161946e+01
9.181309138984031226e-03 7.538320079136738627e+01
9.193448451390758003e-03 7.471060322994371461e+01
9.205587763797484779e-03 7.403800566852005716e+01
9.217727076204213291e-03 7.336540810709641391e+01
9.229866388610940067e-03 7.269281054567274225e+01
9.254145013424395355e-03 7.134761542282541313e+01
9.266284325831122132e-03 7.067501786140175568e+01
9.278423638237850643e-03 7.000242029997809823e+01
9.290562950644577420e-03 6.932982273855444078e+01
9.302702263051305931e-03 6.865722517713076911e+01
9.314841575458032708e-03 6.813170471411174844e+01
9.326980887864761219e-03 6.769049986927736029e+01
9.351259512678213037e-03 6.680809017960865503e+01
9.363398825084939814e-03 6.636688533477435215e+01
9.375538137491666590e-03 6.592568048993996399e+01
9.399816762305121878e-03 6.504327080027120189e+01
9.448374011932032454e-03 6.327845142093366348e+01
9.460513324338759231e-03 6.283724657609927533e+01
9.472652636745486007e-03 6.239604173126488718e+01
9.496931261558941295e-03 6.151363204159611797e+01
9.509070573965669806e-03 6.107242719676173692e+01
9.521209886372396583e-03 6.063122235192735587e+01
9.545488511185851871e-03 5.974881266225858667e+01
9.557627823592578648e-03 5.930760781742420562e+01
9.569767135999307159e-03 5.886826623639085199e+01
9.581906448406033935e-03 5.861595115040385906e+01
9.594045760812762447e-03 5.836363606441686613e+01
9.606185073219489223e-03 5.811132097842987321e+01
9.618324385626216000e-03 5.785900589244287318e+01
9.642603010439671288e-03 5.735437572046888732e+01
9.654742322846399799e-03 5.710206063448189440e+01
9.666881635253126576e-03 5.684974554849489436e+01
9.691160260066581864e-03 5.634511537652091562e+01
9.703299572473308640e-03 5.609280029053391559e+01
9.715438884880037151e-03 5.584048520454692266e+01
9.739717509693492439e-03 5.533585503257293681e+01
9.752888731531818983e-03 5.506209175345594531e+01
9.766059953370147262e-03 5.478832847433891828e+01
9.779231175208477275e-03 5.431325075588839724e+01
9.792402397046803819e-03 5.247485295914711401e+01
9.805573618885132098e-03 5.063645516240558919e+01
9.818744840723462111e-03 4.879805736566405727e+01
9.831916062561788655e-03 4.695965956892278825e+01
9.845087284400116934e-03 4.616639643625629219e+01
9.858258506238446947e-03 4.555483969783891496e+01
9.871429728076773491e-03 4.494328295942161589e+01
9.884600949915101770e-03 4.433172622100422444e+01
9.897772171753431783e-03 4.372016948258684010e+01
9.910943393591758327e-03 4.310861274416954103e+01
9.924114615430086606e-03 3.902637641258595380e+01
9.937285837268416619e-03 3.487434096959772489e+01
9.950457059106743163e-03 3.458127750376485210e+01
9.963628280945069707e-03 3.428821403793197931e+01
9.976799502783399720e-03 3.399515057209907098e+01
1.000314194646005454e-02 3.340902364043328987e+01
1.005582683381336592e-02 3.223676977710172764e+01
1.006899805565169420e-02 3.194370631126886195e+01
1.008216927749002248e-02 3.165064284543595008e+01
1.010851172116667904e-02 3.106451591377017252e+01
1.012168294300500732e-02 3.077145244793726064e+01
1.013485416484333559e-02 3.047838898210435232e+01
1.014802538668166387e-02 3.018532551627148308e+01
1.016119660851999215e-02 3.007001487656271621e+01
1.017436783035832043e-02 3.003716168025995614e+01
1.018753905219664871e-02 3.000430848395719607e+01
1.021388149587330527e-02 2.993860209135167949e+01
1.026656638322661838e-02 2.980718930614064277e+01
1.027973760506494492e-02 2.977433610983788270e+01
1.029290882690327320e-02 2.974148291353512263e+01
1.031925127057992976e-02 2.967577652092960605e+01
1.037193615793324114e-02 2.954436373571856933e+01
1.038510737977156942e-02 2.951151053941581637e+01
1.039827860160989770e-02 2.947865734311305275e+01
1.041144982344822598e-02 2.944580414681029268e+01
1.042462104528655426e-02 2.941295095050753616e+01
1.043779226712488253e-02 2.938009775420477609e+01
1.045096348896321081e-02 2.934724455790201603e+01
1.046413471080153909e-02 2.930689671959434506e+01
1.047730593263986737e-02 2.924787886481291466e+01
1.049047715447819565e-02 2.918886101003148781e+01
1.050364837631652393e-02 2.912984315525006096e+01
1.052999081999318048e-02 2.901180744568720371e+01
1.058267570734649360e-02 2.877573602656149632e+01
1.059496557331029987e-02 2.872066736750782923e+01
1.060725543927410613e-02 2.866559870845415858e+01
1.063183517120171867e-02 2.855546139034682085e+01
1.068099463505694374e-02 2.833518675413214538e+01
1.069328450102075001e-02 2.828011809507847474e+01
1.070557436698455628e-02 2.822504943602480409e+01
1.071786423294836428e-02 2.816998077697113700e+01
1.073015409891217055e-02 2.811491211791746636e+01
1.074244396487597682e-02 2.805984345886379927e+01
1.075473383083978308e-02 2.800477479981013218e+01
1.076702369680358935e-02 2.794970614075646154e+01
1.077931356276739562e-02 2.793024937186394752e+01
1.079160342873120189e-02 2.791728661849898430e+01
1.080389329469500816e-02 2.790432386513402108e+01
1.082847302662262069e-02 2.787839835840409819e+01
1.087763249047784750e-02 2.782654734494424176e+01
1.097595141818829764e-02 2.772284531802454310e+01
1.098824128415210391e-02 2.770988256465957988e+01
1.100053115011590844e-02 2.769691981129462022e+01
1.102511088204352098e-02 2.767099430456469378e+01
1.103740074800732725e-02 2.765803155119973056e+01
1.104969061397113352e-02 2.764506879783476734e+01
1.106198047993493978e-02 2.763210604446980767e+01
1.107427034589874605e-02 2.761914329110484090e+01
1.108656021186255232e-02 2.759688881029811114e+01
1.109885007782636032e-02 2.757223010301037647e+01
1.112342980975397286e-02 2.752291268843491068e+01
1.117258927360919793e-02 2.742427785928397910e+01
1.118487913957300420e-02 2.739961915199624443e+01
1.119716900553681047e-02 2.737496044470850975e+01
1.122174873746442300e-02 2.732564303013304396e+01
1.123403860342823100e-02 2.730098432284530929e+01
1.124632846939203727e-02 2.727632561555757817e+01
1.127090820131964981e-02 2.722700820098210883e+01
1.128319806728345608e-02 2.720234949369437771e+01
1.129548793324726234e-02 2.717769078640664659e+01
1.130777779921106861e-02 2.715303207911890837e+01
1.132006766517487488e-02 2.714827499793060639e+01
1.133235753113868115e-02 2.715300279319709986e+01
1.134464739710248742e-02 2.715773058846359689e+01
1.136922712903010169e-02 2.716718617899658383e+01
1.138254890442550946e-02 2.717231094006730530e+01
1.139587067982091549e-02 2.717743570113803031e+01
1.142251423061172930e-02 2.718768522327946968e+01
1.147580133219335864e-02 2.720818426756236263e+01
1.158237553535661560e-02 2.724943248191973311e+01
1.159569731075202337e-02 2.725478434153289697e+01
1.160901908614742940e-02 2.726013620114605729e+01
1.163566263693824321e-02 2.727083992037238147e+01
1.168894973851987082e-02 2.729224735882502628e+01
1.170227151391527859e-02 2.729759921843819015e+01
1.171559328931068462e-02 2.730295107805135046e+01
1.174223684010149843e-02 2.731365479727767465e+01
1.175555861549690620e-02 2.731900665689083496e+01
1.176888039089231397e-02 2.732435851650399528e+01
1.178220216628772174e-02 2.732971037611715914e+01
1.179552394168312777e-02 2.733451622812292925e+01
1.180884571707853381e-02 2.732871826177301600e+01
1.182216749247394158e-02 2.732292029542309919e+01
1.184881104326475712e-02 2.731132436272326913e+01
1.190209814484638473e-02 2.728813249732360902e+01
1.191541992024179250e-02 2.728233453097369221e+01
1.192874169563719854e-02 2.727653656462377896e+01
1.195538524642801234e-02 2.726494063192394890e+01
1.200867234800963995e-02 2.724174876652428878e+01
1.202199412340504772e-02 2.723595080017437198e+01
1.203531589880045376e-02 2.723015283382445872e+01
1.206195944959126756e-02 2.721855690112462867e+01
1.207528122498667533e-02 2.721275893477471186e+01
1.208860300038208310e-02 2.720696096842479861e+01
1.210192477577749087e-02 2.720116300207488180e+01
1.211524655117289691e-02 2.719536503572496855e+01
1.212856832656830294e-02 2.717294978456429178e+01
1.214189010196371071e-02 2.714617690416582718e+01
1.216853365275452625e-02 2.709263114336889089e+01
1.222182075433615386e-02 2.698553962177503251e+01
1.223489892895908079e-02 2.695925630783096238e+01
1.224797710358200599e-02 2.693297299388689581e+01
1.227413345282785812e-02 2.688040636599876265e+01
1.228721162745078331e-02 2.685412305205469607e+01
1.230028980207371024e-02 2.682783973811062239e+01
1.232644615131956237e-02 2.677527311022248924e+01
1.233952432594248756e-02 2.674898979627842266e+01
1.235260250056541449e-02 2.672270648233435608e+01
1.236568067518833969e-02 2.669642316839028595e+01
1.237875884981126662e-02 2.667013985444621937e+01
1.239183702443419181e-02 2.664385654050214924e+01
1.240491519905711874e-02 2.661757322655808267e+01
1.241799337368004394e-02 2.660770399616923498e+01
1.243107154830297260e-02 2.661076333888706813e+01
1.244414972292589953e-02 2.661382268160490128e+01
1.245722789754882646e-02 2.661688202432273798e+01
1.248338424679467859e-02 2.662300070975840072e+01
1.253569694528638284e-02 2.663523808062973330e+01
1.254877511990930804e-02 2.663829742334756645e+01
1.256185329453223497e-02 2.664135676606539960e+01
1.258800964377808709e-02 2.664747545150106944e+01
1.264032234226979134e-02 2.665971282237240203e+01
1.265340051689271654e-02 2.666277216509023518e+01
1.266647869151564347e-02 2.666583150780806832e+01
1.267955686613856867e-02 2.666889085052590147e+01
1.269263504076149560e-02 2.667195019324373462e+01
1.270571321538442079e-02 2.667500953596156776e+01
1.271879139000734772e-02 2.667824748729310969e+01
1.273186956463027292e-02 2.668606151733795429e+01
1.274494773925319985e-02 2.669387554738279533e+01
1.275802591387612504e-02 2.670168957742763638e+01
1.277110408849905197e-02 2.670950360747247743e+01
1.279726043774490410e-02 2.672513166756216307e+01
1.284957313623661009e-02 2.675638778774153081e+01
1.286265131085953702e-02 2.676420181778637541e+01
1.287572948548246395e-02 2.677201584783121646e+01
1.290188583472831607e-02 2.678764390792090211e+01
1.291496400935124127e-02 2.679545793796574316e+01
1.292804218397416646e-02 2.680327196801058420e+01
1.295419853322001859e-02 2.681890002810026985e+01
1.296727670784294552e-02 2.682671405814511090e+01
1.298035488246587071e-02 2.683452808818995194e+01
1.299343305708879764e-02 2.684234211823479654e+01
1.300651123171172284e-02 2.686534142825770743e+01
1.301958940633464977e-02 2.690473068748600127e+01
1.303266758095757497e-02 2.694411994671429156e+01
1.305882393020342709e-02 2.702289846517088279e+01
1.307102074895183201e-02 2.705963322895046730e+01
1.308321756770023693e-02 2.709636799273006247e+01
1.310761120519704503e-02 2.716983752028923860e+01
1.315639848019066298e-02 2.731677657540759796e+01
1.316859529893906790e-02 2.735351133918718247e+01
1.318079211768747282e-02 2.739024610296677409e+01
1.320518575518428092e-02 2.746371563052595377e+01
1.325397303017789886e-02 2.761065468564430603e+01
1.326616984892630378e-02 2.764738944942389764e+01
1.327836666767470697e-02 2.768412421320348571e+01
1.330276030517151507e-02 2.775759374076266184e+01
1.331495712391991826e-02 2.779432850454224635e+01
1.332715394266832318e-02 2.783106326832183797e+01
1.333935076141672810e-02 2.786779803210142958e+01
1.335154758016513302e-02 2.791412799075601825e+01
1.336374439891353620e-02 2.798623922900907957e+01
1.337594121766194112e-02 2.805835046726214443e+01
1.340033485515875096e-02 2.820257294376826707e+01
1.344912213015236890e-02 2.849101789678051588e+01
1.346131894890077209e-02 2.856312913503357009e+01
1.347351576764917701e-02 2.863524037328663852e+01
1.349790940514598685e-02 2.877946284979275759e+01
1.354669668013960479e-02 2.906790780280500641e+01
1.355889349888800798e-02 2.914001904105806418e+01
1.357109031763641289e-02 2.921213027931112904e+01
1.359548395513322273e-02 2.935635275581725168e+01
1.360768077388162592e-02 2.942846399407030944e+01
1.361987759263002910e-02 2.950057523232336720e+01
1.363207441137843402e-02 2.957268647057642141e+01
1.364427123012683894e-02 2.964479770882948984e+01
1.365646804887524386e-02 2.967835125361291304e+01
1.366866486762364705e-02 2.971107894985893694e+01
1.369305850512045515e-02 2.977653434235097762e+01
1.374184578011407309e-02 2.990744512733506966e+01
1.383942033010130898e-02 3.016926669730325372e+01
1.385264905828131367e-02 3.020476331380032420e+01
1.386587778646131836e-02 3.024025993029739823e+01
1.389233524282132946e-02 3.031125316329153918e+01
1.390556397100133415e-02 3.034674977978860966e+01
1.391879269918133884e-02 3.038224639628568369e+01
1.393202142736134352e-02 3.041774301278275416e+01
1.394525015554134821e-02 3.045323962927982464e+01
1.395847888372135290e-02 3.043885730410001500e+01
1.397170761190135932e-02 3.041905263093999778e+01
1.399816506826136869e-02 3.037944328461995980e+01
1.405107998098139091e-02 3.030022459197988738e+01
1.406430870916139560e-02 3.028041991881986661e+01
1.407753743734140202e-02 3.026061524565984939e+01
1.410399489370141139e-02 3.022100589933981141e+01
1.411722362188141781e-02 3.020120122617979419e+01
1.413045235006142250e-02 3.018139655301977342e+01
1.415690980642143187e-02 3.014178720669973544e+01
1.417013853460143656e-02 3.012198253353972177e+01
1.418336726278144125e-02 3.010217786037970100e+01
1.419659599096144767e-02 3.008237318721968379e+01
1.420982471914145236e-02 3.006256851405966657e+01
1.422305344732145704e-02 3.004276384089964935e+01
1.423628217550146173e-02 2.967898569201365433e+01
1.424951090368146642e-02 2.904705098875966485e+01
1.426273963186147110e-02 2.841511628550568247e+01
1.427596836004147753e-02 2.778318158225169654e+01
1.428919708822148221e-02 2.715124687899771061e+01
1.431565454458149159e-02 2.588737747248974586e+01
1.432888327276149627e-02 2.525544276923575637e+01
1.434211200094150096e-02 2.462350806598177400e+01
1.435534072912150738e-02 2.399157336272778807e+01
1.436856945730151207e-02 2.295608710627609383e+01
1.438179818548151676e-02 2.160910117108612027e+01
1.439502691366152144e-02 2.026211523589614671e+01
1.442148437002153082e-02 1.756814336551620315e+01
1.443471309820153724e-02 1.622115743032622959e+01
1.444794182638154192e-02 1.487417149513625603e+01
1.446117055456154835e-02 1.352718555994610483e+01
1.447439928274155303e-02 1.292716829921690191e+01
1.448762801092155772e-02 1.235799398597831456e+01
1.450085673910156414e-02 1.178881967273965081e+01
1.452731419546157525e-02 1.065047104626247609e+01
1.458022910818159400e-02 8.735824021138755668e+00
1.459345783636160042e-02 8.322961735742911316e+00
1.460668656454160511e-02 7.910099450347065186e+00
1.463314402090161448e-02 7.084374879555375593e+00
1.468605893362163496e-02 5.432925737971996405e+00
1.469840630592711937e-02 5.047570148280403401e+00
1.471075367823260205e-02 4.662214558588864577e+00
1.473544842284356914e-02 3.891503379205732749e+00
1.474779579514905181e-02 3.506147789514139301e+00
1.476014316745453449e-02 3.120792199822600921e+00
1.477249053976001716e-02 2.735436610131063428e+00
1.478483791206550158e-02 2.350081020439469537e+00
1.479718528437098599e-02 2.342151525484831520e+00
1.480953265667646866e-02 2.341218677948384563e+00
1.482188002898195134e-02 2.340285830411937606e+00
1.483422740128743575e-02 2.339352982875490650e+00
1.484657477359291843e-02 2.338420135339043693e+00
1.485892214589840110e-02 2.337487287802596736e+00
1.488361689050936819e-02 2.335621592729702822e+00
1.489596426281485086e-02 2.334688745193256310e+00
1.490831163512033528e-02 2.333755897656808909e+00
1.493300637973130063e-02 2.331890202583915439e+00
1.498239586895323307e-02 2.328158812438127612e+00
1.499474324125871748e-02 2.327225964901680211e+00
1.500709061356420015e-02 2.326293117365233698e+00
1.503178535817516724e-02 2.324427422292339340e+00
1.504413273048065165e-02 2.323494574755892828e+00
1.505648010278613433e-02 2.322561727219445427e+00
1.506882747509161700e-02 2.321628879682998914e+00
1.508117484739710142e-02 2.320696032146551513e+00
1.509352221970258583e-02 2.319063439028535623e+00
1.510586959200806850e-02 2.306993995487064186e+00
1.511821696431355118e-02 2.294924551945592750e+00
1.513056433661903559e-02 2.282855108404119537e+00
1.514291170892452000e-02 2.270785664862646769e+00
1.515525908123000094e-02 2.258716221321175333e+00
1.517995382584096803e-02 2.234577334238231128e+00
1.519230119814645244e-02 2.222507890696757915e+00
1.520464857045193512e-02 2.210438447155286035e+00
1.522934331506290220e-02 2.186299560072341830e+00
1.527873280428483464e-02 2.138021785906454753e+00
1.529108017659031732e-02 2.125952342364983760e+00
1.530342754889580173e-02 2.113882898823510548e+00
1.532812229350676708e-02 2.089744011740567675e+00
1.534046966581225149e-02 2.077674568199094907e+00
1.535281703811773243e-02 2.065605124657623470e+00
1.536516441042321511e-02 2.053535681116152034e+00
1.537751178272869952e-02 2.041466237574679266e+00
1.538985915503418393e-02 2.029396794033206053e+00
1.540220652733966661e-02 2.028918142116623358e+00
1.541455389964514928e-02 2.106411606295094607e+00
1.542690127195063370e-02 2.183905070473577403e+00
1.543924864425611811e-02 2.261398534652059755e+00
1.545159601656160078e-02 2.338891998830531005e+00
1.547629076117256787e-02 2.493878927187484607e+00
1.548967004290965205e-02 2.577848768249620726e+00
1.550304932464673623e-02 2.661818609311756401e+00
1.552980788812090285e-02 2.829758291436028195e+00
1.558332501506923956e-02 3.165637655684571339e+00
1.559670429680632200e-02 3.249607496746707458e+00
1.561008357854340618e-02 3.333577337808843133e+00
1.563684214201757627e-02 3.501517019933114927e+00
1.565022142375465872e-02 3.585486860995251046e+00
1.566360070549174116e-02 3.669456702057386721e+00
1.567697998722882707e-02 3.753426543119522840e+00
1.569035926896591299e-02 3.837396384181670062e+00
1.570373855070299890e-02 3.921366225243816395e+00
1.571711783244008134e-02 3.944453645711404999e+00
1.573049711417716726e-02 3.947583425618185871e+00
1.574387639591424970e-02 3.950713205524966742e+00
1.575725567765133214e-02 3.953842985431747614e+00
1.577063495938841806e-02 3.956972765338528930e+00
1.579739352286258641e-02 3.963232325152090674e+00
1.581077280459966886e-02 3.966362105058871546e+00
1.582415208633675130e-02 3.969491884965652417e+00
1.585091064981091966e-02 3.975751444779213717e+00
1.590442777675925637e-02 3.988270564406338092e+00
1.591780705849633881e-02 3.991400344313118964e+00
1.593118634023342473e-02 3.994530124219899392e+00
1.595794490370759308e-02 4.000789684033461135e+00
1.597132418544467553e-02 4.003919463940242451e+00
1.598470346718176144e-02 4.007049243847022879e+00
1.599808274891884388e-02 4.010179023753804195e+00
1.601146203065592633e-02 4.013308803660585511e+00
1.602484131239301224e-02 4.026946283907192559e+00
1.603822059413009468e-02 4.043889927663802730e+00
1.606497915760426304e-02 4.077777215177021297e+00
1.611849628455259975e-02 4.145551790203459319e+00
1.613187556628968219e-02 4.162495433960067714e+00
1.614525484802676811e-02 4.179439077716677886e+00
1.617201341150093646e-02 4.213326365229896453e+00
1.622553053844926971e-02 4.281100940256334475e+00
1.623890982018635562e-02 4.298044584012942870e+00
1.625228910192343806e-02 4.314988227769553042e+00
1.627904766539760642e-02 4.348875515282771609e+00
1.629242694713468886e-02 4.365819159039380892e+00
1.630580622887177478e-02 4.382762802795990176e+00
1.631918551060886069e-02 4.399706446552604788e+00
1.633256479234594660e-02 4.423421401610885262e+00
1.634570047331055168e-02 4.448542157150446208e+00
1.635883615427515328e-02 4.473662912690000049e+00
1.638510751620435649e-02 4.523904423769106842e+00
1.643765024006277331e-02 4.624387445927335527e+00
1.645078592102737491e-02 4.649508201466889368e+00
1.646392160199197652e-02 4.674628957006443208e+00
1.649019296392118666e-02 4.724870468085557107e+00
1.654273568777959655e-02 4.825353490243778687e+00
1.655587136874419815e-02 4.850474245783332528e+00
1.656900704970880323e-02 4.875595001322886368e+00
1.658214273067340483e-02 4.900715756862441097e+00
1.659527841163800990e-02 4.925836512402000267e+00
1.660841409260261498e-02 4.950957267941561213e+00
1.662154977356721658e-02 4.976078023481115054e+00
1.663468545453181818e-02 4.984755120683588281e+00
1.664782113549642326e-02 4.969209017020113528e+00
1.666095681646102486e-02 4.953662913356638775e+00
1.667409249742562646e-02 4.938116809693163134e+00
1.670036385935483314e-02 4.907024602366209187e+00
1.675290658321324649e-02 4.844840187712305735e+00
1.676604226417784810e-02 4.829294084048830094e+00
1.677917794514244970e-02 4.813747980385355341e+00
1.680544930707165985e-02 4.782655773058401394e+00
1.685799203093006973e-02 4.720471358404496165e+00
1.687112771189467134e-02 4.704925254741022300e+00
1.688426339285927641e-02 4.689379151077546659e+00
1.689739907382387801e-02 4.673833047414071906e+00
1.691053475478848309e-02 4.658286943750592712e+00
1.692367043575308816e-02 4.642740840087113519e+00
1.693680611671768976e-02 4.627194736423638766e+00
1.694994179768229137e-02 4.619260397020481967e+00
1.696307747864689644e-02 4.611609076859769729e+00
1.697621315961149804e-02 4.603957756699058379e+00
1.698934884057609965e-02 4.596306436538346141e+00
1.701562020250530632e-02 4.581003796216919888e+00
1.706816292636371968e-02 4.550398515574070935e+00
1.708129860732832128e-02 4.542747195413358696e+00
1.709443428829292289e-02 4.535095875252646458e+00
1.712070565022213303e-02 4.519793234931221093e+00
1.717324837408054292e-02 4.489187954288372140e+00
1.718550269917062598e-02 4.482050009565876181e+00
1.719775702426070557e-02 4.474912064843382886e+00
1.721001134935078516e-02 4.467774120120888703e+00
1.722226567444086823e-02 4.460636175398392744e+00
1.723451999953095476e-02 4.453498230675896785e+00
1.724677432462103435e-02 4.448692345069323650e+00
1.725902864971111395e-02 4.458234513711113678e+00
1.727128297480119701e-02 4.467776682352905482e+00
1.728353729989128007e-02 4.477318850994697286e+00
1.729579162498135966e-02 4.486861019636486425e+00
1.732030027516152232e-02 4.505945356920069145e+00
1.736931757552184416e-02 4.544114031487229255e+00
1.738157190061192375e-02 4.553656200129019282e+00
1.739382622570200682e-02 4.563198368770811086e+00
1.741833487588216600e-02 4.582282706054390253e+00
1.743058920097224906e-02 4.591824874696182057e+00
1.744284352606232866e-02 4.601367043337971197e+00
1.746735217624249131e-02 4.620451380621553916e+00
1.747960650133257784e-02 4.629993549263345720e+00
1.749186082642265744e-02 4.639535717905134860e+00
1.750411515151273703e-02 4.649077886546923999e+00
1.751636947660282009e-02 4.658620055188716691e+00
1.752862380169290316e-02 4.668162223830508495e+00
1.754087812678298275e-02 4.677704392472298522e+00
1.755313245187306234e-02 4.688389199658626438e+00
1.756538677696314540e-02 4.723094438989886790e+00
1.757764110205322847e-02 4.757799678321147141e+00
1.758989542714330806e-02 4.792504917652396834e+00
1.761440407732347072e-02 4.861915396314907767e+00
1.766342137768379603e-02 5.000736353639928744e+00
1.767567570277387909e-02 5.035441592971188207e+00
1.768793002786395868e-02 5.070146832302438789e+00
1.771243867804412481e-02 5.139557310964949721e+00
1.776145597840445012e-02 5.278378268289970698e+00
1.777371030349453318e-02 5.313083507621230162e+00
1.778596462858461277e-02 5.347788746952480743e+00
1.781047327876477543e-02 5.417199225614991676e+00
1.782272760385485849e-02 5.451904464946251139e+00
1.783498192894493808e-02 5.486609704277500832e+00
1.784723625403501768e-02 5.521314943608751413e+00
1.785949057912510074e-02 5.556020182940010876e+00
1.787174490421518380e-02 5.573402513137508230e+00
1.788399922930526340e-02 5.590504227781908142e+00
1.790850787948542605e-02 5.624707657070713296e+00
1.795752517984575136e-02 5.693114515648318275e+00
1.797081141436743246e-02 5.711656327605987293e+00
1.798409764888911355e-02 5.730198139563650095e+00
1.801067011793247921e-02 5.767281763478987244e+00
1.806381505601921053e-02 5.841449011309661543e+00
1.807710129054089163e-02 5.859990823267330562e+00
1.809038752506257619e-02 5.878532635224998693e+00
1.811695999410593838e-02 5.915616259140331401e+00
1.813024622862761948e-02 5.934158071098000420e+00
1.814353246314930057e-02 5.952699883055663221e+00
1.815681869767098167e-02 5.971241695013332240e+00
1.817010493219266623e-02 5.988220665136091192e+00
1.818339116671434733e-02 5.999900167981091492e+00
1.819667740123603189e-02 6.011579670826092681e+00
1.822324987027939408e-02 6.034938676516090617e+00
1.827639480836612193e-02 6.081656687896090041e+00
1.838268468453957763e-02 6.175092710656089778e+00
1.839597091906125872e-02 6.186772213501090967e+00
1.840925715358294329e-02 6.198451716346091267e+00
1.842254338810462092e-02 6.210131219191088903e+00
1.843582962262630548e-02 6.221810722036090091e+00
1.844911585714798657e-02 6.233490224881090391e+00
1.846240209166966767e-02 6.245169727726088027e+00
1.847568832619134876e-02 6.257712528379667738e+00
1.848897456071303333e-02 6.279687202360482168e+00
1.850226079523471442e-02 6.301661876341298374e+00
1.851554702975639899e-02 6.323636550322113692e+00
1.854211949879976118e-02 6.367585898283738111e+00
1.859526443688648903e-02 6.455484594206994053e+00
1.860855067140817012e-02 6.477459268187810260e+00
1.862183690592985469e-02 6.499433942168625578e+00
1.864840937497321688e-02 6.543383290130249996e+00
1.866169560949489797e-02 6.565357964111066202e+00
1.867498184401657907e-02 6.587332638091876191e+00
1.870155431305994473e-02 6.631281986053505939e+00
1.871484054758162582e-02 6.653256660034322145e+00
1.872812678210331039e-02 6.675231334015137463e+00
1.874141301662498801e-02 6.697206007995946564e+00
1.875469925114667258e-02 6.719180681976762770e+00
1.876798548566835367e-02 6.741155355957578088e+00
1.878127172019003477e-02 6.763130029938388077e+00
1.879455795471171586e-02 6.755747024008587509e+00
1.880784418923340043e-02 6.746866878259877076e+00
1.960175642265165816e-02 7.590726407919489382e+00
1.961391770052633640e-02 7.602986924785489542e+00
1.962607897840101812e-02 7.615247441651491478e+00
1.965040153415037807e-02 7.639768475383490909e+00
1.966256281202505632e-02 7.652028992249490180e+00
1.967472408989973456e-02 7.664289509115489452e+00
1.968688536777441281e-02 7.676550025981489611e+00
1.969904664564909105e-02 7.688810542847487994e+00
1.971120792352376930e-02 7.709328395269502643e+00
1.972336920139844754e-02 7.736179249610859010e+00
1.974769175714781097e-02 7.789880958293579738e+00
1.979633686864652742e-02 7.897284375659014977e+00
1.980849814652120566e-02 7.924135230000371344e+00
1.982065942439588391e-02 7.950986084341728599e+00
1.984498198014524734e-02 8.004687793024450215e+00
1.989362709164396378e-02 8.112091210389884566e+00
1.990578836951864203e-02 8.138942064731240933e+00
1.991794964739332027e-02 8.165792919072597300e+00
1.994227220314268023e-02 8.219494627755310034e+00
1.999091731464139668e-02 8.326898045120744385e+00
2.000307859251607492e-02 8.353748899462100752e+00
2.001523987039075664e-02 8.380599753803466001e+00
2.002740114826543835e-02 8.407450608144822368e+00
2.003956242614011660e-02 8.434301462486178735e+00
2.005172370401479484e-02 8.461152316827536879e+00
2.006388498188947309e-02 8.485188770595113894e+00
2.007604625976415133e-02 8.481514228189359628e+00
2.008820753763882958e-02 8.477839685783601809e+00
2.010036881551350782e-02 8.474165143377847542e+00
2.011253009338818953e-02 8.470490600972091499e+00
2.013685264913754949e-02 8.463141516160581190e+00
2.018549776063626594e-02 8.448443346537560572e+00
2.019765903851094418e-02 8.444768804131804529e+00
2.020982031638562590e-02 8.441094261726050263e+00
2.023414287213498586e-02 8.433745176914539954e+00
2.024630415000966410e-02 8.430070634508783911e+00
2.025846542788434582e-02 8.426396092103027868e+00
2.028278798363370231e-02 8.419047007291517559e+00
2.029494926150838402e-02 8.415372464885763293e+00
2.030711053938306226e-02 8.411697922480007250e+00
2.031927181725774051e-02 8.408023380074252984e+00
2.033143309513241875e-02 8.404348837668496941e+00
2.034359437300709700e-02 8.400674295262740898e+00
2.035575565088177524e-02 8.400087546235209146e+00
2.036791692875645696e-02 8.454203896154476539e+00
2.038007820663113520e-02 8.508320246073726167e+00
2.039327139393741842e-02 8.567028479548392639e+00
2.040646458124369816e-02 8.625736713023044899e+00
2.043285095585625766e-02 8.743153179972367184e+00
2.048562370508137664e-02 8.977986113871008200e+00
2.049881689238765986e-02 9.036694347345678224e+00
2.051201007969393614e-02 9.095402580820330485e+00
2.053839645430649910e-02 9.212819047769649217e+00
2.059116920353161809e-02 9.447651981668293786e+00
2.060436239083789783e-02 9.506360215142960257e+00
2.061755557814417758e-02 9.565068448617612518e+00
2.063074876545045733e-02 9.623776682092266554e+00
2.064394195275673707e-02 9.682484915566934802e+00
2.065713514006302029e-02 9.741193149041603050e+00
2.067032832736929657e-02 9.770936410548495488e+00
2.068352151467557631e-02 9.784318366375325482e+00
2.069671470198185953e-02 9.797700322202159029e+00
2.070990788928813928e-02 9.811082278028990800e+00
2.072310107659441902e-02 9.824464233855819018e+00
2.074948745120697852e-02 9.851228145509480782e+00
2.080226020043209750e-02 9.904755968816804312e+00
2.081545338773838072e-02 9.918137924643636083e+00
2.082864657504465700e-02 9.931519880470466077e+00
2.085503294965721996e-02 9.958283792124126066e+00
2.086822613696349971e-02 9.971665747950959613e+00
2.088141932426977945e-02 9.985047703777787831e+00
2.090780569888233895e-02 1.001181161543144960e+01
2.092099888618862216e-02 1.002519357125828137e+01
2.093419207349489844e-02 1.003857552708511136e+01
2.094738526080117819e-02 1.005195748291193958e+01
2.096057844810745793e-02 1.006533943873877313e+01
2.097377163541374115e-02 1.007872139456560490e+01
2.098696482272002090e-02 1.009410209437217887e+01
2.100015801002629717e-02 1.011933282538655909e+01
2.101335119733258039e-02 1.014456355640094820e+01
2.102654438463886014e-02 1.016979428741533553e+01
2.103973757194513988e-02 1.019502501842971576e+01
2.106612394655769938e-02 1.024548648045848331e+01
2.111889669578281836e-02 1.034640940451602020e+01
2.122444219423305981e-02 1.054825525263109398e+01
2.123675402566481754e-02 1.057180047335279127e+01
2.124906585709657528e-02 1.059534569407449744e+01
2.126137768852833648e-02 1.061889091479620184e+01
2.127368951996009422e-02 1.064243613551790801e+01
2.128600135139185195e-02 1.066598135623961241e+01
2.129831318282360969e-02 1.069602734184402948e+01
2.131062501425536396e-02 1.073231174382834929e+01
2.132293684568712516e-02 1.076859614581267977e+01
2.133524867711888290e-02 1.080488054779701024e+01
2.134756050855064410e-02 1.084116494978133893e+01
2.137218417141415958e-02 1.091373375374998922e+01
2.142143149714119399e-02 1.105887136168729867e+01
2.143374332857295173e-02 1.109515576367162915e+01
2.144605516000471293e-02 1.113144016565595962e+01
2.147067882286822840e-02 1.120400896962460990e+01
2.151992614859525935e-02 1.134914657756191936e+01
2.153223798002702055e-02 1.138543097954624805e+01
2.154454981145877482e-02 1.142171538153056787e+01
2.155686164289053255e-02 1.145799978351488768e+01
2.156917347432229029e-02 1.149428418549921638e+01
2.158148530575405150e-02 1.153056858748354685e+01
2.159379713718580923e-02 1.156685298946787732e+01
2.160610896861757044e-02 1.159048441804004170e+01
2.161842080004932470e-02 1.160448634322213834e+01
2.163073263148108244e-02 1.161848826840423499e+01
2.164304446291284018e-02 1.163249019358633518e+01
2.166766812577635912e-02 1.166049404395053557e+01
2.171691545150339006e-02 1.171650174467893102e+01
2.172922728293514780e-02 1.173050366986103121e+01
2.174153911436690900e-02 1.174450559504313141e+01
2.176616277723042447e-02 1.177250944540733002e+01
2.181541010295745889e-02 1.182851714613572724e+01
2.182772193438921662e-02 1.184251907131782744e+01
2.184003376582097783e-02 1.185652099649992763e+01
2.185234559725273557e-02 1.187052292168202960e+01
2.186465742868449330e-02 1.188452484686412625e+01
2.187696926011624757e-02 1.189852677204622111e+01
2.188928109154800877e-02 1.191252869722832308e+01
2.190159292297976651e-02 1.192653062241042328e+01
2.191390475441152771e-02 1.196809488371106411e+01
2.192621658584328545e-02 1.202831091023635857e+01
2.193852841727503972e-02 1.208852693676163348e+01
2.196315208013855519e-02 1.220895898981220284e+01
2.201239940586558960e-02 1.244982309591336112e+01
2.202574314672894884e-02 1.251508609583569154e+01
2.203908688759230808e-02 1.258034909575802374e+01
2.206577436931902655e-02 1.271087509560268458e+01
2.211914933277246351e-02 1.297192709529201160e+01
2.213249307363582274e-02 1.303719009521434202e+01
2.214583681449918198e-02 1.310245309513667245e+01
2.217252429622589699e-02 1.323297909498133507e+01
2.218586803708925623e-02 1.329824209490366727e+01
2.219921177795261547e-02 1.336350509482599946e+01
2.221255551881597470e-02 1.342876809474832989e+01
2.222589925967933394e-02 1.347699992364672994e+01
2.223924300054269318e-02 1.352427276210304008e+01
2.225258674140605242e-02 1.357154560055935200e+01
2.227927422313277089e-02 1.366609127747197228e+01
2.233264918658620785e-02 1.385518263129721461e+01
2.234599292744956708e-02 1.390245546975352475e+01
2.235933666831292285e-02 1.394972830820983667e+01
2.238602415003964133e-02 1.404427398512245695e+01
2.243939911349307828e-02 1.423336533894769929e+01
2.245274285435643752e-02 1.428063817740400943e+01
2.246608659521979676e-02 1.432791101586032134e+01
2.247943033608315599e-02 1.437518385431663148e+01
2.249277407694651523e-02 1.442245669277294162e+01
2.250611781780987447e-02 1.446972953122925176e+01
2.251946155867323371e-02 1.451700236968556190e+01
2.253280529953659295e-02 1.460309623318708105e+01
2.254614904039994872e-02 1.469158476601638519e+01
2.255949278126330795e-02 1.478007329884568577e+01
2.257283652212666719e-02 1.486856183167498813e+01
2.259952400385338567e-02 1.504553889733359107e+01
2.265289896730682262e-02 1.539949302865079872e+01
2.266624270817018186e-02 1.548798156148009930e+01
2.267958644903354110e-02 1.557647009430940344e+01
2.270627393076025957e-02 1.575344715996800460e+01
2.275964889421369305e-02 1.610740129128521048e+01
2.277299263507705229e-02 1.619588982411451283e+01
2.278633637594041153e-02 1.628437835694381519e+01
2.279968011680377077e-02 1.637286688977312110e+01
2.281302385766713001e-02 1.646135542260241991e+01
2.282636759853048924e-02 1.654984395543172226e+01
2.283971133939384848e-02 1.661551177418049718e+01
2.286639882112056696e-02 1.674603777402515448e+01
2.287949896121144536e-02 1.681010934514516109e+01
2.289259910130232376e-02 1.687418091626514993e+01
2.291879938148407708e-02 1.700232405850513118e+01
2.297119994184758721e-02 1.725861034298509011e+01
2.298430008193846560e-02 1.732268191410507896e+01
2.299740022202934053e-02 1.738675348522507136e+01
2.302360050221110080e-02 1.751489662746506681e+01
2.307600106257461092e-02 1.777118291194504351e+01
2.308910120266548932e-02 1.783525448306503591e+01
2.310220134275636772e-02 1.789932605418502476e+01
2.311530148284724265e-02 1.796339762530501005e+01
2.312840162293812452e-02 1.802746919642502021e+01
2.314150176302900638e-02 1.811177919801855651e+01
2.315460190311988131e-02 1.820819637089006449e+01
2.318080218330163811e-02 1.840103071663308043e+01
2.319390232339251304e-02 1.849744788950459196e+01
2.320700246348339144e-02 1.859386506237609993e+01
2.323320274366514823e-02 1.878669940811914074e+01
2.328560330402866183e-02 1.917236809960520105e+01
2.329870344411954022e-02 1.926878527247670903e+01
2.331180358421041515e-02 1.936520244534821700e+01
2.333800386439217542e-02 1.955803679109125781e+01
2.335110400448305729e-02 1.965445396396279421e+01
2.336420414457393221e-02 1.975087113683430218e+01
2.339040442475568901e-02 1.994370548257731812e+01
2.340350456484656394e-02 2.004012265544882609e+01
2.341660470493744234e-02 2.013653982832033407e+01
2.342970484502832074e-02 2.023295700119184559e+01
2.344280498511919913e-02 2.033878164025639990e+01
2.345590512521008100e-02 2.047277967494111195e+01
2.346900526530095940e-02 2.060677770962578848e+01
2.349520554548271273e-02 2.087477377899513797e+01
2.350830568557359113e-02 2.100877181367981450e+01
2.352140582566446605e-02 2.114276984836448747e+01
2.354760610584622632e-02 2.141076591773387250e+01
2.360000666620973644e-02 2.194675805647261058e+01
2.361310680630061484e-02 2.208075609115728710e+01
2.362620694639149324e-02 2.221475412584196008e+01
2.365240722657325004e-02 2.248275019521134865e+01
2.366550736666413191e-02 2.261674822989606426e+01
2.367860750675500683e-02 2.275074626458073723e+01
2.369170764684588523e-02 2.288474429926541376e+01
2.370480778693676363e-02 2.298473072057480948e+01
2.371702657115312002e-02 2.307038028034127564e+01
2.372924535536947641e-02 2.315602984010771337e+01
2.375368292380218918e-02 2.332732895964061370e+01
2.380255806066761473e-02 2.366992719870642148e+01
2.390030833439846236e-02 2.435512367683800861e+01
2.391252711861481875e-02 2.444077323660444634e+01
2.392474590283117861e-02 2.452642279637090894e+01
2.394918347126388791e-02 2.469772191590378796e+01
2.399805860812931346e-02 2.504032015496959573e+01
2.409580888186016456e-02 2.584723984080585524e+01
2.410802766607652442e-02 2.595421179927415167e+01
2.412024645029287734e-02 2.606118375774241258e+01
2.414468401872559358e-02 2.627512767467896992e+01
2.415690280294194650e-02 2.638209963314723083e+01
2.416912158715830289e-02 2.648907159161549529e+01
2.419355915559101566e-02 2.670301550855205264e+01
2.420577793980736858e-02 2.680998746702031355e+01
2.421799672402372844e-02 2.691695942548860998e+01
2.423021550824008136e-02 2.702393138395687089e+01
2.424243429245643774e-02 2.713090334242513535e+01
2.425465307667279760e-02 2.827474319628312927e+01
2.426687186088915052e-02 2.944773519728262201e+01
2.429130942932186329e-02 3.179371919928194856e+01
2.430352821353822315e-02 3.296671120028177882e+01
2.431574699775457607e-02 3.413970320128127156e+01
2.432796578197093246e-02 3.531269520228076431e+01
2.434018456618728884e-02 3.648568720328059811e+01
2.435240335040364870e-02 3.765867920428042481e+01
2.436462213462000509e-02 3.883167120527992466e+01
2.437684091883635801e-02 4.000466320627941030e+01
2.438905970305271786e-02 3.742430536094255444e+01
2.440127848726907425e-02 3.570663198758735746e+01
2.441349727148543064e-02 3.596545032748345960e+01
2.442571605570178356e-02 3.622426866737956885e+01
2.443793483991814341e-02 3.648308700727575626e+01
2.445015362413449633e-02 3.674190534717186551e+01
2.446237240835085272e-02 3.700072368706797477e+01
2.448680997678356550e-02 3.751836036686026432e+01
2.450006067043152339e-02 3.779903661678093840e+01
2.451331136407947781e-02 3.807971286670154143e+01
2.453981275137539358e-02 3.864106536654288249e+01
2.455306344502334800e-02 3.892174161646347841e+01
2.456631413867130589e-02 3.920241786638415249e+01
2.459281552596721820e-02 3.976377036622542960e+01
2.460606621961517609e-02 4.004444661614610368e+01
2.461931691326313398e-02 4.032512286606677065e+01
2.463256760691108840e-02 4.082612441349724719e+01
2.464581830055904629e-02 4.392402223979038212e+01
2.465906899420700418e-02 4.702192006608350994e+01
2.467231968785495860e-02 5.011981789237580642e+01
2.469882107515087438e-02 5.631561354496207628e+01
2.471207176879883227e-02 5.941351137125521120e+01
2.472532246244679016e-02 6.251140919754834613e+01
2.473857315609474458e-02 6.560930702384064261e+01
2.475182384974270247e-02 6.441936924188152602e+01
2.476507454339066036e-02 6.109041073272720723e+01
2.477832523703861478e-02 5.154048434225393294e+01
2.479157593068657267e-02 4.565184966924126542e+01
2.480482662433453056e-02 4.896046191430625782e+01
2.481807731798248845e-02 5.226907415937125734e+01
2.483132801163044634e-02 4.885654745152478284e+01
2.484457870527840076e-02 4.792915282606397653e+01
2.485782939892635865e-02 4.715438206577984914e+01
2.487108009257431654e-02 4.637961130549572175e+01
2.488433078622227096e-02 4.560484054521180042e+01
2.491083217351818674e-02 4.405529902464354564e+01
2.492408286716614463e-02 4.328052826435942535e+01
2.493733356081410252e-02 4.250575750407529085e+01
2.496383494811001483e-02 4.095621598350724213e+01
2.497708564175797272e-02 4.018144522322311474e+01
2.499033633540592714e-02 3.940667446293919340e+01
2.500358702905388503e-02 3.884017443524650304e+01
2.501683772270184292e-02 3.828945770924698166e+01
2.503008841634980081e-02 3.773874098324745319e+01
2.504333910999775870e-02 3.718802425724793181e+01
2.506984049729367101e-02 3.608659080524903118e+01
2.512284327188550256e-02 3.388372390125108780e+01
2.513609396553346045e-02 3.333300717525155932e+01
2.514934465918141834e-02 3.278229044925203794e+01
2.516259535282937276e-02 3.223157372325265868e+01
2.517584604647733065e-02 3.168432227564166226e+01
2.518909674012528854e-02 3.139129296836543048e+01
2.520234743377324296e-02 3.109826366108928042e+01
2.522884882106915874e-02 3.051220504653681687e+01
2.524209951471711663e-02 3.021917573926058864e+01
2.525535020836507452e-02 2.992614643198435687e+01
2.528185159566098683e-02 2.934008781743197147e+01
2.533485437025281492e-02 2.816797058832712608e+01
2.534722370802625080e-02 2.789443181552679718e+01
2.535959304579968321e-02 2.762089304272646828e+01
2.537196238357311909e-02 2.734735426992613938e+01
2.538433172134655497e-02 2.706176393999880858e+01
2.539670105911999085e-02 2.653753045263835730e+01
2.540907039689342672e-02 2.601329696527790603e+01
2.543380907244029848e-02 2.496482999055700702e+01
2.544617841021373436e-02 2.444059650319655574e+01
2.545854774798717024e-02 2.391636301583610447e+01
2.548328642353403853e-02 2.286789604111520191e+01
2.553276377462777857e-02 2.077760628559222766e+01
2.554513311240121098e-02 2.025813920790051981e+01
2.555750245017464686e-02 1.973867213020866274e+01
2.558224112572151862e-02 1.869973797482495215e+01
2.559461046349495103e-02 1.818027089713309152e+01
2.560697980126838691e-02 1.766080381944123445e+01
2.563171847681525867e-02 1.662186966405752031e+01
2.564408781458869455e-02 1.610240258636566324e+01
2.565645715236213042e-02 1.558293550867380617e+01
2.566882649013556630e-02 1.506346843098194732e+01
2.568119582790900218e-02 1.454400135329009025e+01
2.569356516568243806e-02 1.428460407123013276e+01
2.570593450345587394e-02 1.410725722676771809e+01
2.571830384122930635e-02 1.392991038230529810e+01
2.573067317900274223e-02 1.375256353784288166e+01
2.574304251677617811e-02 1.357521669338046522e+01
2.575541185454961399e-02 1.339786984891804700e+01
2.578015053009648574e-02 1.304317615999321234e+01
2.582962788119022579e-02 1.233378878214354479e+01
2.584199721896366167e-02 1.215644193768112835e+01
2.585436655673709755e-02 1.197909509321870836e+01
2.587910523228396931e-02 1.162440140429387547e+01
2.592858258337770935e-02 1.091501402644425767e+01
2.594095192115113829e-02 1.073766718198189096e+01
2.595332125892457417e-02 1.056032033751947452e+01
2.596569059669801005e-02 1.038297349305705808e+01
2.597805993447144593e-02 1.020562664859463986e+01
2.599042927224488181e-02 1.002827980413222164e+01
2.600279861001831769e-02 9.850932959669805200e+00
2.601516794779175357e-02 9.715820276273690936e+00
2.602753728556518945e-02 9.644024125624566679e+00
2.603990662333862532e-02 9.572227974975442422e+00
2.605227596111206120e-02 9.500431824326318164e+00
2.607701463665892949e-02 9.356839523028069650e+00
2.612649198775267301e-02 9.069654920431569067e+00
2.613861772475362805e-02 8.999272717568469915e+00
2.615074346175457962e-02 8.928890514705370762e+00
2.617499493575648623e-02 8.788126108979168905e+00
2.622349788376030638e-02 8.506597297526749202e+00
2.632050377976793976e-02 7.943352263309682471e+00
2.633262951676889480e-02 7.871418386544140056e+00
2.634475525376984636e-02 7.799484509778599417e+00
2.636900672777175991e-02 7.655616756247495935e+00
2.641750967577557660e-02 7.367881249185309400e+00
2.651451557178320997e-02 6.792410235060957646e+00
2.652664130878416501e-02 6.720476358295415231e+00
2.653876704578512352e-02 6.648542481529852388e+00
2.656301851978703013e-02 6.504674727998771111e+00
2.657514425678798170e-02 6.432740851233228696e+00
2.658726999378893674e-02 6.360806974467688057e+00
2.659939573078989178e-02 6.288873097702146531e+00
2.661152146779084335e-02 6.216939220936605004e+00
2.662364720479179839e-02 6.145005344171063477e+00
2.663577294179275343e-02 6.169708168296833328e+00
2.664789867879370847e-02 6.246335999057225585e+00
2.666002441579466350e-02 6.322963829817594750e+00
2.667215015279561854e-02 6.399591660577964802e+00
2.668427588979657358e-02 6.476219491338356171e+00
2.670852736379848019e-02 6.629475152859096276e+00
2.672065310079943523e-02 6.706102983619465441e+00
2.673277883780039027e-02 6.782730814379835493e+00
2.675703031180229688e-02 6.935986475900573822e+00
2.680553325980611704e-02 7.242497798942074461e+00
2.681765899680706861e-02 7.319125629702443625e+00
2.682978473380802711e-02 7.395753460462835882e+00
2.685403620780993372e-02 7.549009121983575987e+00
2.690253915581375041e-02 7.855520445025054421e+00
2.691569680224630348e-02 7.938669362402955620e+00
2.692885444867886002e-02 8.021818279780880800e+00
2.694201209511141656e-02 8.104967197158806869e+00
2.695516974154396964e-02 8.188116114536708068e+00
2.696832738797652271e-02 8.271265031914611043e+00
2.698148503440907925e-02 8.354413949292535335e+00
2.699464268084163579e-02 8.523143570872397490e+00
2.700780032727418886e-02 8.727868305108712477e+00
2.702095797370674193e-02 8.932593039345025687e+00
2.703411562013930194e-02 9.137317773581395741e+00
2.706043091300441156e-02 9.546767242054079006e+00
2.711306149873463078e-02 1.036566617899944376e+01
2.712621914516718385e-02 1.057039091323575875e+01
2.713937679159974040e-02 1.077511564747212880e+01
2.716569208446485001e-02 1.118456511594481029e+01
2.721832267019507270e-02 1.200346405289017682e+01
2.723148031662762578e-02 1.220818878712649003e+01
2.724463796306018232e-02 1.241291352136286008e+01
2.725779560949273886e-02 1.261763825559923013e+01
2.727095325592529193e-02 1.282236298983554335e+01
2.728411090235784500e-02 1.302708772407185833e+01
2.729726854879039807e-02 1.327760506058577228e+01
2.731042619522295115e-02 1.356526770948332050e+01
2.732358384165551116e-02 1.385293035838094333e+01
2.733674148808806770e-02 1.414059300727856971e+01
2.734989913452062077e-02 1.442825565617611616e+01
2.737621442738572691e-02 1.500358095397121083e+01
2.742884501311594614e-02 1.615423154956155471e+01
2.753410618457638806e-02 1.845553274074223893e+01
2.754726383100894113e-02 1.874319538963978715e+01
2.756042147744149767e-02 1.903085803853740998e+01
2.758673677030660729e-02 1.964741223230653233e+01
2.763936735603682998e-02 2.091465880536946997e+01
2.765252500246938305e-02 2.123147044863515731e+01
2.766568264890193959e-02 2.154828209190093347e+01
2.769199794176704921e-02 2.218190537843240051e+01
2.770515558819960228e-02 2.249871702169809140e+01
2.771831323463215882e-02 2.281552866496387111e+01
2.773147088106471536e-02 2.313234030822964371e+01
2.774462852749726843e-02 2.344915195149533460e+01
2.775690481805530296e-02 2.423717435399412068e+01
2.776918110861333749e-02 2.503488123373744756e+01
2.779373368972940309e-02 2.663029499322387394e+01
2.780600998028743415e-02 2.742800187296696990e+01
2.781828627084546868e-02 2.822570875271030033e+01
2.783056256140350321e-02 2.902341563245362721e+01
2.784283885196153774e-02 2.982112251219695764e+01
2.785511514251957227e-02 3.052344915387441660e+01
2.786739143307760333e-02 3.099592805474511792e+01
2.787966772363563439e-02 3.146840695561581924e+01
2.789194401419366892e-02 3.194088585648665557e+01
2.794104917642580357e-02 3.383080145996986943e+01
2.795332546698383464e-02 3.430328036084056720e+01
2.796560175754186917e-02 3.477575926171140708e+01
2.799015433865793823e-02 3.572071706345307263e+01
2.800243062921597276e-02 3.619319596432391251e+01
2.801470691977400382e-02 3.666567486519461028e+01
2.802698321033203488e-02 3.705079583442892499e+01
2.803925950089006941e-02 3.739952895672377764e+01
2.805153579144810394e-02 3.774826207901863029e+01
2.806381208200613847e-02 3.809699520131348294e+01
2.808836466312220406e-02 3.879446144590308876e+01
2.810064095368023512e-02 3.914319456819783483e+01
2.811291724423826965e-02 3.949192769049268747e+01
2.812519353479630418e-02 3.984066081278754012e+01
2.813746982535433871e-02 4.018939393508239277e+01
2.814974611591237325e-02 4.021686812094536378e+01
2.816202240647040431e-02 4.019241003030435166e+01
2.817429869702843537e-02 4.016795193966334665e+01
2.818657498758646990e-02 4.014349384902233453e+01
2.819885127814450443e-02 4.011903575838132241e+01
2.821112756870253896e-02 4.009457766774031029e+01
2.823568014981860455e-02 4.004566148645827894e+01
2.824795644037663214e-02 4.002120339581727393e+01
2.826023273093466667e-02 3.999674530517626181e+01
2.828478531205073573e-02 3.994782912389423046e+01
2.833389047428286692e-02 3.984999676133018909e+01
2.834616676484090145e-02 3.982553867068917697e+01
2.835844305539893598e-02 3.980108058004816485e+01
2.837071934595697051e-02 3.977662248940714562e+01
2.838299563651500157e-02 3.975216439876614061e+01
2.839527192707303263e-02 3.972770630812512849e+01
2.840754821763106716e-02 3.970324821748411637e+01
2.841982450818910169e-02 3.967879012684310425e+01
2.843210079874713622e-02 3.961610635401937941e+01
2.844437708930517075e-02 3.950469783992191708e+01
2.845665337986320181e-02 3.939328932582449028e+01
2.848120596097926741e-02 3.917047229762959404e+01
2.853031112321140206e-02 3.872483824123977314e+01
2.854361932320103462e-02 3.860406505009152767e+01
2.855692752319066718e-02 3.848329185894331061e+01
2.858354392316993578e-02 3.824174547664679835e+01
2.863677672312846950e-02 3.775865271205378804e+01
2.865008492311810553e-02 3.763787952090553546e+01
2.866339312310773810e-02 3.751710632975727577e+01
2.869000952308700669e-02 3.727555994746077772e+01
2.874324232304554388e-02 3.679246718286776030e+01
2.875655052303517645e-02 3.667169399171950772e+01
2.876985872302481248e-02 3.655092080057125514e+01
2.878316692301444504e-02 3.643014760942300256e+01
2.879647512300408108e-02 3.630937441827474998e+01
2.880978332299371364e-02 3.618860122712649030e+01
2.882309152298334620e-02 3.610112601799730214e+01
2.883639972297298223e-02 3.602677481268048609e+01
2.884970792296261480e-02 3.595242360736365583e+01
2.886301612295225083e-02 3.587807240204683268e+01
2.887632432294188339e-02 3.580372119673000952e+01
2.890294072292115199e-02 3.565501878609636321e+01
2.895617352287968918e-02 3.535761396482906349e+01
2.896948172286932174e-02 3.528326275951224034e+01
2.898278992285895778e-02 3.520891155419542429e+01
2.900940632283822290e-02 3.506020914356177087e+01
2.906263912279676009e-02 3.476280432229447825e+01
2.916910472271383448e-02 3.425542895701013890e+01
2.918241292270346704e-02 3.419977885029946663e+01
2.919572112269310307e-02 3.414412874358880146e+01
2.922233752267236820e-02 3.403282853016746401e+01
2.927557032263090539e-02 3.381022810332478912e+01
2.938203592254797977e-02 3.336502724963943223e+01
2.939446276666309033e-02 3.331306265625929797e+01
2.940688961077820088e-02 3.326109806287917081e+01
2.941931645489331490e-02 3.320913346949903655e+01
2.943174329900842892e-02 3.315622471418060258e+01
2.944417014312354294e-02 3.309173141627129411e+01
2.945659698723865350e-02 3.302723811836201406e+01
2.948145067546887807e-02 3.289825152254343976e+01
2.949387751958398862e-02 3.283375822463415261e+01
2.950630436369910264e-02 3.276926492672487257e+01
2.953115805192932375e-02 3.264027833090630537e+01
2.958086542838977637e-02 3.238230513926914256e+01
2.959329227250489039e-02 3.231781184135984120e+01
2.960571911662000094e-02 3.225331854345055405e+01
2.963057280485022552e-02 3.212433194763198685e+01
2.964299964896533607e-02 3.205983864972269970e+01
2.965542649308045009e-02 3.199534535181341255e+01
2.968028018131067119e-02 3.186635875599484180e+01
2.969270702542578175e-02 3.180186545808556176e+01
2.970513386954089577e-02 3.173737216017627460e+01
2.971756071365600632e-02 3.167287886226698745e+01
2.972998755777112034e-02 3.160838556435768254e+01
2.974241440188623783e-02 3.157519226586290984e+01
2.975484124600134839e-02 3.164439453188787255e+01
2.976726809011645894e-02 3.171359679791284236e+01
2.977969493423157296e-02 3.178279906393780863e+01
2.979212177834668351e-02 3.185200132996277134e+01
2.980454862246179407e-02 3.192120359598774115e+01
2.982940231069201864e-02 3.205960812803766657e+01
2.984182915480712919e-02 3.212881039406263994e+01
2.985425599892224321e-02 3.219801266008759910e+01
2.987910968715246779e-02 3.233641719213755295e+01
2.989153653126758528e-02 3.240561945816254052e+01
2.990396337538269583e-02 3.247482172418749968e+01
2.991639021949780639e-02 3.254402399021246595e+01
2.992881706361291694e-02 3.261322625623743932e+01
2.994124390772803096e-02 3.268242852226239847e+01
2.995367075184314151e-02 3.275163078828737184e+01
2.996609759595825206e-02 3.282083305431233100e+01
2.997852444007336609e-02 3.257417906487977888e+01
2.999095128418847664e-02 3.221160082865049645e+01
3.000337812830358719e-02 3.184902259242121403e+01
3.002823181653381523e-02 3.112386611996254615e+01
3.004065866064892926e-02 3.076128788373316070e+01
3.005308550476404328e-02 3.039870964750387827e+01
3.007793919299426438e-02 2.967355317504531342e+01
3.009036603710937841e-02 2.931097493881603100e+01
3.010279288122448896e-02 2.894839670258675213e+01
3.011521972533959951e-02 2.858581846635746970e+01
3.012764656945471353e-02 2.822324023012818728e+01
3.014007341356982408e-02 2.786066199389890130e+01
3.015250025768493464e-02 2.750293291291384534e+01
3.016492710180004519e-02 2.750851150723623562e+01
3.017735394591516268e-02 2.751409010155862234e+01
3.018953718925779239e-02 2.751955933988735126e+01
3.020172043260042558e-02 2.752502857821607662e+01
3.022608691928568500e-02 2.753596705487352736e+01
3.027481989265621079e-02 2.755784400818843238e+01
3.028700313599884397e-02 2.756331324651716486e+01
3.029918637934147368e-02 2.756878248484589022e+01
3.032355286602674005e-02 2.757972096150334096e+01
3.037228583939726584e-02 2.760159791481824598e+01
3.038446908273989902e-02 2.760706715314697490e+01
3.039665232608252873e-02 2.761253639147570027e+01
3.040883556942515845e-02 2.761800562980442564e+01
3.042101881276779163e-02 2.762347486813315456e+01
3.043320205611042134e-02 2.762894410646187993e+01
3.044538529945305105e-02 2.763441334479060529e+01
3.045756854279568424e-02 2.763988258311933066e+01
3.046975178613831395e-02 2.762929681998394926e+01
3.048193502948094366e-02 2.761487792807630370e+01
3.049411827282357684e-02 2.760045903616865104e+01
3.051848475950883627e-02 2.757162125235335282e+01
3.056721773287936553e-02 2.751394568472275992e+01
3.057940097622199871e-02 2.749952679281510370e+01
3.059158421956462842e-02 2.748510790090745814e+01
3.061595070624989132e-02 2.745627011709215992e+01
3.066468367962041364e-02 2.739859454946156347e+01
3.067686692296304335e-02 2.738417565755391792e+01
3.068905016630567653e-02 2.736975676564626880e+01
3.071341665299093596e-02 2.734091898183097058e+01
3.072559989633356914e-02 2.732650008992331792e+01
3.073778313967619885e-02 2.731208119801567236e+01
3.074996638301883203e-02 2.729766230610802324e+01
3.076214962636146522e-02 2.728324341420037413e+01
3.077433286970409840e-02 2.730145250903996867e+01
3.078651611304672811e-02 2.734806562573438526e+01
3.079869935638935782e-02 2.739467874242880185e+01
3.081088259973199101e-02 2.744129185912322910e+01
3.085961557310251679e-02 2.762774432590092388e+01
3.095708151984356837e-02 2.800064925945629568e+01
3.097029667261779959e-02 2.805121046397927032e+01
3.098351182539203080e-02 2.810177166850223074e+01
3.100994213094049670e-02 2.820289407754817645e+01
3.106280274203742156e-02 2.840513889564004302e+01
3.116852396423127822e-02 2.882951861437975083e+01
3.118173911700550943e-02 2.888304402602323862e+01
3.119495426977974412e-02 2.893656943766672285e+01
3.122138457532820655e-02 2.904362026095368776e+01
3.127424518642513140e-02 2.925772190752762469e+01
3.128746033919936609e-02 2.931124731917111248e+01
3.130067549197360077e-02 2.936477273081459671e+01
3.132710579752206320e-02 2.947182355410156163e+01
3.134032095029629789e-02 2.952534896574504586e+01
3.135353610307052563e-02 2.957887437738852299e+01
3.137996640861898806e-02 2.968592520067549501e+01
3.139318156139322274e-02 2.973945061231898279e+01
3.140639671416745743e-02 2.979297602396247058e+01
3.141961186694168517e-02 3.018929675497657783e+01
3.143282701971591986e-02 3.140130277809397086e+01
3.144604217249015454e-02 3.261330880121135323e+01
3.145925732526438229e-02 3.382531482432841585e+01
3.147247247803861697e-02 3.503732084744580533e+01
3.148568763081285166e-02 3.624932687056318770e+01
3.149890278358707940e-02 3.746133289368057717e+01
3.151211793636131409e-02 3.916694701192918160e+01
3.152533308913554183e-02 4.123293340380354266e+01
3.153854824190977651e-02 4.329891979567845794e+01
3.159140885300670831e-02 5.156286536317757907e+01
3.160462400578093606e-02 5.979026867909909271e+01
3.161783915855517074e-02 7.357144663217795255e+01
3.163105431132939849e-02 8.039499911857265602e+01
3.164426946410363317e-02 5.982915193310883950e+01
3.165748461687786786e-02 1.190639960169988143e+02
3.167069976965209560e-02 1.015595576925309587e+02
3.168391492242633029e-02 1.577329929154213062e+02
3.169713007520056497e-02 1.531657760291337240e+02
3.171034522797479271e-02 1.769120340413018937e+02
3.172356038074902740e-02 1.758361426283854030e+02
3.173677553352325514e-02 1.911170060527472003e+02
3.174999068629748983e-02 2.127384308091447167e+02
3.176320583907171757e-02 2.143990704614117249e+02
3.177642099184595226e-02 2.228688941937467121e+02
3.178963614462018000e-02 2.278091243461226725e+02
3.180285129739441469e-02 2.307928229319421405e+02
3.181518509429412389e-02 2.335775302294009919e+02
3.182751889119383309e-02 2.382825328698797023e+02
3.183985268809354230e-02 2.438823746943045023e+02
3.185218648499325150e-02 2.494822165187293024e+02
3.186452028189296765e-02 2.550820583431541309e+02
3.187685407879267685e-02 2.589777030795600012e+02
3.188918787569238605e-02 2.602162081422513324e+02
3.190152167259209526e-02 2.614547132049426637e+02
3.191385546949180446e-02 2.626932182676339949e+02
3.192618926639152060e-02 2.639317233303253261e+02
3.193852306329122981e-02 2.651702283930166573e+02
3.195085686019093901e-02 2.657191767335772852e+02
3.196319065709064822e-02 2.643460424577929757e+02
3.197552445399035742e-02 2.629729081820085526e+02
3.200019204778978277e-02 2.602266396304398768e+02
3.201252584468949197e-02 2.588535053546554536e+02
3.202485964158920118e-02 2.574803710788711442e+02
3.203719343848891038e-02 2.561072368030867210e+02
3.204952723538862652e-02 2.547341025273023831e+02
3.206186103228833573e-02 2.533609682515179884e+02
3.207419482918804493e-02 2.519878339757335937e+02
3.208652862608775413e-02 2.508903383406206444e+02
3.209886242298746334e-02 2.503061071531149651e+02
3.211119621988717948e-02 2.497218759656092288e+02
3.212353001678688869e-02 2.491376447781035495e+02
3.213586381368659789e-02 2.485534135905978417e+02
3.214819761058630709e-02 2.479691824030921623e+02
3.216053140748601630e-02 2.473849512155864545e+02
3.217286520438573244e-02 2.468007200280807751e+02
3.218519900128544164e-02 2.462164888405750389e+02
3.219753279818514391e-02 2.441074259975244729e+02
3.220986659508484617e-02 2.405044688244410622e+02
3.222220039198455538e-02 2.369015116513555483e+02
3.223453418888427152e-02 2.160844070705519755e+02
3.224686798578398073e-02 1.942843272103684740e+02
3.225920178268368993e-02 1.724842473501850009e+02
3.227153557958339913e-02 1.506841674900015278e+02
3.228386937648310834e-02 1.288840876298179978e+02
3.229620317338282448e-02 1.384485172265797530e+02
3.230853697028253368e-02 1.474871860009211844e+02
3.232087076718224289e-02 1.639903943202232028e+02
3.233320456408195209e-02 2.245968328564085539e+02
3.234553836098166130e-02 2.054025801232437516e+02
3.235787215788137744e-02 1.862083273900747713e+02
3.237020595478108664e-02 1.670140746569046826e+02
3.239487354858050505e-02 1.286255691905719232e+02
3.240720734548021426e-02 1.094313164574112136e+02
3.241954114237993040e-02 9.515440561866741120e+01
3.243187493927963960e-02 9.335007755539061236e+01
3.244420873617934881e-02 9.154574949211381352e+01
3.245654253307905801e-02 8.978450202631034927e+01
3.246887632997876721e-02 8.859092627937789644e+01
3.248121012687848336e-02 8.739735053244545782e+01
3.249354392377819256e-02 8.620377478551303341e+01
3.250587772067790177e-02 8.501019903858059479e+01
3.251821151757761097e-02 8.381662329164814196e+01
3.254287911137703632e-02 8.142947179778327893e+01
3.255521290827674552e-02 8.023589605085084031e+01
3.256754670517645472e-02 7.904232030391838748e+01
3.257988050207616393e-02 7.784874455698594886e+01
3.259221429897587313e-02 7.740257864035507396e+01
3.260558000530718731e-02 7.703567389103233154e+01
3.261894571163849454e-02 7.666876914170978807e+01
3.264567712430111596e-02 7.593495964306451640e+01
3.265904283063243013e-02 7.556805489374178819e+01
3.267240853696374431e-02 7.520115014441904577e+01
3.269913994962636572e-02 7.446734064577375989e+01
3.271250565595767296e-02 7.410043589645123063e+01
3.272587136228898713e-02 7.373353114712848821e+01
3.273923706862030131e-02 7.336662639780574580e+01
3.275260277495161548e-02 7.299972164848301759e+01
3.276596848128292272e-02 7.272701308208962701e+01
3.277933418761422996e-02 7.304441808450565077e+01
3.279269989394553719e-02 7.336182308692168874e+01
3.280606560027685137e-02 7.367922808933786882e+01
3.281943130660816554e-02 7.399663309175404891e+01
3.283279701293947278e-02 7.431403809417008688e+01
3.285952842560209419e-02 7.494884809900230493e+01
3.287289413193340837e-02 7.526625310141848502e+01
3.288625983826472254e-02 7.558365810383469352e+01
3.291299125092734396e-02 7.621846810866689736e+01
3.292635695725865119e-02 7.653587311108292113e+01
3.293972266358996537e-02 7.685327811349911542e+01
3.295308836992127260e-02 7.717068311591530971e+01
3.296645407625258678e-02 7.750749868273985044e+01
3.297981978258390096e-02 7.870203660652592248e+01
3.299318548891520819e-02 7.989657453031135503e+01
3.301991690157782960e-02 8.228565037788284542e+01
3.303328260790914378e-02 8.348018830166891746e+01
3.304664831424045102e-02 8.467472622545435001e+01
3.306001402057175825e-02 8.586926414923978257e+01
3.307337972690307243e-02 8.706380207302585461e+01
3.308674543323438660e-02 8.825833999681192665e+01
3.310011113956570078e-02 8.952970488992941966e+01
3.311347684589701496e-02 9.244562218845715051e+01
3.312684255222832219e-02 9.536153948698330396e+01
3.314020825855962249e-02 9.827745678550947162e+01
3.315357396489093667e-02 1.011933740840372025e+02
3.316693967122225084e-02 1.041092913825649191e+02
3.318030537755356502e-02 1.033215809760041282e+02
3.319367108388487919e-02 1.007559898285737034e+02
3.320703679021618643e-02 1.077857835400892696e+02
3.322040249654749366e-02 1.145123377940888645e+02
3.323376820287880784e-02 1.174727341011898858e+02
3.324713390921012202e-02 1.204331304082909071e+02
3.326049961554142925e-02 1.233935267153903368e+02
3.327386532187273649e-02 1.263539230224897665e+02
3.328723102820405066e-02 1.293143193295907736e+02
3.330059673453536484e-02 1.226651038781743779e+02
3.331396244086666514e-02 1.401274240860008717e+02
3.332732814719797237e-02 1.538224220377038876e+02
3.334069385352928655e-02 1.449992672490696464e+02
3.335405955986060073e-02 1.490222039871470372e+02
3.336742526619190796e-02 1.530451407252222964e+02
3.338079097252321520e-02 1.570680774632975272e+02
3.339415667885452937e-02 1.610910142013749464e+02
3.340752238518584355e-02 1.651139509394523657e+02
3.342088809151715773e-02 1.691368876775297281e+02
3.343425379784847190e-02 1.722427344867581382e+02
3.344761950417977914e-02 1.740287712647746616e+02
3.346074160973860900e-02 1.757822560827215170e+02
3.347386371529743887e-02 1.775357409006693388e+02
3.348698582085626874e-02 1.792892257186162226e+02
3.350010792641509860e-02 1.810427105365630780e+02
3.351323003197392847e-02 1.827961953545099334e+02
3.352635213753275834e-02 1.845496801724568172e+02
3.353947424309158126e-02 1.803173183734074883e+02
3.355259634865041113e-02 1.897216949332718059e+02
3.356571845420924100e-02 1.814538091742490451e+02
3.357884055976807086e-02 1.731859234152262843e+02
3.360508477088573059e-02 1.566501518971763005e+02
3.361820687644456046e-02 1.483822661381535397e+02
3.363132898200339727e-02 1.401143803791262883e+02
3.364445108756222713e-02 1.318464946201035275e+02
3.365757319312105006e-02 1.186885725499291766e+02
3.367069529867987993e-02 8.902453080049295409e+01
3.368381740423870979e-02 1.576471756066372336e+02
3.369693950979754660e-02 1.372261315003032394e+02
3.371006161535637646e-02 1.541849120732561857e+02
3.372318372091519939e-02 1.229957238271069144e+02
3.373630582647403620e-02 9.180653558094076061e+01
3.374942793203286606e-02 6.061734733479148929e+01
3.376255003759169593e-02 4.119483961435081198e+01
3.377567214315052579e-02 5.896970507592447319e+01
3.378879424870934872e-02 7.407951402536768626e+01
3.380191635426818553e-02 6.651378275797048900e+01
3.381503845982701539e-02 6.438885217661358240e+01
3.382816056538584526e-02 6.226392159525669001e+01
3.384128267094468206e-02 6.013899101389864654e+01
3.386752688206233486e-02 5.588912985118485466e+01
3.388064898762116472e-02 5.376419926982796227e+01
3.389377109317999459e-02 5.163926868847106988e+01
3.392001530429765432e-02 4.738940752575612692e+01
3.393313740985648419e-02 4.526447694439922742e+01
3.394625951541532100e-02 4.313954636304119106e+01
3.397250372653298073e-02 3.888968520032739207e+01
3.398562583209180366e-02 3.676475461897050678e+01
3.399874793765063352e-02 3.463982403761360729e+01
3.401187004320947033e-02 3.251489345625556382e+01
3.402499214876830019e-02 3.038996287489866788e+01
3.403811425432713006e-02 2.826503229354176838e+01
3.405123635988595993e-02 2.763654347580853354e+01
3.406435846544478979e-02 2.737686590421727573e+01
3.407748057100361966e-02 2.711718833262601080e+01
3.409060267656244952e-02 2.685751076103474944e+01
3.410372478212127939e-02 2.659783318944349162e+01
3.412996899323893912e-02 2.607847804626082322e+01
3.418245741547425859e-02 2.503976775989563563e+01
3.428743425994489752e-02 2.296234718716540257e+01
3.429967500962919497e-02 2.272011105072938619e+01
3.431191575931350629e-02 2.247787491429323126e+01
3.432415650899781762e-02 2.223563877785707277e+01
3.433639725868212894e-02 2.199340264142091783e+01
3.434863800836643333e-02 2.177087337515483867e+01
3.436087875805074465e-02 2.160348917867034757e+01
3.438536025741936730e-02 2.126872078570135471e+01
3.439760100710367169e-02 2.110133658921686362e+01
3.440984175678798301e-02 2.093395239273236896e+01
3.443432325615659872e-02 2.059918399976347914e+01
3.448328625489383015e-02 1.992964721382560001e+01
3.449552700457813453e-02 1.976226301734110891e+01
3.450776775426244586e-02 1.959487882085661425e+01
3.453224925363106157e-02 1.926011042788772443e+01
3.458121225236828605e-02 1.859057364194984530e+01
3.459345300205259738e-02 1.842318944546535064e+01
3.460569375173690870e-02 1.825580524898085955e+01
3.463017525110552441e-02 1.792103685601187379e+01
3.464241600078983574e-02 1.775365265952737914e+01
3.465465675047414706e-02 1.758626846304288449e+01
3.466689750015845839e-02 1.741888426655839339e+01
3.467913824984275584e-02 1.731344001639438801e+01
3.469137899952706022e-02 1.724317353068627057e+01
3.470361974921137155e-02 1.717290704497811404e+01
3.472810124857998726e-02 1.703237407356179389e+01
3.477706424731722562e-02 1.675130813072915714e+01
3.487499024479168847e-02 1.618917624506396891e+01
3.507084223974062109e-02 1.493733197918514399e+01
3.508411489885653045e-02 1.484247297220975526e+01
3.509738755797243981e-02 1.474761396523431500e+01
3.512393287620425159e-02 1.455789595128353930e+01
3.517702351266788902e-02 1.417845992338188488e+01
3.528320478559516388e-02 1.341958786757857425e+01
3.549556733144970666e-02 1.197408869467163228e+01
3.550883999056562296e-02 1.188387679108225115e+01
3.552211264968152538e-02 1.179366488749291797e+01
3.554865796791334409e-02 1.161324108031420366e+01
3.556193062702925345e-02 1.152302917672482074e+01
3.557520328614516281e-02 1.143281727313548757e+01
3.560174860437698152e-02 1.125239346595677326e+01
3.561502126349289088e-02 1.115569798056312933e+01
3.562829392260880024e-02 1.104341814530835819e+01
3.565483924084061895e-02 1.081885847479875551e+01
3.570792987730425638e-02 1.036973913377954837e+01
3.592029242315879223e-02 8.551859809946074975e+00
3.593268372640018304e-02 8.426170260453980987e+00
3.594507502964157386e-02 8.300480710961959829e+00
3.596985763612434855e-02 8.049101611977915738e+00
3.601942284908989100e-02 7.546343414009826667e+00
3.603181415233128182e-02 7.420653864517803733e+00
3.604420545557266570e-02 7.294964315025782575e+00
3.606898806205544039e-02 7.043585216041738484e+00
3.608137936529682427e-02 6.917895666549714662e+00
3.609377066853821509e-02 6.792206117057693504e+00
3.611855327502098978e-02 6.540827018073649413e+00
3.613094457826237366e-02 6.415137468581626479e+00
3.614333588150375753e-02 6.250668848605791084e+00
3.615572718474514835e-02 5.987207871155393768e+00
3.616811848798653223e-02 5.723746893704997341e+00
3.618050979122792304e-02 5.460285916254600025e+00
3.619290109446930692e-02 5.196824938804203597e+00
3.621768370095208855e-02 4.669902983903258864e+00
3.631681412688318733e-02 2.562215164299932901e+00
3.632920543012457815e-02 2.298754186849536474e+00
3.634159673336596202e-02 2.035293209399139602e+00
3.635398803660734590e-02 1.771832231948742953e+00
3.636637933984873672e-02 1.508371254498345859e+00
3.637877064309012060e-02 1.244910277047948988e+00
3.639116194633151141e-02 9.814492995975522271e-01
3.640355324957289529e-02 7.866896439382058404e-01
3.641594455281427917e-02 7.494516017105440353e-01
3.642833585605566998e-02 7.122135594828822303e-01
3.644072715929705386e-02 6.749755172552204252e-01
3.646550976577982855e-02 6.004994327998967041e-01
3.651507497874538488e-02 4.515472638892281121e-01
3.652746628198677570e-02 4.143092216615449908e-01
3.653985758522816651e-02 3.770711794338831302e-01
3.656464019171093427e-02 3.025950949785595201e-01
3.657703149495232509e-02 2.653570527508977150e-01
3.658942279819370896e-02 2.281190105232359100e-01
3.661420540467648366e-02 1.536429260679122721e-01
3.662659670791786753e-02 1.164048838402504671e-01
3.663898801115925835e-02 7.916684161258866204e-02
3.665137931440064223e-02 4.192879938492683617e-02
3.666377061764203305e-02 4.690757157265018108e-03
3.667616192088341692e-02 0.000000000000000000e+00
3.668855322412480080e-02 0.000000000000000000e+00
3.670094452736619162e-02 0.000000000000000000e+00
3.671333583060757549e-02 0.000000000000000000e+00
3.672548353307648894e-02 0.000000000000000000e+00
3.673763123554539545e-02 0.000000000000000000e+00
3.676192664048320152e-02 0.000000000000000000e+00
3.681051745035882755e-02 0.000000000000000000e+00
3.690769907011007961e-02 0.000000000000000000e+00
3.710206230961257678e-02 0.000000000000000000e+00
3.749078878861757808e-02 0.000000000000000000e+00
3.833428395025002822e-02 0.000000000000000000e+00
3.912137233591308355e-02 0.000000000000000000e+00
3.913510088040934171e-02 0.000000000000000000e+00
3.914882942490559292e-02 0.000000000000000000e+00
3.917628651389810923e-02 0.000000000000000000e+00
3.923120069188313491e-02 0.000000000000000000e+00
3.934102904785317933e-02 0.000000000000000000e+00
3.956068575979327512e-02 0.000000000000000000e+00
3.957441430428953327e-02 0.000000000000000000e+00
3.958814284878578449e-02 0.000000000000000000e+00
3.961559993777830080e-02 0.000000000000000000e+00
3.967051411576332648e-02 0.000000000000000000e+00
3.978034247173337090e-02 0.000000000000000000e+00
3.979407101622962212e-02 0.000000000000000000e+00
3.980779956072588027e-02 0.000000000000000000e+00
3.983525664971838964e-02 0.000000000000000000e+00
3.989017082770341532e-02 0.000000000000000000e+00
3.990389937219967348e-02 0.000000000000000000e+00
3.991762791669593163e-02 0.000000000000000000e+00
3.994508500568844100e-02 0.000000000000000000e+00
3.995881355018469916e-02 0.000000000000000000e+00
3.997254209468095731e-02 0.000000000000000000e+00
3.998627063917720853e-02 0.000000000000000000e+00
3.999999918367346669e-02 0.000000000000000000e+00
