# eV, DoS, Note that this is averaged across each Al atom per cell
7.262734593535923717e-05 2.783136523714011250e-03
1.966115432616362705e-04 2.463282247839797528e-03
3.205957405879133310e-04 1.956346348935913883e-03
4.445799379141903373e-04 1.421191341003436893e-03
5.685641352404672893e-04 1.020264222971549103e-03
6.925483325667442956e-04 9.009554593595635666e-04
8.165325298930213018e-04 1.212726784703786883e-03
9.405167272192984165e-04 2.129650118764024515e-03
1.064500924545575206e-03 3.833908188433490186e-03
1.188485121871852429e-03 6.437416843808012670e-03
1.312469319198129435e-03 9.869041746124440281e-03
1.436453516524406442e-03 1.380234308661254863e-02
1.560437713850683665e-03 1.769912421143533116e-02
1.684421911176960671e-03 2.097951461387513594e-02
1.808406108503237677e-03 2.324222977264625220e-02
1.932390305829514900e-03 2.442370576064143567e-02
2.056374503155791907e-03 2.483158121364105464e-02
2.180358700482068479e-03 2.506727254905031371e-02
2.304342897808345485e-03 2.589495184625069737e-02
2.428327095134622492e-03 2.810267666932562275e-02
2.552311292460899498e-03 3.236460713180352999e-02
2.676295489787176504e-03 3.908055600024947646e-02
2.800279687113453510e-03 4.816686922419234629e-02
2.924263884439730517e-03 5.883502050080724466e-02
3.048248081766007523e-03 6.951288000602633133e-02
3.172232279092284529e-03 7.812738382637245127e-02
3.296216476418561536e-03 8.283106225711785175e-02
3.420200673744838975e-03 8.292471677238244521e-02
3.544184871071115982e-03 7.944740203111691490e-02
3.668169068397392988e-03 7.497049053209760283e-02
3.792153265723669561e-03 7.258654444281582852e-02
3.916137463049947434e-03 7.461044821460612042e-02
4.040121660376224007e-03 8.169615279905380334e-02
4.164105857702501447e-03 9.278158393344652921e-02
4.288090055028778887e-03 1.057605696172957410e-01
4.412074252355055459e-03 1.184339196181316556e-01
4.536058449681332032e-03 1.292900216132347457e-01
4.660042647007610339e-03 1.378768520609036097e-01
4.784026844333886044e-03 1.447265735334698211e-01
4.908011041660163484e-03 1.509118721753591741e-01
5.031995238986440057e-03 1.574247823362880661e-01
5.155979436312717497e-03 1.646800018767204665e-01
5.279963633638994069e-03 1.724228913393986706e-01
5.403947830965272377e-03 1.800901645134000140e-01
5.527932028291548949e-03 1.873712610300620196e-01
5.651916225617825522e-03 1.945865561340259509e-01
5.775900422944102094e-03 2.026189479301767071e-01
5.899884620270379534e-03 2.123998168143176601e-01
6.023868817596656974e-03 2.242105641526003224e-01
6.147853014922934414e-03 2.372113061160461833e-01
6.271837212249210987e-03 2.495551664088627442e-01
6.395821409575488427e-03 2.591545068884281156e-01
6.519805606901764999e-03 2.647744769058165137e-01
6.643789804228041572e-03 2.668988750785987185e-01
6.767774001554318145e-03 2.678854767112052726e-01
6.891758198880595584e-03 2.712314108842578952e-01
7.015742396206872157e-03 2.801662578410661908e-01
7.139726593533149597e-03 2.961648325854159824e-01
7.263710790859426170e-03 3.181332451407427597e-01
7.387694988185703610e-03 3.427539902935191618e-01
7.511679185511980182e-03 3.658441673573503139e-01
7.635663382838257622e-03 3.840316004409843886e-01
7.759647580164535062e-03 3.959841346201571910e-01
7.883631777490811635e-03 4.027578707308206440e-01
8.007615974817089075e-03 4.072047378210120194e-01
8.131600172143364780e-03 4.126662342951383233e-01
8.255584369469642220e-03 4.214751344466883820e-01
8.379568566795919660e-03 4.340013009946008804e-01
8.503552764122197100e-03 4.488000758002266277e-01
8.627536961448472805e-03 4.637924044929987999e-01
8.751521158774750245e-03 4.777391850931925754e-01
8.875505356101027685e-03 4.910626210668327385e-01
8.999489553427306859e-03 5.054497356283018661e-01
9.123473750753580830e-03 5.224279178920071542e-01
9.247457948079858270e-03 5.418440665856186778e-01
9.371442145406135710e-03 5.614339994864762096e-01
9.495426342732413150e-03 5.780748007251587106e-01
9.619410540058690590e-03 5.900678234836058689e-01
9.743394737384966295e-03 5.988137473635042340e-01
9.867378934711245470e-03 6.084670302335477565e-01
9.991363132037521175e-03 6.235967310368270011e-01
1.011534732936379688e-02 6.463956059856944547e-01
1.023933152669007432e-02 6.752947163114615403e-01
1.036331572401635176e-02 7.057569743960022679e-01
1.048729992134263093e-02 7.325499224661751185e-01
1.061128411866890491e-02 7.521027006094765932e-01
1.073526831599518408e-02 7.638932237459601371e-01
1.085925251332145978e-02 7.705443699153479153e-01
1.098323671064773722e-02 7.767742998481947936e-01
1.110722090797401466e-02 7.875275432848019008e-01
1.123120510530029037e-02 8.058598884429302167e-01
1.135518930262656954e-02 8.314862468668571260e-01
1.147917349995284525e-02 8.608841370739885868e-01
1.160315769727912269e-02 8.891461981310643248e-01
1.172714189460540013e-02 9.126953856092776540e-01
1.185112609193167410e-02 9.312750721992218983e-01
1.197511028925795501e-02 9.479002200926071042e-01
1.209909448658422898e-02 9.666826746250847258e-01
1.222307868391050815e-02 9.899167249396185753e-01
1.234706288123678559e-02 1.016469787124665514e+00
1.247104707856306303e-02 1.042695939459304943e+00
1.259503127588933874e-02 1.065239833989964247e+00
1.271901547321561445e-02 1.083669170789106406e+00
1.284299967054189189e-02 1.101039662711134515e+00
1.296698386786817106e-02 1.122049068660663229e+00
1.309096806519444676e-02 1.150074180085210340e+00
1.321495226252072420e-02 1.184972642766141115e+00
1.333893645984699991e-02 1.222902313196406965e+00
1.346292065717327562e-02 1.258168565390149318e+00
1.358690485449955306e-02 1.286044702807733531e+00
1.371088905182583050e-02 1.305143830043283382e+00
1.383487324915210620e-02 1.318272521215261284e+00
1.395885744647838711e-02 1.331390954627683643e+00
1.408284164380465935e-02 1.350998036703446425e+00
1.420682584113093852e-02 1.380911438026395155e+00
1.433081003845721423e-02 1.419978282274038106e+00
1.445479423578349340e-02 1.462267291757274768e+00
1.457877843310977084e-02 1.500178524155725279e+00
1.470276263043604481e-02 1.528929708824967371e+00
1.482674682776232225e-02 1.549500156233243553e+00
1.495073102508860143e-02 1.567832325974136243e+00
1.507471522241487887e-02 1.590749070359370965e+00
1.519869941974115631e-02 1.621582017438594869e+00
1.532268361706743028e-02 1.658724088226559479e+00
1.544666781439370945e-02 1.697941110074052240e+00
1.557065201171998516e-02 1.736264657665548272e+00
1.569463620904626433e-02 1.774144446645110840e+00
1.581862040637254177e-02 1.814175761267469822e+00
1.594260460369881574e-02 1.857698444192778187e+00
1.606658880102509318e-02 1.902350025372319786e+00
1.619057299835137062e-02 1.942803688046462307e+00
1.631455719567764806e-02 1.974283698246187768e+00
1.643854139300392897e-02 1.996283258241070557e+00
1.656252559033020294e-02 2.013818263289579136e+00
1.668650978765647691e-02 2.035291207007738912e+00
1.681049398498275435e-02 2.068143273607983001e+00
1.693447818230903179e-02 2.114679471163420477e+00
1.705846237963531270e-02 2.170379261257698644e+00
1.718244657696158667e-02 2.225828281231787553e+00
1.730643077428786411e-02 2.271550122052147014e+00
1.743041497161413808e-02 2.303294567078732147e+00
1.755439916894041899e-02 2.324819624257185247e+00
1.767838336626669643e-02 2.346421363228790025e+00
1.780236756359297040e-02 2.379805983313378448e+00
1.792635176091924784e-02 2.431987162775728351e+00
1.805033595824552528e-02 2.501520917834125779e+00
1.817432015557180619e-02 2.579156630667935435e+00
1.829830435289808363e-02 2.652487665336341394e+00
1.842228855022435413e-02 2.711883859239808459e+00
1.854627274755063504e-02 2.754414679322512605e+00
1.867025694487690901e-02 2.784014214391738129e+00
1.879424114220318992e-02 2.808556630979042179e+00
1.891822533952946736e-02 2.835995791068635974e+00
1.904220953685574133e-02 2.871523708104183115e+00
1.916619373418201877e-02 2.916542540929353056e+00
1.929017793150829274e-02 2.969244980785776367e+00
1.941416212883457365e-02 3.026171361339838661e+00
1.953814632616085456e-02 3.084012672405750166e+00
1.966213052348712506e-02 3.140954760444989446e+00
1.978611472081340250e-02 3.197091927372242903e+00
1.991009891813968341e-02 3.253901063378446867e+00
2.003408311546596085e-02 3.313206457355242218e+00
2.015806731279223482e-02 3.376186000440211110e+00
2.028205151011850879e-02 3.442777247503728155e+00
2.040603570744478623e-02 3.511630761550436297e+00
2.053001990477107061e-02 3.580699179796649201e+00
2.065400410209734458e-02 3.648393402396668872e+00
2.077798829942361855e-02 3.714707748315526192e+00
2.090197249674989599e-02 3.781241137306389000e+00
2.102595669407617343e-02 3.849561464510973696e+00
2.114994089140245434e-02 3.918962910853696080e+00
2.127392508872872831e-02 3.985819953597959486e+00
2.139790928605500228e-02 4.045760756347912768e+00
2.152189348338128319e-02 4.097255730708559973e+00
2.164587768070756063e-02 4.143611964588235885e+00
2.176986187803383807e-02 4.191683357076001926e+00
2.189384607536011551e-02 4.248552578805994351e+00
2.201783027268638948e-02 4.318873567901956534e+00
2.214181447001266692e-02 4.404185842342080548e+00
2.226579866733894436e-02 4.503297294647419236e+00
2.238978286466522180e-02 4.612418627304847085e+00
2.251376706199150271e-02 4.725199718126778414e+00
2.263775125931777321e-02 4.833896257850213374e+00
2.276173545664405065e-02 4.932043037965048171e+00
2.288571965397033156e-02 5.017257913948232506e+00
2.300970385129660900e-02 5.092268358758081703e+00
2.313368804862288644e-02 5.163549684050201094e+00
2.325767224594915694e-02 5.238618804677416918e+00
2.338165644327543785e-02 5.323376973549229341e+00
2.350564064060171876e-02 5.420090938275428094e+00
2.362962483792799273e-02 5.526246042093347022e+00
2.375360903525427017e-02 5.635175350138464268e+00
2.387759323258054067e-02 5.739416160912531595e+00
2.400157742990682505e-02 5.835678046069616265e+00
2.412556162723310249e-02 5.927807113824036023e+00
2.424954582455937646e-02 6.024726415322830597e+00
2.437353002188565390e-02 6.134552329901550749e+00
2.449751421921193134e-02 6.259786400161465814e+00
2.462149841653820878e-02 6.397424487444960839e+00
2.474548261386448622e-02 6.542964498840036391e+00
2.486946681119076019e-02 6.693862556815405540e+00
2.499345100851704110e-02 6.849445644552994317e+00
2.511743520584331854e-02 7.008560098705910235e+00
2.524141940316959251e-02 7.168457261560536864e+00
2.536540360049586995e-02 7.326509264748491290e+00
2.548938779782215086e-02 7.482905448746194566e+00
2.561337199514842483e-02 7.641394823248447210e+00
2.573735619247470227e-02 7.807331799626817670e+00
2.586134038980097624e-02 7.985170059006101440e+00
2.598532458712725715e-02 8.178100155047649977e+00
2.610930878445353459e-02 8.390208573183722152e+00
2.623329298177980856e-02 8.628578855548362014e+00
2.635727717910608600e-02 8.902062982370379629e+00
2.648126137643236691e-02 9.216024381925546294e+00
2.660524557375864435e-02 9.566201267765748639e+00
2.672922977108492179e-02 9.936553113473369336e+00
2.685321396841119576e-02 1.030382286931474312e+01
2.697719816573747320e-02 1.064709797701236127e+01
2.710118236306375758e-02 1.095710984280454525e+01
2.722516656039002461e-02 1.123974087184059911e+01
2.734915075771630205e-02 1.151153210307349894e+01
2.747313495504258296e-02 1.179011603750723758e+01
2.759711915236886040e-02 1.208593604148450495e+01
2.772110334969513784e-02 1.240017097469113594e+01
2.784508754702141181e-02 1.272807491152287618e+01
2.796907174434768925e-02 1.306214133215051376e+01
2.809305594167397016e-02 1.339057504420637201e+01
2.821704013900024760e-02 1.369255510936961606e+01
2.834102433632652504e-02 1.393645567095750337e+01
2.846500853365279901e-02 1.408571330993739856e+01
2.858899273097907298e-02 1.411087051071275411e+01
2.871297692830535389e-02 1.400129876554170139e+01
2.883696112563162786e-02 1.377044824839460624e+01
2.896094532295790530e-02 1.345319800828906232e+01
2.908492952028418621e-02 1.309830452197543593e+01
2.920891371761046018e-02 1.275952378673083309e+01
2.933289791493673762e-02 1.248674762420233364e+01
2.945688211226301853e-02 1.231737517336259202e+01
2.958086630958929597e-02 1.226984095371636130e+01
2.970485050691556647e-02 1.234285937567003977e+01
2.982883470424184044e-02 1.252169741992050866e+01
2.995281890156812135e-02 1.278726938301853089e+01
3.007680309889440226e-02 1.312048951043705713e+01
3.020078729622067623e-02 1.349777236632193933e+01
3.032477149354695367e-02 1.388213511800694810e+01
3.044875569087322764e-02 1.422057151822159682e+01
3.057273988819951202e-02 1.445565295024433361e+01
3.069672408552578946e-02 1.454848016149623291e+01
3.082070828285206343e-02 1.449955857325971209e+01
3.094469248017833393e-02 1.435309507042174104e+01
3.106867667750461831e-02 1.418041858763839969e+01
3.119266087483089228e-02 1.405196581456192462e+01
3.131664507215716625e-02 1.401376658433614608e+01
3.144062926948344716e-02 1.407931653066490085e+01
3.156461346680972807e-02 1.423662105778664611e+01
3.168859766413600204e-02 1.446233150905301557e+01
3.181258186146227601e-02 1.473476771377470129e+01
3.193656605878854998e-02 1.504223040686589385e+01
3.206055025611483089e-02 1.538654738124636268e+01
3.218453445344111180e-02 1.578193889495702962e+01
3.230851865076738577e-02 1.624866942797390834e+01
3.243250284809365974e-02 1.680283657496896410e+01
3.255648704541994065e-02 1.744700469943345311e+01
3.268047124274621462e-02 1.816680670406315912e+01
3.280445544007249553e-02 1.893444905438823511e+01
3.292843963739876950e-02 1.971542086071634614e+01
3.305242383472505041e-02 2.047451370949996274e+01
3.317640803205132438e-02 2.118049358356091005e+01
3.330039222937759835e-02 2.181012426227398393e+01
3.342437642670387926e-02 2.234995058279674751e+01
3.354836062403015323e-02 2.279261089418961461e+01
3.367234482135643414e-02 2.312746945260834153e+01
3.379632901868271505e-02 2.333101572528445899e+01
3.392031321600898208e-02 2.336521899373997257e+01
3.404429741333526299e-02 2.318883197656725770e+01
3.416828161066153696e-02 2.277903886129912081e+01
3.429226580798781787e-02 2.215316017691444372e+01
3.441625000531410572e-02 2.137735677036296522e+01
3.454023420264036581e-02 2.055446782953763574e+01
3.466421839996664672e-02 1.979425165254055585e+01
3.478820259729292763e-02 1.917944955432394138e+01
3.491218679461920160e-02 1.874351381711882425e+01
3.503617099194548251e-02 1.846920675368079046e+01
3.516015518927175648e-02 1.830615584571741294e+01
3.528413938659803045e-02 1.819665535333402318e+01
3.540812358392431136e-02 1.809735218661004552e+01
3.553210778125059227e-02 1.798996187718492124e+01
3.565609197857687318e-02 1.788204030443072767e+01
3.578007617590314715e-02 1.780315048657754318e+01
3.590406037322941418e-02 1.780040679892597311e+01
3.602804457055569509e-02 1.793346916089815934e+01
3.615202876788196906e-02 1.826714767606388179e+01
3.627601296520824997e-02 1.886118182363467000e+01
3.639999716253453088e-02 1.975895199399668556e+01
3.652398135986079791e-02 2.097690106682949818e+01
3.664796555718707882e-02 2.249437786317407273e+01
3.677194975451336667e-02 2.424282645282395876e+01
3.689593395183964064e-02 2.609684799663780908e+01
3.701991814916591461e-02 2.787601775796860437e+01
3.714390234649218164e-02 2.936861167501025349e+01
3.726788654381846255e-02 3.038053494412395494e+01
3.739187074114474346e-02 3.079681007164411000e+01
3.751585493847101743e-02 3.062943338447662001e+01
3.763983913579729834e-02 3.002514975112615758e+01
3.776382333312357925e-02 2.922255041724902469e+01
3.788780753044985322e-02 2.847247821920055699e+01
3.801179172777613413e-02 2.795558310056631512e+01
3.813577592510240810e-02 2.773373280116299000e+01
3.825976012242868207e-02 2.775441201597354990e+01
3.838374431975496298e-02 2.789868481170872272e+01
3.850772851708123001e-02 2.804148838825216217e+01
3.863171271440751092e-02 2.809168775978443833e+01
3.875569691173379183e-02 2.799767488229342760e+01
3.887968110906006580e-02 2.772808884019188724e+01
3.900366530638635365e-02 2.725034838220313915e+01
3.912764950371262068e-02 2.652571780054249828e+01
3.925163370103890159e-02 2.552430223994979741e+01
3.937561789836518250e-02 2.424832993859905983e+01
3.949960209569144953e-02 2.274669686441998095e+01
3.962358629301773044e-02 2.111009660222680751e+01
3.974757049034401135e-02 1.944856366357947763e+01
3.987155468767027838e-02 1.786298977014037348e+01
3.999553888499655929e-02 1.642343519787553419e+01
4.011952308232283326e-02 1.516107641299028863e+01
4.024350727964912111e-02 1.407304796781996714e+01
4.036749147697540202e-02 1.313483479023196310e+01
4.049147567430166905e-02 1.231410006374160382e+01
4.061545987162794302e-02 1.158137994112924929e+01
4.073944406895422393e-02 1.091535270484997078e+01
4.086342826628049790e-02 1.030265592480259684e+01
4.098741246360677881e-02 9.734305197011575927e+00
4.111139666093304584e-02 9.202266897401717216e+00
4.123538085825932675e-02 8.699557618005091086e+00
4.135936505558561460e-02 8.224524653608556335e+00
4.148334925291188857e-02 7.785954032966446725e+00
4.160733345023816948e-02 7.403765121688544504e+00
4.173131764756445039e-02 7.102747852318362476e+00
4.185530184489071048e-02 6.902397963338421150e+00
4.197928604221699139e-02 6.809510831609040693e+00
4.210327023954326536e-02 6.818421107639489165e+00
4.222725443686954627e-02 6.918201629930152308e+00
4.235123863419582718e-02 7.101634888361896714e+00
4.247522283152209421e-02 7.370641641255835097e+00
4.259920702884838206e-02 7.736048141088457619e+00
4.272319122617466297e-02 8.212643506549577310e+00
4.284717542350093694e-02 8.811484398854405597e+00
4.297115962082721785e-02 9.531320545688062751e+00
4.309514381815347794e-02 1.035153848385549757e+01
4.321912801547975885e-02 1.122994941715190897e+01
4.334311221280603976e-02 1.210815252820345478e+01
4.346709641013231373e-02 1.292399018991520521e+01
4.359108060745859464e-02 1.362636492642890040e+01
4.371506480478488249e-02 1.418573561252370574e+01
4.383904900211114952e-02 1.459603400352218117e+01
4.396303319943743043e-02 1.486908992989866896e+01
4.408701739676370440e-02 1.502678069760757751e+01
4.421100159408998531e-02 1.509590078183996553e+01
4.433498579141625928e-02 1.510705166854869930e+01
4.445896998874252631e-02 1.509535749039546815e+01
4.458295418606880722e-02 1.509997759875470180e+01
4.470693838339508813e-02 1.516051327499861046e+01
4.483092258072136904e-02 1.530979975963588124e+01
4.495490677804764995e-02 1.556418501177641822e+01
4.507889097537391698e-02 1.591497543620352317e+01
4.520287517270019789e-02 1.632694870084648286e+01
4.532685937002647880e-02 1.674826269835568127e+01
4.545084356735275277e-02 1.712946803978638499e+01
4.557482776467902674e-02 1.744208417517210208e+01
4.569881196200530071e-02 1.768632593912207085e+01
4.582279615933157468e-02 1.788491053239701500e+01
4.594678035665785559e-02 1.806907797909547142e+01
4.607076455398413650e-02 1.826591797580829279e+01
4.619474875131041741e-02 1.849159035277979868e+01
4.631873294863669832e-02 1.874910251831927965e+01
4.644271714596296535e-02 1.902774401032407781e+01
4.656670134328924626e-02 1.930386498508333304e+01
4.669068554061552717e-02 1.954506393801673525e+01
4.681466973794179420e-02 1.971891749025981966e+01
4.693865393526807511e-02 1.980393743333009837e+01
4.706263813259434214e-02 1.979772904967247982e+01
4.718662232992062999e-02 1.971805008543352855e+01
4.731060652724691090e-02 1.959659127128370670e+01
4.743459072457318487e-02 1.946988131795503918e+01
4.755857492189946578e-02 1.937306326293194658e+01
4.768255911922573975e-02 1.933902248305950877e+01
4.780654331655201372e-02 1.939989482585920655e+01
4.793052751387828769e-02 1.958488803637043318e+01
4.805451171120456166e-02 1.991066706971996680e+01
4.817849590853084257e-02 2.036722904779555066e+01
4.830248010585713042e-02 2.090839892641476894e+01
4.842646430318339745e-02 2.145639450428076955e+01
4.855044850050967836e-02 2.192261513492570657e+01
4.867443269783595927e-02 2.223633300246638811e+01
4.879841689516223324e-02 2.236745487896030937e+01
4.892240109248851415e-02 2.233382944149171223e+01
4.904638528981478118e-02 2.219391721858523070e+01
4.917036948714105515e-02 2.203268934234715815e+01
4.929435368446733606e-02 2.194695428086799893e+01
4.941833788179361003e-02 2.202981704117681261e+01
4.954232207911989788e-02 2.235107536533333672e+01
4.966630627644617185e-02 2.293485474145876779e+01
4.979029047377244582e-02 2.374327200039845565e+01
4.991427467109872673e-02 2.467740870317047452e+01
5.003825886842500070e-02 2.560029154364483617e+01
5.016224306575128161e-02 2.637457358007416985e+01
5.028622726307755558e-02 2.689888088882553063e+01
5.041021146040382261e-02 2.712794968802185380e+01
5.053419565773010352e-02 2.707172578879786329e+01
5.065817985505639137e-02 2.677998373790120823e+01
5.078216405238266534e-02 2.632410919839343322e+01
5.090614824970894625e-02 2.578437921512368192e+01
5.103013244703521328e-02 2.524330461784620283e+01
5.115411664436149419e-02 2.477967247892595282e+01
5.127810084168777510e-02 2.445811865688002484e+01
5.140208503901404907e-02 2.431484274668979140e+01
5.152606923634032998e-02 2.434630155040045452e+01
5.165005343366659701e-02 2.450841268822114216e+01
5.177403763099287792e-02 2.472770416087384504e+01
5.189802182831915883e-02 2.491845825079799681e+01
5.202200602564543280e-02 2.499841615895116220e+01
5.214599022297171371e-02 2.490092496363746832e+01
5.226997442029798768e-02 2.458655133977530838e+01
5.239395861762426165e-02 2.405527973613536119e+01
5.251794281495054256e-02 2.335333542169216514e+01
5.264192701227682347e-02 2.256562717279041053e+01
5.276591120960309744e-02 2.179168946452433531e+01
5.288989540692937141e-02 2.111491061494429999e+01
5.301387960425564538e-02 2.058070234158550704e+01
5.313786380158193323e-02 2.019343833405809363e+01
5.326184799890820026e-02 1.992958655755511188e+01
5.338583219623448117e-02 1.975555293783847333e+01
5.350981639356074820e-02 1.963905428967394684e+01
5.363380059088702217e-02 1.955035571030688857e+01
5.375778478821330308e-02 1.945811061809627773e+01
5.388176898553958399e-02 1.932804968216462882e+01
5.400575318286585796e-02 1.912937868401921548e+01
5.412973738019213887e-02 1.884639702191335431e+01
5.425372157751841978e-02 1.848757325255143869e+01
5.437770577484468681e-02 1.808543217958929006e+01
5.450168997217097466e-02 1.768680289143250661e+01
5.462567416949724863e-02 1.733870096390213789e+01
5.474965836682351567e-02 1.707610887113105136e+01
5.487364256414979657e-02 1.691483721027111997e+01
5.499762676147606361e-02 1.684935363705853817e+01
5.512161095880235145e-02 1.685460117068559072e+01
5.524559515612863236e-02 1.689163007177724296e+01
5.536957935345491327e-02 1.691686370842952059e+01
5.549356355078118030e-02 1.689296790248817715e+01
5.561754774810746815e-02 1.679722501733762385e+01
5.574153194543373518e-02 1.662359903947785611e+01
5.586551614276000916e-02 1.637798592350182858e+01
5.598950034008629006e-02 1.607022276335685973e+01
5.611348453741255710e-02 1.570809959202198414e+01
5.623746873473884494e-02 1.529674263920715482e+01
5.636145293206511891e-02 1.484296533005478835e+01
5.648543712939140676e-02 1.436102816466086196e+01
5.660942132671768073e-02 1.387526219645457992e+01
5.673340552404396164e-02 1.341666701501019965e+01
5.685738972137022867e-02 1.301437692889811792e+01
5.698137391869650958e-02 1.268665224701459060e+01
5.710535811602278355e-02 1.243672578753188063e+01
5.722934231334905752e-02 1.225544015009667298e+01
5.735332651067533843e-02 1.212807319580037380e+01
5.747731070800161240e-02 1.204114141140800776e+01
5.760129490532790025e-02 1.198696376959681409e+01
5.772527910265416728e-02 1.196616186138173354e+01
5.784926329998045513e-02 1.198831146860501740e+01
5.797324749730672216e-02 1.206970758288317747e+01
5.809723169463301001e-02 1.222763554991459678e+01
5.822121589195927704e-02 1.247319993812019767e+01
5.834520008928554408e-02 1.280678563997501129e+01
5.846918428661183192e-02 1.321882524346677990e+01
5.859316848393811283e-02 1.369444974957353445e+01
5.871715268126437987e-02 1.421744453361473859e+01
5.884113687859066077e-02 1.476962508267911467e+01
5.896512107591694168e-02 1.532577492094856986e+01
5.908910527324321565e-02 1.584835413390021408e+01
5.921308947056950350e-02 1.628711694335493121e+01
5.933707366789577053e-02 1.658601437983463711e+01
5.946105786522205144e-02 1.669556818320310754e+01
5.958504206254832541e-02 1.658630143143163238e+01
5.970902625987459938e-02 1.625897746536497124e+01
5.983301045720088029e-02 1.574895642386707273e+01
5.995699465452715426e-02 1.512304074457713732e+01
6.008097885185343517e-02 1.446789217641655334e+01
6.020496304917970914e-02 1.387131326099207840e+01
6.032894724650599005e-02 1.340173006545917289e+01
6.045293144383226402e-02 1.309401180995452663e+01
6.057691564115854493e-02 1.294754564885771586e+01
6.070089983848481197e-02 1.293559113768216839e+01
6.082488403581108594e-02 1.301874210149151345e+01
6.094886823313736685e-02 1.315521896383485512e+01
6.107285243046364775e-02 1.330626958632739765e+01
6.119683662778993560e-02 1.344008211609509473e+01
6.132082082511620263e-02 1.353713344408307329e+01
6.144480502244248354e-02 1.359521048680017685e+01
6.156878921976875751e-02 1.362949769000806732e+01
6.169277341709503842e-02 1.366563540507332597e+01
6.181675761442131239e-02 1.372875935606663944e+01
6.194074181174759330e-02 1.383401385533428218e+01
6.206472600907386034e-02 1.398217473137407652e+01
6.218871020640014124e-02 1.416050945616595591e+01
6.231269440372642215e-02 1.434699041153559307e+01
6.243667860105269612e-02 1.451607540866416635e+01
6.256066279837897703e-02 1.464524661246722737e+01
6.268464699570523713e-02 1.472205857211444169e+01
6.280863119303153885e-02 1.475077221793442561e+01
6.293261539035781282e-02 1.475579803412643543e+01
6.305659958768408679e-02 1.477797820481213087e+01
6.318058378501036076e-02 1.486200378496610774e+01
6.330456798233662086e-02 1.503919918702746550e+01
6.342855217966292258e-02 1.531497281565753887e+01
6.355253637698918268e-02 1.566876969462872182e+01
6.367652057431547052e-02 1.606616566298595217e+01
6.380050477164173062e-02 1.647448703396493741e+01
6.392448896896801847e-02 1.687213772895263375e+01
6.404847316629430631e-02 1.724807996102282814e+01
6.417245736362058028e-02 1.759557652147304552e+01
6.429644156094685425e-02 1.790723874049965758e+01
6.442042575827311435e-02 1.817539622366862417e+01
6.454440995559940220e-02 1.839603484037432324e+01
6.466839415292567617e-02 1.857061711464395870e+01
6.479237835025196401e-02 1.870125368265384225e+01
6.491636254757822411e-02 1.878078885917886254e+01
6.504034674490451196e-02 1.878598554807618370e+01
6.516433094223079980e-02 1.868298633484159410e+01
6.528831513955707377e-02 1.844708945034976821e+01
6.541229933688334774e-02 1.808803568863746492e+01
6.553628353420962172e-02 1.766577894456060349e+01
6.566026773153589569e-02 1.728529758514037340e+01
6.578425192886216966e-02 1.707005952612434996e+01
6.590823612618845750e-02 1.712464642860598119e+01
6.603222032351471760e-02 1.750124786486628281e+01
6.615620452084101932e-02 1.818146394253245290e+01
6.628018871816729329e-02 1.907817327007486341e+01
6.640417291549355339e-02 2.005633401397695792e+01
6.652815711281984123e-02 2.096733397209579763e+01
6.665214131014611521e-02 2.168758148260742402e+01
6.677612550747240305e-02 2.214890889100696114e+01
6.690010970479866315e-02 2.234943197194351683e+01
6.702409390212493712e-02 2.234105884342793047e+01
6.714807809945121109e-02 2.220070535201970685e+01
6.727206229677749894e-02 2.199936255426524312e+01
6.739604649410378678e-02 2.178182233333653883e+01
6.752003069143006075e-02 2.156187793689303334e+01
6.764401488875633472e-02 2.132922530951374185e+01
6.776799908608260870e-02 2.106038210591367843e+01
6.789198328340888267e-02 2.072792413264312827e+01
6.801596748073517051e-02 2.030718281399191838e+01
6.813995167806144448e-02 1.978255614210636892e+01
6.826393587538770458e-02 1.915435281580903748e+01
6.838792007271399243e-02 1.844362076517757387e+01
6.851190427004026640e-02 1.769091631468930004e+01
6.863588846736655424e-02 1.694743561293041267e+01
6.875987266469282821e-02 1.626133144004060327e+01
6.888385686201911606e-02 1.566479145501671688e+01
6.900784105934537616e-02 1.516685844421560070e+01
6.913182525667165013e-02 1.475407297885502977e+01
6.925580945399793797e-02 1.439788850661922481e+01
6.937979365132419807e-02 1.406577514989265687e+01
6.950377784865049979e-02 1.373228793230292410e+01
6.962776204597675989e-02 1.338694975638883911e+01
6.975174624330303386e-02 1.303712725399110006e+01
6.987573044062932170e-02 1.270537124298470566e+01
6.999971463795559568e-02 1.242147847295882279e+01
7.012369883528188352e-02 1.221049427604908821e+01
7.024768303260815749e-02 1.208010845131432909e+01
7.037166722993441759e-02 1.201357507371487898e+01
7.049565142726070543e-02 1.197405682534929916e+01
7.061963562458697941e-02 1.192069610435449256e+01
7.074361982191325338e-02 1.182842816854488177e+01
7.086760401923954122e-02 1.169949825362028406e+01
7.099158821656580132e-02 1.155937992120920654e+01
7.111557241389208917e-02 1.144023678155199164e+01
7.123955661121836314e-02 1.136299241350762124e+01
7.136354080854465098e-02 1.132873637413926993e+01
7.148752500587092495e-02 1.132288695987603155e+01
7.161150920319719893e-02 1.132724523521563675e+01
7.173549340052347290e-02 1.133117754790749032e+01
7.185947759784973299e-02 1.133516561512050913e+01
7.198346179517603471e-02 1.134561460819434053e+01
7.210744599250230868e-02 1.136521200959579758e+01
7.223143018982858266e-02 1.138530635615366826e+01
7.235541438715485663e-02 1.138514566451658183e+01
7.247939858448113060e-02 1.133879747175656227e+01
7.260338278180741844e-02 1.122631727093037490e+01
7.272736697913369242e-02 1.104331636437581210e+01
7.285135117645996639e-02 1.080388178888441431e+01
7.297533537378624036e-02 1.053550639234079256e+01
7.309931957111251433e-02 1.026898748609406198e+01
7.322330376843880217e-02 1.002839026042640569e+01
7.334728796576507615e-02 9.825180656420041458e+00
7.347127216309136399e-02 9.657877700775236107e+00
7.359525636041763796e-02 9.516108455179836056e+00
7.371924055774389806e-02 9.386694277498241590e+00
7.384322475507018591e-02 9.259120542972310020e+00
7.396720895239645988e-02 9.128266615375743243e+00
7.409119314972274772e-02 8.993818183950406109e+00
7.421517734704902169e-02 8.857875831329623750e+00
7.433916154437528179e-02 8.723288114731641230e+00
7.446314574170156964e-02 8.594042709438539873e+00
7.458712993902784361e-02 8.476746363286700614e+00
7.471111413635413145e-02 8.381153907076171805e+00
7.483509833368040542e-02 8.318684087823795537e+00
7.495908253100666552e-02 8.299407182861052945e+00
7.508306672833295337e-02 8.328523625885488002e+00
7.520705092565922734e-02 8.403097739056343940e+00
7.533103512298551518e-02 8.509926455595048012e+00
7.545501932031177528e-02 8.625997813248512003e+00
7.557900351763806313e-02 8.722805018038107150e+00
7.570298771496433710e-02 8.773997980822464626e+00
7.582697191229061107e-02 8.763434438643326274e+00
7.595095610961689891e-02 8.689774253998578502e+00
7.607494030694317289e-02 8.565552781751698319e+00
7.619892450426944686e-02 8.412014236843784687e+00
7.632290870159572083e-02 8.253266992767104071e+00
7.644689289892199480e-02 8.112898776564083647e+00
7.657087709624828264e-02 8.013716540818785816e+00
7.669486129357455662e-02 7.978698413216953611e+00
7.681884549090083059e-02 8.030070383033550030e+00
7.694282968822710456e-02 8.184156275000729508e+00
7.706681388555337853e-02 8.442142257709852160e+00
7.719079808287966638e-02 8.780314856184482153e+00
7.731478228020594035e-02 9.145844864708305266e+00
7.743876647753221432e-02 9.463527541432521062e+00
7.756275067485850216e-02 9.654149956607630756e+00
7.768673487218476226e-02 9.658436403590275887e+00
7.781071906951105011e-02 9.456236467021806646e+00
7.793470326683732408e-02 9.072213714570487753e+00
7.805868746416359805e-02 8.566105026315987914e+00
7.818267166148988589e-02 8.013159760023921052e+00
7.830665585881614599e-02 7.483935560817990051e+00
7.843064005614243384e-02 7.030801044545253120e+00
7.855462425346870781e-02 6.683508731570529271e+00
7.867860845079499565e-02 6.451600744363386042e+00
7.880259264812126963e-02 6.329482696696203448e+00
7.892657684544752972e-02 6.300822067611139943e+00
7.905056104277381757e-02 6.341070512730657249e+00
7.917454524010009154e-02 6.418799596125648321e+00
7.929852943742637938e-02 6.497381039848712625e+00
7.942251363475265336e-02 6.538359690104671884e+00
7.954649783207892733e-02 6.506965309083841298e+00
7.967048202940520130e-02 6.378856716456443365e+00
7.979446622673147527e-02 6.145889085252467687e+00
7.991845042405776312e-02 5.818367137540485956e+00
8.004243462138403709e-02 5.422565836455960131e+00
8.016641881871031106e-02 4.994674500619289859e+00
8.029040301603658503e-02 4.574029059238118755e+00
8.041438721336285900e-02 4.198224646720683850e+00
8.053837141068914685e-02 3.900790997397662885e+00
8.066235560801542082e-02 3.710114615404653815e+00
8.078633980534169479e-02 3.647537510465939992e+00
8.091032400266796876e-02 3.723421735135751476e+00
8.103430819999424273e-02 3.931989120027476137e+00
8.115829239732053058e-02 4.247825482916446127e+00
8.128227659464680455e-02 4.627535084143608479e+00
8.140626079197307852e-02 5.018112476631169550e+00
8.153024498929936636e-02 5.369900528224854419e+00
8.165422918662562646e-02 5.648969434004875723e+00
8.177821338395191431e-02 5.843666159929452597e+00
8.190219758127818828e-02 5.963088357517567495e+00
8.202618177860446225e-02 6.029231326161161419e+00
8.215016597593075010e-02 6.067000568670357197e+00
8.227415017325701019e-02 6.096108394605399994e+00
8.239813437058329804e-02 6.126926942664286280e+00
8.252211856790957201e-02 6.160312316537109645e+00
8.264610276523584598e-02 6.190264077051331526e+00
8.277008696256213383e-02 6.207937672488236025e+00
8.289407115988839392e-02 6.205512309281067118e+00
8.301805535721468177e-02 6.178711141425210052e+00
8.314203955454095574e-02 6.127554978014388531e+00
8.326602375186724359e-02 6.055853387274399147e+00
8.339000794919351756e-02 5.970262871896587775e+00
8.351399214651979153e-02 5.879255657893610376e+00
8.363797634384606550e-02 5.791631769225477733e+00
8.376196054117233947e-02 5.713996789769375084e+00
8.388594473849862732e-02 5.647180132452549906e+00
8.400992893582490129e-02 5.582646459891186019e+00
8.413391313315117526e-02 5.500925149544649173e+00
8.425789733047744923e-02 5.374080072397141805e+00
8.438188152780372320e-02 5.172736694079452135e+00
8.450586572513001105e-02 4.875722234095658081e+00
8.462984992245628502e-02 4.478512218424992142e+00
8.475383411978255899e-02 3.996806216939317924e+00
8.487781831710883296e-02 3.463671440912374333e+00
8.500180251443510693e-02 2.921417545528558257e+00
8.512578671176139478e-02 2.411215017115010628e+00
8.524977090908766875e-02 1.963904953738088821e+00
8.537375510641394272e-02 1.594719396784770815e+00
8.549773930374023057e-02 1.303112871599916067e+00
8.562172350106649066e-02 1.077021971691566327e+00
8.574570769839277851e-02 8.993541129430236980e-01
8.586969189571905248e-02 7.540986716409285862e-01
8.599367609304532645e-02 6.302232184375538004e-01
8.611766029037161430e-02 5.227921790312489714e-01
8.624164448769787439e-02 4.317844494941890376e-01
8.636562868502416224e-02 3.596278880618048457e-01
8.648961288235043621e-02 3.086055964033184162e-01
8.661359707967671018e-02 2.790995143572235215e-01
8.673758127700299803e-02 2.691383719086479775e-01
8.686156547432925812e-02 2.750746611494543914e-01
8.698554967165554597e-02 2.927615957508198918e-01
8.710953386898181994e-02 3.185691565606685871e-01
8.723351806630809391e-02 3.498905653532248805e-01
8.735750226363438176e-02 3.851599476888651896e-01
8.748148646096065573e-02 4.236009442518201551e-01
8.760547065828692970e-02 4.649251952155051271e-01
8.772945485561320367e-02 5.091001694685431955e-01
8.785343905293947764e-02 5.562114615049764677e-01
8.797742325026576549e-02 6.063984013021679331e-01
8.810140744759203946e-02 6.598327817079374658e-01
8.822539164491831343e-02 7.167142985637950936e-01
8.834937584224458740e-02 7.772674448620829901e-01
8.847336003957087525e-02 8.417434145765604336e-01
8.859734423689714922e-02 9.104366811859557762e-01
8.872132843422343706e-02 9.837074391843996235e-01
8.884531263154969716e-02 1.061992199272901116e+00
8.896929682887597113e-02 1.145812954131520511e+00
8.909328102620225898e-02 1.235818610484570090e+00
8.921726522352853295e-02 1.332869816963141218e+00
8.934124942085480692e-02 1.438161976840367284e+00
8.946523361818109477e-02 1.553436609939352397e+00
8.958921781550735486e-02 1.681406016661292746e+00
8.971320201283364271e-02 1.826488309373494046e+00
8.983718621015993056e-02 1.995751494371430068e+00
8.996117040748619065e-02 2.199579244830764946e+00
9.008515460481247850e-02 2.451053936919067144e+00
9.020913880213873859e-02 2.762778470150696553e+00
9.033312299946502644e-02 3.140605167427703570e+00
9.045710719679130041e-02 3.575999756326016854e+00
9.058109139411757438e-02 4.041550614249472595e+00
9.070507559144386223e-02 4.494779512190591575e+00
9.082905978877012232e-02 4.891659302103709805e+00
9.095304398609641017e-02 5.204278487428273259e+00
9.107702818342268414e-02 5.432047493285929285e+00
9.120101238074898586e-02 5.597928340321832508e+00
9.132499657807524596e-02 5.730438271032783248e+00
9.144898077540151993e-02 5.842328205311370759e+00
9.157296497272779390e-02 5.919905591377965237e+00
9.169694917005406787e-02 5.929987983125597495e+00
9.182093336738034184e-02 5.839318784916767591e+00
9.194491756470662969e-02 5.633146081690129314e+00
9.206890176203290366e-02 5.321654040895682058e+00
9.219288595935917763e-02 4.932813302041072490e+00
9.231687015668546548e-02 4.499425044340304325e+00
9.244085435401172557e-02 4.049652043150922864e+00
9.256483855133801342e-02 3.604744707849552920e+00
9.268882274866428739e-02 3.181377288664981151e+00
9.281280694599056136e-02 2.794163677747930841e+00
9.293679114331683533e-02 2.456156616187086694e+00
9.306077534064312318e-02 2.177783925671748388e+00
9.318475953796939715e-02 1.965442894024558962e+00
9.330874373529567112e-02 1.820455907713335320e+00
9.343272793262195897e-02 1.738711998679943527e+00
9.355671212994821906e-02 1.711324080763375610e+00
9.368069632727452078e-02 1.726404846599223886e+00
9.380468052460078088e-02 1.771471872849969431e+00
9.392866472192705485e-02 1.835604727726501961e+00
9.405264891925334270e-02 1.910679757958614555e+00
9.417663311657960279e-02 1.991537566534209436e+00
9.430061731390589064e-02 2.075367871386299079e+00
9.442460151123216461e-02 2.160805000455145564e+00
9.454858570855845246e-02 2.247219262440538046e+00
9.467256990588472643e-02 2.334406193506238569e+00
9.479655410321100040e-02 2.422469524035623767e+00
9.492053830053727437e-02 2.511601070602722530e+00
9.504452249786354834e-02 2.601813881495835812e+00
9.516850669518982231e-02 2.692956501105658429e+00
9.529249089251611016e-02 2.785039181183029289e+00
9.541647508984238413e-02 2.878418682020764674e+00
9.554045928716865810e-02 2.973504906240853174e+00
9.566444348449494595e-02 3.070330510300554483e+00
9.578842768182120604e-02 3.168607631801711122e+00
9.591241187914750776e-02 3.268283171979641022e+00
9.603639607647376786e-02 3.369885475735796554e+00
9.616038027380004183e-02 3.474161615384020241e+00
9.628436447112631580e-02 3.581424985474052303e+00
9.640834866845258977e-02 3.691454041979995271e+00
9.653233286577887762e-02 3.804125016042657847e+00
9.665631706310515159e-02 3.920041567035521091e+00
9.678030126043143944e-02 4.040390154397162981e+00
9.690428545775769953e-02 4.166164777023357857e+00
9.702826965508400126e-02 4.297706053275187621e+00
9.715225385241026135e-02 4.435233851073217437e+00
9.727623804973654920e-02 4.579936800485669757e+00
9.740022224706282317e-02 4.734384157436185347e+00
9.752420644438908326e-02 4.901405618500146666e+00
9.764819064171535723e-02 5.081747979058389930e+00
9.777217483904164508e-02 5.271608293491976127e+00
9.789615903636791905e-02 5.461044821164047214e+00
9.802014323369420690e-02 5.633897982211727218e+00
9.814412743102048087e-02 5.769837319007710796e+00
9.826811162834675484e-02 5.848982011048125429e+00
9.839209582567304269e-02 5.858297388410190543e+00
9.851608002299930278e-02 5.797071397044406105e+00
9.864006422032559063e-02 5.678168303729608013e+00
9.876404841765185072e-02 5.523755784349551945e+00
9.888803261497813857e-02 5.357600810624011167e+00
9.901201681230441254e-02 5.198052487275547584e+00
9.913600100963068651e-02 5.054909659150680135e+00
9.925998520695698824e-02 4.930536209994079933e+00
9.938396940428324833e-02 4.823171895721563018e+00
9.950795360160953618e-02 4.729896304451333577e+00
9.963193779893579627e-02 4.647944742312627220e+00
9.975592199626208412e-02 4.574739883999842327e+00
9.987990619358835809e-02 4.507777692993578889e+00
1.000038903909146321e-01 4.445003818491440661e+00
1.001278745882409060e-01 4.385321117936464397e+00
1.002518587855671800e-01 4.328532413077405216e+00
1.003758429828934678e-01 4.274644589195529143e+00
1.004998271802197418e-01 4.223212865316049225e+00
1.006238113775460297e-01 4.173368367208346363e+00
1.007477955748722898e-01 4.124409778921347858e+00
1.008717797721985776e-01 4.076244345644162159e+00
1.009957639695248377e-01 4.029186807197165265e+00
1.011197481668511255e-01 3.983370381978570851e+00
1.012437323641773995e-01 3.938436684701333235e+00
1.013677165615036874e-01 3.893817637167218848e+00
1.014917007588299613e-01 3.849247679702069380e+00
1.016156849561562214e-01 3.804919467358163221e+00
1.017396691534825232e-01 3.761133825377396267e+00
1.018636533508087832e-01 3.717864742723914429e+00
1.019876375481350850e-01 3.674731713518832876e+00
1.021116217454613312e-01 3.631391910202733886e+00
1.022356059427876329e-01 3.587879394013242962e+00
1.023595901401138930e-01 3.544483462033468424e+00
1.024835743374401670e-01 3.501320233816182181e+00
1.026075585347664687e-01 3.458142792695831247e+00
1.027315427320927149e-01 3.414632317443358822e+00
1.028555269294190166e-01 3.370772256006818068e+00
1.029795111267452767e-01 3.326797540032535139e+00
1.031034953240715646e-01 3.282809479037533062e+00
1.032274795213978386e-01 3.238609772535682385e+00
1.033514637187241125e-01 3.193965647192134494e+00
1.034754479160503865e-01 3.148891075486419222e+00
1.035994321133766605e-01 3.103544519322289474e+00
1.037234163107029344e-01 3.057935318406163283e+00
1.038474005080292223e-01 3.011883675823631368e+00
1.039713847053555101e-01 2.965254650300959582e+00
1.040953689026817702e-01 2.918083784267088809e+00
1.042193531000080581e-01 2.870425621843544661e+00
1.043433372973343182e-01 2.822191795824226634e+00
1.044673214946606199e-01 2.773219466178225456e+00
1.045913056919868800e-01 2.723424786214295068e+00
1.047152898893131540e-01 2.672789634058021058e+00
1.048392740866394279e-01 2.621225719921856712e+00
1.049632582839657019e-01 2.568537772692535803e+00
1.050872424812920036e-01 2.514508352227979415e+00
1.052112266786182637e-01 2.458927926457393109e+00
1.053352108759445516e-01 2.401513924779102638e+00
1.054591950732708117e-01 2.341862122185434103e+00
1.055831792705970995e-01 2.279529315586988236e+00
1.057071634679233735e-01 2.214175536515397891e+00
1.058311476652496613e-01 2.145673508663492601e+00
1.059551318625759353e-01 2.074183919328600467e+00
1.060791160599022093e-01 2.000196153451052616e+00
1.062031002572284694e-01 1.924471789636639230e+00
1.063270844545547711e-01 1.847866327026841615e+00
1.064510686518810451e-01 1.771121088312940683e+00
1.065750528492073468e-01 1.694748472278796436e+00
1.066990370465335930e-01 1.619042216115093247e+00
1.068230212438598808e-01 1.544138125148019069e+00
1.069470054411861687e-01 1.470022759669669554e+00
1.070709896385124427e-01 1.396462251601724658e+00
1.071949738358387166e-01 1.322956349917074226e+00
1.073189580331649767e-01 1.248876588328440507e+00
1.074429422304912785e-01 1.173803911137155875e+00
1.075669264278175385e-01 1.097842100611630789e+00
1.076909106251438125e-01 1.021618881405441437e+00
1.078148948224701142e-01 9.459102045589614649e-01
1.079388790197963743e-01 8.711326265883578834e-01
1.080628632171226483e-01 7.970553008287454277e-01
1.081868474144489223e-01 7.229165516739947117e-01
1.083108316117752101e-01 6.478605239586460174e-01
1.084348158091014841e-01 5.714412434205351499e-01
1.085588000064277581e-01 4.939533654467870849e-01
1.086827842037540320e-01 4.164912863130207921e-01
1.088067684010803199e-01 3.407982414890866618e-01
1.089307525984065800e-01 2.690331036320521285e-01
1.090547367957328678e-01 2.035202786786586837e-01
1.091787209930591557e-01 1.464463579770989843e-01
1.093027051903854296e-01 9.946380881552872866e-02
1.094266893877116897e-01 6.328445268915443289e-02
1.095506735850379637e-01 3.745985572174489325e-02
1.096746577823642654e-01 2.050369425888673089e-02
1.097986419796905255e-01 1.032417027114632124e-02
1.099226261770168134e-01 4.761834502133140135e-03
1.100466103743430873e-01 2.004739875456106653e-03
1.101705945716693752e-01 7.681499609351695240e-04
1.102945787689956353e-01 2.672353240319838607e-04
1.104185629663219093e-01 8.424153891027050299e-05
1.105425471636482110e-01 2.402148514052075267e-05
1.106665313609744711e-01 6.186920500581198687e-06
1.107905155583007312e-01 1.437449416544729532e-06
1.109144997556270190e-01 3.009281749446416118e-07
1.110384839529533069e-01 5.670866729684216515e-08
1.111624681502795808e-01 9.610877678004961349e-09
1.112864523476058409e-01 1.463708460958817173e-09
1.114104365449321427e-01 2.001751435232147641e-10
1.115344207422584166e-01 2.456671406875789756e-11
1.116584049395846767e-01 2.704024495357512422e-12
1.117823891369109646e-01 2.667910440966282221e-13
1.119063733342372385e-01 2.358425536093451264e-14
1.120303575315635125e-01 1.867141614830698922e-15
1.121543417288897865e-01 1.323332954675683563e-16
1.122783259262160743e-01 8.393583066359605257e-18
1.124023101235423622e-01 4.762961722200733323e-19
1.125262943208686223e-01 2.417337165945162694e-20
1.126502785181948962e-01 1.097032379888487544e-21
1.127742627155211841e-01 4.450684318612175814e-23
1.128982469128474581e-01 1.613885054366582620e-24
1.130222311101737320e-01 5.229732386231328473e-26
1.131462153075000060e-01 1.514182790645642512e-27
1.132701995048262938e-01 3.916584527055596495e-29
1.133941837021525539e-01 9.049240617794289745e-31
1.135181678994788279e-01 1.867425434445766190e-32
1.136421520968051296e-01 3.441575697072757578e-34
1.137661362941314036e-01 5.663899140776270991e-36
1.138901204914576776e-01 8.323065206132166995e-38
1.140141046887839377e-01 1.092018415574467297e-39
1.141380888861102394e-01 1.279169734003754277e-41
1.142620730834365134e-01 1.337684279035509287e-43
1.143860572807627735e-01 1.248776393465262503e-45
1.145100414780890613e-01 1.040643824723800455e-47
1.146340256754153353e-01 7.740852758723722542e-50
1.147580098727415954e-01 5.139602674493332717e-52
1.148819940700678832e-01 3.045865986251843143e-54
1.150059782673941711e-01 1.611092567786160801e-56
1.151299624647204589e-01 7.605853155297844424e-59
1.152539466620467051e-01 3.204671936813793975e-61
1.153779308593729791e-01 1.205088452157524522e-63
1.155019150566992808e-01 4.044328445039868425e-66
1.156258992540255548e-01 1.211321214788517439e-68
1.157498834513518288e-01 3.237812113818645397e-71
1.158738676486781027e-01 7.723569072322208221e-74
1.159978518460043906e-01 1.644196558884633564e-76
1.161218360433306507e-01 3.123593416484007811e-79
1.162458202406569246e-01 5.295616676606644623e-82
1.163698044379832264e-01 8.011917809799830162e-85
1.164937886353095003e-01 1.081706100566734627e-87
1.166177728326357604e-01 1.297901732358788004e-90
1.167417570299620344e-01 0.000000000000000000e+00
1.168657412272883223e-01 0.000000000000000000e+00
1.169897254246145962e-01 0.000000000000000000e+00
1.171137096219408702e-01 0.000000000000000000e+00
1.172376938192671580e-01 0.000000000000000000e+00
1.173616780165934320e-01 0.000000000000000000e+00
1.174856622139196921e-01 0.000000000000000000e+00
1.176096464112459800e-01 0.000000000000000000e+00
1.177336306085722678e-01 0.000000000000000000e+00
1.178576148058985418e-01 0.000000000000000000e+00
1.179815990032248019e-01 0.000000000000000000e+00
1.181055832005510897e-01 0.000000000000000000e+00
1.182295673978773776e-01 0.000000000000000000e+00
1.183535515952036377e-01 0.000000000000000000e+00
1.184775357925299255e-01 0.000000000000000000e+00
1.186015199898561995e-01 0.000000000000000000e+00
1.187255041871824734e-01 0.000000000000000000e+00
1.188494883845087474e-01 0.000000000000000000e+00
1.189734725818350214e-01 0.000000000000000000e+00
1.190974567791613231e-01 0.000000000000000000e+00
1.192214409764875832e-01 0.000000000000000000e+00
1.193454251738138433e-01 0.000000000000000000e+00
1.194694093711401450e-01 0.000000000000000000e+00
1.195933935684664190e-01 0.000000000000000000e+00
1.197173777657926930e-01 0.000000000000000000e+00
1.198413619631189669e-01 0.000000000000000000e+00
1.199653461604452548e-01 0.000000000000000000e+00
1.200893303577715288e-01 0.000000000000000000e+00
1.202133145550977888e-01 0.000000000000000000e+00
1.203372987524240767e-01 0.000000000000000000e+00
1.204612829497503645e-01 0.000000000000000000e+00
1.205852671470766108e-01 0.000000000000000000e+00
1.207092513444028986e-01 0.000000000000000000e+00
1.208332355417291865e-01 0.000000000000000000e+00
1.209572197390554743e-01 0.000000000000000000e+00
1.210812039363817344e-01 0.000000000000000000e+00
1.212051881337080084e-01 0.000000000000000000e+00
1.213291723310342962e-01 0.000000000000000000e+00
1.214531565283605702e-01 0.000000000000000000e+00
1.215771407256868442e-01 0.000000000000000000e+00
1.217011249230131320e-01 0.000000000000000000e+00
1.218251091203394060e-01 0.000000000000000000e+00
1.219490933176656661e-01 0.000000000000000000e+00
1.220730775149919400e-01 0.000000000000000000e+00
1.221970617123182418e-01 0.000000000000000000e+00
1.223210459096445157e-01 0.000000000000000000e+00
1.224450301069707897e-01 0.000000000000000000e+00
1.225690143042970498e-01 0.000000000000000000e+00
1.226929985016233376e-01 0.000000000000000000e+00
1.228169826989496255e-01 0.000000000000000000e+00
1.229409668962758856e-01 0.000000000000000000e+00
1.230649510936021873e-01 0.000000000000000000e+00
1.231889352909284474e-01 0.000000000000000000e+00
1.233129194882547075e-01 0.000000000000000000e+00
1.234369036855809953e-01 0.000000000000000000e+00
1.235608878829072832e-01 0.000000000000000000e+00
1.236848720802335710e-01 0.000000000000000000e+00
1.238088562775598311e-01 0.000000000000000000e+00
1.239328404748861190e-01 0.000000000000000000e+00
1.240568246722123930e-01 0.000000000000000000e+00
1.241808088695386669e-01 0.000000000000000000e+00
1.243047930668649409e-01 0.000000000000000000e+00
1.244287772641912287e-01 0.000000000000000000e+00
1.245527614615175027e-01 0.000000000000000000e+00
1.246767456588437628e-01 0.000000000000000000e+00
1.248007298561700368e-01 0.000000000000000000e+00
1.249247140534963385e-01 0.000000000000000000e+00
1.250486982508226264e-01 0.000000000000000000e+00
1.251726824481488864e-01 0.000000000000000000e+00
1.252966666454751465e-01 0.000000000000000000e+00
1.254206508428014344e-01 0.000000000000000000e+00
1.255446350401276945e-01 0.000000000000000000e+00
1.256686192374540101e-01 0.000000000000000000e+00
1.257926034347802702e-01 0.000000000000000000e+00
1.259165876321065303e-01 0.000000000000000000e+00
1.260405718294328181e-01 0.000000000000000000e+00
1.261645560267591060e-01 0.000000000000000000e+00
1.262885402240853938e-01 0.000000000000000000e+00
1.264125244214116539e-01 0.000000000000000000e+00
1.265365086187379418e-01 0.000000000000000000e+00
1.266604928160642018e-01 0.000000000000000000e+00
1.267844770133904897e-01 0.000000000000000000e+00
1.269084612107167498e-01 0.000000000000000000e+00
1.270324454080430376e-01 0.000000000000000000e+00
1.271564296053693255e-01 0.000000000000000000e+00
1.272804138026955856e-01 0.000000000000000000e+00
1.274043980000218734e-01 0.000000000000000000e+00
1.275283821973481613e-01 0.000000000000000000e+00
1.276523663946744214e-01 0.000000000000000000e+00
1.277763505920007092e-01 0.000000000000000000e+00
1.279003347893269693e-01 0.000000000000000000e+00
1.280243189866532572e-01 0.000000000000000000e+00
1.281483031839795450e-01 0.000000000000000000e+00
1.282722873813057773e-01 0.000000000000000000e+00
1.283962715786320929e-01 0.000000000000000000e+00
1.285202557759583530e-01 0.000000000000000000e+00
1.286442399732846409e-01 0.000000000000000000e+00
1.287682241706109287e-01 0.000000000000000000e+00
1.288922083679371888e-01 0.000000000000000000e+00
1.290161925652634767e-01 0.000000000000000000e+00
1.291401767625897368e-01 0.000000000000000000e+00
1.292641609599160246e-01 0.000000000000000000e+00
1.293881451572423125e-01 0.000000000000000000e+00
1.295121293545685726e-01 0.000000000000000000e+00
1.296361135518948604e-01 0.000000000000000000e+00
1.297600977492211205e-01 0.000000000000000000e+00
1.298840819465474083e-01 0.000000000000000000e+00
1.300080661438736962e-01 0.000000000000000000e+00
1.301320503411999563e-01 0.000000000000000000e+00
