# eV, DoS, Note that this is averaged across each O atom per cell
7.262734593535923717e-05 1.650330310314940176e-03
1.966115432616362705e-04 1.460661973254435194e-03
3.205957405879133310e-04 1.160052276866499737e-03
4.445799379141903373e-04 8.426899474817811653e-04
5.685641352404672893e-04 6.048710217134682524e-04
6.925483325667442956e-04 5.339298337286806475e-04
8.165325298930213018e-04 7.183798816876215678e-04
9.405167272192984165e-04 1.261277873962202622e-03
1.064500924545575206e-03 2.270474407458645573e-03
1.188485121871852429e-03 3.812217748867158078e-03
1.312469319198129435e-03 5.844375723835754100e-03
1.436453516524406442e-03 8.173641002957244411e-03
1.560437713850683665e-03 1.048128211706470317e-02
1.684421911176960671e-03 1.242379334055039065e-02
1.808406108503237677e-03 1.376326313145762384e-02
1.932390305829514900e-03 1.446162182611742709e-02
2.056374503155791907e-03 1.470060707455849228e-02
2.180358700482068479e-03 1.483613122985376863e-02
2.304342897808345485e-03 1.532082480012273741e-02
2.428327095134622492e-03 1.662167400579943333e-02
2.552311292460899498e-03 1.913804140863774664e-02
2.676295489787176504e-03 2.310627002327327040e-02
2.800279687113453510e-03 2.847586900612907729e-02
2.924263884439730517e-03 3.477900211198889369e-02
3.048248081766007523e-03 4.108471210384538608e-02
3.172232279092284529e-03 4.616668097103855672e-02
3.296216476418561536e-03 4.893279889671806743e-02
3.420200673744838975e-03 4.897006959484850180e-02
3.544184871071115982e-03 4.689271495861601496e-02
3.668169068397392988e-03 4.422028880981701549e-02
3.792153265723669561e-03 4.278053774649724639e-02
3.916137463049947434e-03 4.394243177252518673e-02
4.040121660376224007e-03 4.809432702669481918e-02
4.164105857702501447e-03 5.461066334805950856e-02
4.288090055028778887e-03 6.224772917335244515e-02
4.412074252355055459e-03 6.970466270662231678e-02
4.536058449681332032e-03 7.608472684147392362e-02
4.660042647007610339e-03 8.111627430897060120e-02
4.784026844333886044e-03 8.510992025715516385e-02
4.908011041660163484e-03 8.869791760917374035e-02
5.031995238986440057e-03 9.246788068866937382e-02
5.155979436312717497e-03 9.666909673573342854e-02
5.279963633638994069e-03 1.011569861093436495e-01
5.403947830965272377e-03 1.056041384368298086e-01
5.527932028291548949e-03 1.098292681590384012e-01
5.651916225617825522e-03 1.140181123077925324e-01
5.775900422944102094e-03 1.186821777926155286e-01
5.899884620270379534e-03 1.243575641683986321e-01
6.023868817596656974e-03 1.311983473436949266e-01
6.147853014922934414e-03 1.387052180590882533e-01
6.271837212249210987e-03 1.457969095513243218e-01
6.395821409575488427e-03 1.512604219891766355e-01
6.519805606901764999e-03 1.543886156076265948e-01
6.643789804228041572e-03 1.554811506822216249e-01
6.767774001554318145e-03 1.559286616121347280e-01
6.891758198880595584e-03 1.577780946946041318e-01
7.015742396206872157e-03 1.629088161818128822e-01
7.139726593533149597e-03 1.721664061584556871e-01
7.263710790859426170e-03 1.848933068356937992e-01
7.387694988185703610e-03 1.991370727656854855e-01
7.511679185511980182e-03 2.124477225721571327e-01
7.635663382838257622e-03 2.228567059207697543e-01
7.759647580164535062e-03 2.295920541045711194e-01
7.883631777490811635e-03 2.332785867703032756e-01
8.007615974817089075e-03 2.355899688953478066e-01
8.131600172143364780e-03 2.384848793315972881e-01
8.255584369469642220e-03 2.433309749731183969e-01
8.379568566795919660e-03 2.503463313102143872e-01
8.503552764122197100e-03 2.586854798966486957e-01
8.627536961448472805e-03 2.671292803269388894e-01
8.751521158774750245e-03 2.749466747362546148e-01
8.875505356101027685e-03 2.823735275424715252e-01
8.999489553427306859e-03 2.903803229690639087e-01
9.123473750753580830e-03 2.998446259323589991e-01
9.247457948079858270e-03 3.106741421870394260e-01
9.371442145406135710e-03 3.215655022779839722e-01
9.495426342732413150e-03 3.307318747099132206e-01
9.619410540058690590e-03 3.372149732982696047e-01
9.743394737384966295e-03 3.418388599914372050e-01
9.867378934711245470e-03 3.470017012420259506e-01
9.991363132037521175e-03 3.553279356367675668e-01
1.011534732936379688e-02 3.680656148515799586e-01
1.023933152669007432e-02 3.842908466359227226e-01
1.036331572401635176e-02 4.013636442129007165e-01
1.048729992134263093e-02 4.162394120290650590e-01
1.061128411866890491e-02 4.268381268204544110e-01
1.073526831599518408e-02 4.328588211134773434e-01
1.085925251332145978e-02 4.358416789965448013e-01
1.098323671064773722e-02 4.385538034805163132e-01
1.110722090797401466e-02 4.438918610601118586e-01
1.123120510530029037e-02 4.536446259830405614e-01
1.135518930262656954e-02 4.676493627399097019e-01
1.147917349995284525e-02 4.838568575288981766e-01
1.160315769727912269e-02 4.994080529853675010e-01
1.172714189460540013e-02 5.122015843951454039e-01
1.185112609193167410e-02 5.220368049977722746e-01
1.197511028925795501e-02 5.305889806595898150e-01
1.209909448658422898e-02 5.401822174852600744e-01
1.222307868391050815e-02 5.521529599876899841e-01
1.234706288123678559e-02 5.659473309832107057e-01
1.247104707856306303e-02 5.796171686967496184e-01
1.259503127588933874e-02 5.913530203631305326e-01
1.271901547321561445e-02 6.009179006263456468e-01
1.284299967054189189e-02 6.099509732803214401e-01
1.296698386786817106e-02 6.209625923265920111e-01
1.309096806519444676e-02 6.357284684627627636e-01
1.321495226252072420e-02 6.541054224452884647e-01
1.333893645984699991e-02 6.739499357132044954e-01
1.346292065717327562e-02 6.921453628174573103e-01
1.358690485449955306e-02 7.061567720471606524e-01
1.371088905182583050e-02 7.153235975107108402e-01
1.383487324915210620e-02 7.212937972176662882e-01
1.395885744647838711e-02 7.273987535565681339e-01
1.408284164380465935e-02 7.371697603475567684e-01
1.420682584113093852e-02 7.525645562367963004e-01
1.433081003845721423e-02 7.727672125518697532e-01
1.445479423578349340e-02 7.943926654799496889e-01
1.457877843310977084e-02 8.132767307435678772e-01
1.470276263043604481e-02 8.269466713044898443e-01
1.482674682776232225e-02 8.361589647023108807e-01
1.495073102508860143e-02 8.443467074430437425e-01
1.507471522241487887e-02 8.552995837308987603e-01
1.519869941974115631e-02 8.707576003417683008e-01
1.532268361706743028e-02 8.896656938641605006e-01
1.544666781439370945e-02 9.095084335648272456e-01
1.557065201171998516e-02 9.285076822103685013e-01
1.569463620904626433e-02 9.468590595536321430e-01
1.581862040637254177e-02 9.660728749846314578e-01
1.594260460369881574e-02 9.870974678639339306e-01
1.606658880102509318e-02 1.008889787772614177e+00
1.619057299835137062e-02 1.028683882731167287e+00
1.631455719567764806e-02 1.043815437116420108e+00
1.643854139300392897e-02 1.053765299411107748e+00
1.656252559033020294e-02 1.060961346123836524e+00
1.668650978765647691e-02 1.069756763871531069e+00
1.681049398498275435e-02 1.084146076724631591e+00
1.693447818230903179e-02 1.105495088389407243e+00
1.705846237963531270e-02 1.131574823860058698e+00
1.718244657696158667e-02 1.157551402365810000e+00
1.730643077428786411e-02 1.178543237431461055e+00
1.743041497161413808e-02 1.192407843233784348e+00
1.755439916894041899e-02 1.201165624293386802e+00
1.767838336626669643e-02 1.210167104393565563e+00
1.780236756359297040e-02 1.225381085183586016e+00
1.792635176091924784e-02 1.250255004314651197e+00
1.805033595824552528e-02 1.283854508174993914e+00
1.817432015557180619e-02 1.321285331437792143e+00
1.829830435289808363e-02 1.356115202244884577e+00
1.842228855022435413e-02 1.383394406500873863e+00
1.854627274755063504e-02 1.401636263921231862e+00
1.867025694487690901e-02 1.412899874072828466e+00
1.879424114220318992e-02 1.421301365453356391e+00
1.891822533952946736e-02 1.431015831069005539e+00
1.904220953685574133e-02 1.444768359403617142e+00
1.916619373418201877e-02 1.463268962750368107e+00
1.929017793150829274e-02 1.485530338265395045e+00
1.941416212883457365e-02 1.509733132575995063e+00
1.953814632616085456e-02 1.534208207316310357e+00
1.966213052348712506e-02 1.558129596616434354e+00
1.978611472081340250e-02 1.581677162745310783e+00
1.991009891813968341e-02 1.605699898195872555e+00
2.003408311546596085e-02 1.631140073106128296e+00
2.015806731279223482e-02 1.658524507769053580e+00
2.028205151011850879e-02 1.687705855488974782e+00
2.040603570744478623e-02 1.717898914323775506e+00
2.053001990477107061e-02 1.748007257502053324e+00
2.065400410209734458e-02 1.777171265251448418e+00
2.077798829942361855e-02 1.805255029672554690e+00
2.090197249674989599e-02 1.832807445552655512e+00
2.102595669407617343e-02 1.860301345624870484e+00
2.114994089140245434e-02 1.887188995248837209e+00
2.127392508872872831e-02 1.911778407887161579e+00
2.139790928605500228e-02 1.932379528458801454e+00
2.152189348338128319e-02 1.948919239514891322e+00
2.164587768070756063e-02 1.963593470119095796e+00
2.176986187803383807e-02 1.979927771283785498e+00
2.189384607536011551e-02 2.001071117808079780e+00
2.201783027268638948e-02 2.028692464410920326e+00
2.214181447001266692e-02 2.062988726544470186e+00
2.226579866733894436e-02 2.103160316338102742e+00
2.238978286466522180e-02 2.147570950922482069e+00
2.251376706199150271e-02 2.193632653023042334e+00
2.263775125931777321e-02 2.238075762179982497e+00
2.276173545664405065e-02 2.277925707933769583e+00
2.288571965397033156e-02 2.311695280146019105e+00
2.300970385129660900e-02 2.339982194631753387e+00
2.313368804862288644e-02 2.365127126593155271e+00
2.325767224594915694e-02 2.390243444439815956e+00
2.338165644327543785e-02 2.418110829013888630e+00
2.350564064060171876e-02 2.450187786415433777e+00
2.362962483792799273e-02 2.485943280753721840e+00
2.375360903525427017e-02 2.522998078736345740e+00
2.387759323258054067e-02 2.558504446687383194e+00
2.400157742990682505e-02 2.591235356404186785e+00
2.412556162723310249e-02 2.622796750407333288e+00
2.424954582455937646e-02 2.656703049950717155e+00
2.437353002188565390e-02 2.695905873436021949e+00
2.449751421921193134e-02 2.740913494598075761e+00
2.462149841653820878e-02 2.790095237725975341e+00
2.474548261386448622e-02 2.841600963400055413e+00
2.486946681119076019e-02 2.894837959529178661e+00
2.499345100851704110e-02 2.950154657317762386e+00
2.511743520584331854e-02 3.007381372150075283e+00
2.524141940316959251e-02 3.064991588867009398e+00
2.536540360049586995e-02 3.120835213118329232e+00
2.548938779782215086e-02 3.173712352499963973e+00
2.561337199514842483e-02 3.224303584643147591e+00
2.573735619247470227e-02 3.274777613204263638e+00
2.586134038980097624e-02 3.327757054476496723e+00
2.598532458712725715e-02 3.385809966054230014e+00
2.610930878445353459e-02 3.451820847947290716e+00
2.623329298177980856e-02 3.529371727442527362e+00
2.635727717910608600e-02 3.621936614491479300e+00
2.648126137643236691e-02 3.730719348734290453e+00
2.660524557375864435e-02 3.852463415367464616e+00
2.672922977108492179e-02 3.979108458101791257e+00
2.685321396841119576e-02 4.100163548815927150e+00
2.697719816573747320e-02 4.206858202763255505e+00
2.710118236306375758e-02 4.295831004691624599e+00
2.722516656039002461e-02 4.370167139305777937e+00
2.734915075771630205e-02 4.437036748062349822e+00
2.747313495504258296e-02 4.503308363761843403e+00
2.759711915236886040e-02 4.571956134581477649e+00
2.772110334969513784e-02 4.641521705511641116e+00
2.784508754702141181e-02 4.708435925477934880e+00
2.796907174434768925e-02 4.769679528169560534e+00
2.809305594167397016e-02 4.823282730026160259e+00
2.821704013900024760e-02 4.866530917819110513e+00
2.834102433632652504e-02 4.894103392010987541e+00
2.846500853365279901e-02 4.898481031178827827e+00
2.858899273097907298e-02 4.872908327740160139e+00
2.871297692830535389e-02 4.815059567204088786e+00
2.883696112563162786e-02 4.729185501484699294e+00
2.896094532295790530e-02 4.625864688908158939e+00
2.908492952028418621e-02 4.519972759459141010e+00
2.920891371761046018e-02 4.427804850973515727e+00
2.933289791493673762e-02 4.363750523881853915e+00
2.945688211226301853e-02 4.336843629689768775e+00
2.958086630958929597e-02 4.348345624059866132e+00
2.970485050691556647e-02 4.392068251030125658e+00
2.982883470424184044e-02 4.457981781876710237e+00
2.995281890156812135e-02 4.537167724110227951e+00
3.007680309889440226e-02 4.624611182103027573e+00
3.020078729622067623e-02 4.717613820789859247e+00
3.032477149354695367e-02 4.811159248511521547e+00
3.044875569087322764e-02 4.894471840960361142e+00
3.057273988819951202e-02 4.952567139134547602e+00
3.069672408552578946e-02 4.972804977124769543e+00
3.082070828285206343e-02 4.952265579959620467e+00
3.094469248017833393e-02 4.900675318651596335e+00
3.106867667750461831e-02 4.836644457902247396e+00
3.119266087483089228e-02 4.779679054912425507e+00
3.131664507215716625e-02 4.742963034333072869e+00
3.144062926948344716e-02 4.730542048555984813e+00
3.156461346680972807e-02 4.739022005082273559e+00
3.168859766413600204e-02 4.761401109336996562e+00
3.181258186146227601e-02 4.790689429800912613e+00
3.193656605878854998e-02 4.822426603807958401e+00
3.206055025611483089e-02 4.856126344821733554e+00
3.218453445344111180e-02 4.895442564413547082e+00
3.230851865076738577e-02 4.946543774895798329e+00
3.243250284809365974e-02 5.014920292965374671e+00
3.255648704541994065e-02 5.102165264502752429e+00
3.268047124274621462e-02 5.204574357086937830e+00
3.280445544007249553e-02 5.314103278992583057e+00
3.292843963739876950e-02 5.420656216272401018e+00
3.305242383472505041e-02 5.514432966521060742e+00
3.317640803205132438e-02 5.587875373623812258e+00
3.330039222937759835e-02 5.637107583090928742e+00
3.342437642670387926e-02 5.662264020288265698e+00
3.354836062403015323e-02 5.666002807481990367e+00
3.367234482135643414e-02 5.650631176325283889e+00
3.379632901868271505e-02 5.615579239122320487e+00
3.392031321600898208e-02 5.556937966140307772e+00
3.404429741333526299e-02 5.469446314936095455e+00
3.416828161066153696e-02 5.349959409754241335e+00
3.429226580798781787e-02 5.200865344733778706e+00
3.441625000531410572e-02 5.031907426581553544e+00
3.454023420264036581e-02 4.859136420965541880e+00
3.466421839996664672e-02 4.700615150017094734e+00
3.478820259729292763e-02 4.570255777769667738e+00
3.491218679461920160e-02 4.472874386853840534e+00
3.503617099194548251e-02 4.403515683697193595e+00
3.516015518927175648e-02 4.351661537093254317e+00
3.528413938659803045e-02 4.307671200378440091e+00
3.540812358392431136e-02 4.267446824415013218e+00
3.553210778125059227e-02 4.233096521230655718e+00
3.565609197857687318e-02 4.210621065319351430e+00
3.578007617590314715e-02 4.207465614926875652e+00
3.590406037322941418e-02 4.231855157076068963e+00
3.602804457055569509e-02 4.293502850461240250e+00
3.615202876788196906e-02 4.403860558616567999e+00
3.627601296520824997e-02 4.574617188755055963e+00
3.639999716253453088e-02 4.814750289412184969e+00
3.652398135986079791e-02 5.127413757507858882e+00
3.664796555718707882e-02 5.507502086226715221e+00
3.677194975451336667e-02 5.939734884790840219e+00
3.689593395183964064e-02 6.397171867850142135e+00
3.701991814916591461e-02 6.841593445284444464e+00
3.714390234649218164e-02 7.228397965225921595e+00
3.726788654381846255e-02 7.517283030446460401e+00
3.739187074114474346e-02 7.685980664622934277e+00
3.751585493847101743e-02 7.740637302885130744e+00
3.763983913579729834e-02 7.716423805205915976e+00
3.776382333312357925e-02 7.666329350111113605e+00
3.788780753044985322e-02 7.642308535530013103e+00
3.801179172777613413e-02 7.677236398771604797e+00
3.813577592510240810e-02 7.775887763794625762e+00
3.825976012242868207e-02 7.918376078084005343e+00
3.838374431975496298e-02 8.072805558581265473e+00
3.850772851708123001e-02 8.209309636587530434e+00
3.863171271440751092e-02 8.308027488891784884e+00
3.875569691173379183e-02 8.358440348192941016e+00
3.887968110906006580e-02 8.353268158935120979e+00
3.900366530638635365e-02 8.282921903445204848e+00
3.912764950371262068e-02 8.135013036396154362e+00
3.925163370103890159e-02 7.899362438822162602e+00
3.937561789836518250e-02 7.575225526465214188e+00
3.949960209569144953e-02 7.176125590510513241e+00
3.962358629301773044e-02 6.729164189544253105e+00
3.974757049034401135e-02 6.268812133550298427e+00
3.987155468767027838e-02 5.828033916658898583e+00
3.999553888499655929e-02 5.430620564081200641e+00
4.011952308232283326e-02 5.087571923678975594e+00
4.024350727964912111e-02 4.798202887885189227e+00
4.036749147697540202e-02 4.554564370425203457e+00
4.049147567430166905e-02 4.346656813516138307e+00
4.061545987162794302e-02 4.166120801841991295e+00
4.073944406895422393e-02 4.007326978843859244e+00
4.086342826628049790e-02 3.866288386263053489e+00
4.098741246360677881e-02 3.738864106718946534e+00
4.111139666093304584e-02 3.619985357306697793e+00
4.123538085825932675e-02 3.505012958119991584e+00
4.135936505558561460e-02 3.392898538612391324e+00
4.148334925291188857e-02 3.289218921389076122e+00
4.160733345023816948e-02 3.206637618146412461e+00
4.173131764756445039e-02 3.161741982874989088e+00
4.185530184489071048e-02 3.169766485328851413e+00
4.197928604221699139e-02 3.240446101194796924e+00
4.210327023954326536e-02 3.377622461773746920e+00
4.222725443686954627e-02 3.582624277257326906e+00
4.235123863419582718e-02 3.858855461922731322e+00
4.247522283152209421e-02 4.214328528037603938e+00
4.259920702884838206e-02 4.660287040470610265e+00
4.272319122617466297e-02 5.206201574947955102e+00
4.284717542350093694e-02 5.852918689421650278e+00
4.297115962082721785e-02 6.586411949171282920e+00
4.309514381815347794e-02 7.374900730546228189e+00
4.321912801547975885e-02 8.171832072050932538e+00
4.334311221280603976e-02 8.925419876346277093e+00
4.346709641013231373e-02 9.592099716601115489e+00
4.359108060745859464e-02 1.014836660556728987e+01
4.371506480478488249e-02 1.059560453825357662e+01
4.383904900211114952e-02 1.095625243098358048e+01
4.396303319943743043e-02 1.126453058085368575e+01
4.408701739676370440e-02 1.155746339578439930e+01
4.421100159408998531e-02 1.187058666420825936e+01
4.433498579141625928e-02 1.223912044588865911e+01
4.445896998874252631e-02 1.270216973262419380e+01
4.458295418606880722e-02 1.330572604559128003e+01
4.470693838339508813e-02 1.409943225221045005e+01
4.483092258072136904e-02 1.512283742470037673e+01
4.495490677804764995e-02 1.638151842414089288e+01
4.507889097537391698e-02 1.782228500211652289e+01
4.520287517270019789e-02 1.932403338127745940e+01
4.532685937002647880e-02 2.071775503904600058e+01
4.545084356735275277e-02 2.183324709414577214e+01
4.557482776467902674e-02 2.255143310751207153e+01
4.569881196200530071e-02 2.283574179563960982e+01
4.582279615933157468e-02 2.272946918814142592e+01
4.594678035665785559e-02 2.232721243283809187e+01
4.607076455398413650e-02 2.174005393222095250e+01
4.619474875131041741e-02 2.106977651245455618e+01
4.631873294863669832e-02 2.039538204108081132e+01
4.644271714596296535e-02 1.976758850183744087e+01
4.656670134328924626e-02 1.920772829881966004e+01
4.669068554061552717e-02 1.871159731415544769e+01
4.681466973794179420e-02 1.825984487303446357e+01
4.693865393526807511e-02 1.783289272578339890e+01
4.706263813259434214e-02 1.742395505300957126e+01
4.718662232992062999e-02 1.704347135228153221e+01
4.731060652724691090e-02 1.671343927374067562e+01
4.743459072457318487e-02 1.645694153379731972e+01
4.755857492189946578e-02 1.629095881376457200e+01
4.768255911922573975e-02 1.622686692431394917e+01
4.780654331655201372e-02 1.627576326026697373e+01
4.793052751387828769e-02 1.645092010616946610e+01
4.805451171120456166e-02 1.676139670887175726e+01
4.817849590853084257e-02 1.719822669603686549e+01
4.830248010585713042e-02 1.772216256787212885e+01
4.842646430318339745e-02 1.826360222786953003e+01
4.855044850050967836e-02 1.873894066030669592e+01
4.867443269783595927e-02 1.907724609278953309e+01
4.879841689516223324e-02 1.924453934308786174e+01
4.892240109248851415e-02 1.925508870951242457e+01
4.904638528981478118e-02 1.916764271826193067e+01
4.917036948714105515e-02 1.907173548780852101e+01
4.929435368446733606e-02 1.906975266366736932e+01
4.941833788179361003e-02 1.925640205745849798e+01
4.954232207911989788e-02 1.969516643909516418e+01
4.966630627644617185e-02 2.039487245953959160e+01
4.979029047377244582e-02 2.129542707478690389e+01
4.991427467109872673e-02 2.227303530091761274e+01
5.003825886842500070e-02 2.316803175866082043e+01
5.016224306575128161e-02 2.382659218051734484e+01
5.028622726307755558e-02 2.413973327985869588e+01
5.041021146040382261e-02 2.406514221532279407e+01
5.053419565773010352e-02 2.362738698149715333e+01
5.065817985505639137e-02 2.290213018063277417e+01
5.078216405238266534e-02 2.199395645325562398e+01
5.090614824970894625e-02 2.101530491635535469e+01
5.103013244703521328e-02 2.006980548409368126e+01
5.115411664436149419e-02 1.924047223422702402e+01
5.127810084168777510e-02 1.858241863590141207e+01
5.140208503901404907e-02 1.812003858972008175e+01
5.152606923634032998e-02 1.784873911159446536e+01
5.165005343366659701e-02 1.774057812429965963e+01
5.177403763099287792e-02 1.775179485524461143e+01
5.189802182831915883e-02 1.782964433944473015e+01
5.202200602564543280e-02 1.791750244542109627e+01
5.214599022297171371e-02 1.796003824008604610e+01
5.226997442029798768e-02 1.791124846808530080e+01
5.239395861762426165e-02 1.774518550602529032e+01
5.251794281495054256e-02 1.746438311243565167e+01
5.264192701227682347e-02 1.709942113242124151e+01
5.276591120960309744e-02 1.669758821226447409e+01
5.288989540692937141e-02 1.630600396975727762e+01
5.301387960425564538e-02 1.595830551536247199e+01
5.313786380158193323e-02 1.567073623429173601e+01
5.326184799890820026e-02 1.544628167120716711e+01
5.338583219623448117e-02 1.528058462032940845e+01
5.350981639356074820e-02 1.516425455767083896e+01
5.363380059088702217e-02 1.508120956564529713e+01
5.375778478821330308e-02 1.500722162928102499e+01
5.388176898553958399e-02 1.491324323900890825e+01
5.400575318286585796e-02 1.477430084573656899e+01
5.412973738019213887e-02 1.458001138184478584e+01
5.425372157751841978e-02 1.434098223871220412e+01
5.437770577484468681e-02 1.408770641450809258e+01
5.450168997217097466e-02 1.386272092451251048e+01
5.462567416949724863e-02 1.370938137594229111e+01
5.474965836682351567e-02 1.366053655298560443e+01
5.487364256414979657e-02 1.372934826309123935e+01
5.499762676147606361e-02 1.390427396607586985e+01
5.512161095880235145e-02 1.415035914063053646e+01
5.524559515612863236e-02 1.441767295815202132e+01
5.536957935345491327e-02 1.465461564724953547e+01
5.549356355078118030e-02 1.482102570473100300e+01
5.561754774810746815e-02 1.489595642498013994e+01
5.574153194543373518e-02 1.487788755051948542e+01
5.586551614276000916e-02 1.477890905688624379e+01
5.598950034008629006e-02 1.461676166696114443e+01
5.611348453741255710e-02 1.440869225841896828e+01
5.623746873473884494e-02 1.416941229124042145e+01
5.636145293206511891e-02 1.391301825503572331e+01
5.648543712939140676e-02 1.365649742038503689e+01
5.660942132671768073e-02 1.342142029890566235e+01
5.673340552404396164e-02 1.323149947145453176e+01
5.685738972137022867e-02 1.310663316151086910e+01
5.698137391869650958e-02 1.305684873742860930e+01
5.710535811602278355e-02 1.307981108352046284e+01
5.722934231334905752e-02 1.316303721655736680e+01
5.735332651067533843e-02 1.328915773906501663e+01
5.747731070800161240e-02 1.344190741130536360e+01
5.760129490532790025e-02 1.361159694022286182e+01
5.772527910265416728e-02 1.379941057331741483e+01
5.784926329998045513e-02 1.401928894398695569e+01
5.797324749730672216e-02 1.429597289099202051e+01
5.809723169463301001e-02 1.465924869800992880e+01
5.822121589195927704e-02 1.513652741811868019e+01
5.834520008928554408e-02 1.574660772536395292e+01
5.846918428661183192e-02 1.649610544383148891e+01
5.859316848393811283e-02 1.737768125969703448e+01
5.871715268126437987e-02 1.836778400752015727e+01
5.884113687859066077e-02 1.942265877482695657e+01
5.896512107591694168e-02 2.047463886591338067e+01
5.908910527324321565e-02 2.143370212724679291e+01
5.921308947056950350e-02 2.219864526820571982e+01
5.933707366789577053e-02 2.267725723334253374e+01
5.946105786522205144e-02 2.280885979009953957e+01
5.958504206254832541e-02 2.258037444384356007e+01
5.970902625987459938e-02 2.203045108783662087e+01
5.983301045720088029e-02 2.124197312474960242e+01
5.995699465452715426e-02 2.032656147998371665e+01
6.008097885185343517e-02 1.940418503243780179e+01
6.020496304917970914e-02 1.857997636468984837e+01
6.032894724650599005e-02 1.792227957975359587e+01
6.045293144383226402e-02 1.744938108676329946e+01
6.057691564115854493e-02 1.713198270448319960e+01
6.070089983848481197e-02 1.691156326229363316e+01
6.082488403581108594e-02 1.672571849596085158e+01
6.094886823313736685e-02 1.652827592249464672e+01
6.107285243046364775e-02 1.629747158815089136e+01
6.119683662778993560e-02 1.603428496436359296e+01
6.132082082511620263e-02 1.575708731860774314e+01
6.144480502244248354e-02 1.549601358718924082e+01
6.156878921976875751e-02 1.528614325666634599e+01
6.169277341709503842e-02 1.515825309402865884e+01
6.181675761442131239e-02 1.512931463165640089e+01
6.194074181174759330e-02 1.519732111354975501e+01
6.206472600907386034e-02 1.534328903121933507e+01
6.218871020640014124e-02 1.553897674949406671e+01
6.231269440372642215e-02 1.575593845636495693e+01
6.243667860105269612e-02 1.597212743907161325e+01
6.256066279837897703e-02 1.617518402685898238e+01
6.268464699570523713e-02 1.636386785244785358e+01
6.280863119303153885e-02 1.654877151963510684e+01
6.293261539035781282e-02 1.675100335499697479e+01
6.305659958768408679e-02 1.699587987231555175e+01
6.318058378501036076e-02 1.730077898410912596e+01
6.330456798233662086e-02 1.766177496926484736e+01
6.342855217966292258e-02 1.804777819825264018e+01
6.355253637698918268e-02 1.840845565213306401e+01
6.367652057431547052e-02 1.869343490752973125e+01
6.380050477164173062e-02 1.887197196766249974e+01
6.392448896896801847e-02 1.894168185544343075e+01
6.404847316629430631e-02 1.892269686237485971e+01
6.417245736362058028e-02 1.884318967807996259e+01
6.429644156094685425e-02 1.872627983705047683e+01
6.442042575827311435e-02 1.858494130779920894e+01
6.454440995559940220e-02 1.842436093923214813e+01
6.466839415292567617e-02 1.824587065312767464e+01
6.479237835025196401e-02 1.804673467142086096e+01
6.491636254757822411e-02 1.781540523909243134e+01
6.504034674490451196e-02 1.752815642641132854e+01
6.516433094223079980e-02 1.715470625956370299e+01
6.528831513955707377e-02 1.667504513667211796e+01
6.541229933688334774e-02 1.610062134326150840e+01
6.553628353420962172e-02 1.548744211835047757e+01
6.566026773153589569e-02 1.493136206160231616e+01
6.578425192886216966e-02 1.454511389316694370e+01
6.590823612618845750e-02 1.442594615752784826e+01
6.603222032351471760e-02 1.462647893745742245e+01
6.615620452084101932e-02 1.513885129536221186e+01
6.628018871816729329e-02 1.589647808285959130e+01
6.640417291549355339e-02 1.679192135693368115e+01
6.652815711281984123e-02 1.770479616499069664e+01
6.665214131014611521e-02 1.853068369271894511e+01
6.677612550747240305e-02 1.920178884763673466e+01
6.690010970479866315e-02 1.969366181001491611e+01
6.702409390212493712e-02 2.001862981268521580e+01
6.714807809945121109e-02 2.021192278440963719e+01
6.727206229677749894e-02 2.031737512072474416e+01
6.739604649410378678e-02 2.037628336361782999e+01
6.752003069143006075e-02 2.041910158817327314e+01
6.764401488875633472e-02 2.045847477114993040e+01
6.776799908608260870e-02 2.048397115211018260e+01
6.789198328340888267e-02 2.046158010405677175e+01
6.801596748073517051e-02 2.034173885859204844e+01
6.813995167806144448e-02 2.007650905118996931e+01
6.826393587538770458e-02 1.964042019316070409e+01
6.838792007271399243e-02 1.904468859497456279e+01
6.851190427004026640e-02 1.833595633256049950e+01
6.863588846736655424e-02 1.757901749607790975e+01
6.875987266469282821e-02 1.683266588679970610e+01
6.888385686201911606e-02 1.613154357917840187e+01
6.900784105934537616e-02 1.548227634867975588e+01
6.913182525667165013e-02 1.487335798864083891e+01
6.925580945399793797e-02 1.429143696294023869e+01
6.937979365132419807e-02 1.373519716346108588e+01
6.950377784865049979e-02 1.322119672283356806e+01
6.962776204597675989e-02 1.278101165978286602e+01
6.975174624330303386e-02 1.245285624888996878e+01
6.987573044062932170e-02 1.227164834748177036e+01
6.999971463795559568e-02 1.225962422499567239e+01
7.012369883528188352e-02 1.241777135839829960e+01
7.024768303260815749e-02 1.271915911246558828e+01
7.037166722993441759e-02 1.310804801173372702e+01
7.049565142726070543e-02 1.350942133286118896e+01
7.061963562458697941e-02 1.384910554408591388e+01
7.074361982191325338e-02 1.407694494849208944e+01
7.086760401923954122e-02 1.418109544988468151e+01
7.099158821656580132e-02 1.418537407662914873e+01
7.111557241389208917e-02 1.413176274905021046e+01
7.123955661121836314e-02 1.405896389659482004e+01
7.136354080854465098e-02 1.398887898671804386e+01
7.148752500587092495e-02 1.392610124897391621e+01
7.161150920319719893e-02 1.386666732443346817e+01
7.173549340052347290e-02 1.380759187424932399e+01
7.185947759784973299e-02 1.375045257224629047e+01
7.198346179517603471e-02 1.369810037173703243e+01
7.210744599250230868e-02 1.364875808218140918e+01
7.223143018982858266e-02 1.359306963767970444e+01
7.235541438715485663e-02 1.351711458815123201e+01
7.247939858448113060e-02 1.341024635124080611e+01
7.260338278180741844e-02 1.327326098649677988e+01
7.272736697913369242e-02 1.312162956354309706e+01
7.285135117645996639e-02 1.298108454242808918e+01
7.297533537378624036e-02 1.287750170488548029e+01
7.309931957111251433e-02 1.282658813694808764e+01
7.322330376843880217e-02 1.282868745166184254e+01
7.334728796576507615e-02 1.287043136157779877e+01
7.347127216309136399e-02 1.293105312150032127e+01
7.359525636041763796e-02 1.298964975512398112e+01
7.371924055774389806e-02 1.303067377703657037e+01
7.384322475507018591e-02 1.304666490146204261e+01
7.396720895239645988e-02 1.303831404481084277e+01
7.409119314972274772e-02 1.301253003682565179e+01
7.421517734704902169e-02 1.297978399450672171e+01
7.433916154437528179e-02 1.295221613899915880e+01
7.446314574170156964e-02 1.294313118448331856e+01
7.458712993902784361e-02 1.296717751357265058e+01
7.471111413635413145e-02 1.304006797454893984e+01
7.483509833368040542e-02 1.317728635777391588e+01
7.495908253100666552e-02 1.339160285566511277e+01
7.508306672833295337e-02 1.368897379202213926e+01
7.520705092565922734e-02 1.406280108895085057e+01
7.533103512298551518e-02 1.448848441488457084e+01
7.545501932031177528e-02 1.492226649310472197e+01
7.557900351763806313e-02 1.530784521845675705e+01
7.570298771496433710e-02 1.559021751802742273e+01
7.582697191229061107e-02 1.573127296987857093e+01
7.595095610961689891e-02 1.571994077392960776e+01
7.607494030694317289e-02 1.557308518972401856e+01
7.619892450426944686e-02 1.532921313485317505e+01
7.632290870159572083e-02 1.504057153960784809e+01
7.644689289892199480e-02 1.476798629750387981e+01
7.657087709624828264e-02 1.457866625053981835e+01
7.669486129357455662e-02 1.454358389616090186e+01
7.681884549090083059e-02 1.472990818450240624e+01
7.694282968822710456e-02 1.518571060632789127e+01
7.706681388555337853e-02 1.591873250288589325e+01
7.719079808287966638e-02 1.687716933503635630e+01
7.731478228020594035e-02 1.794448360762668671e+01
7.743876647753221432e-02 1.895751181503806393e+01
7.756275067485850216e-02 1.974649993485840227e+01
7.768673487218476226e-02 2.018277987564923137e+01
7.781071906951105011e-02 2.021379683579163711e+01
7.793470326683732408e-02 1.987121977061802269e+01
7.805868746416359805e-02 1.925195340836351932e+01
7.818267166148988589e-02 1.848427516291819472e+01
7.830665585881614599e-02 1.769478249280117765e+01
7.843064005614243384e-02 1.698655014414353204e+01
7.855462425346870781e-02 1.643044108792710034e+01
7.867860845079499565e-02 1.606545933845011831e+01
7.880259264812126963e-02 1.590254791512339594e+01
7.892657684544752972e-02 1.592821443692503181e+01
7.905056104277381757e-02 1.610734540179965180e+01
7.917454524010009154e-02 1.638656012983404509e+01
7.929852943742637938e-02 1.669980677139121639e+01
7.942251363475265336e-02 1.697701780097223079e+01
7.954649783207892733e-02 1.715513429947838020e+01
7.967048202940520130e-02 1.718919424682457020e+01
7.979446622673147527e-02 1.706029916314609451e+01
7.991845042405776312e-02 1.677818490206735902e+01
8.004243462138403709e-02 1.637881367836955704e+01
8.016641881871031106e-02 1.591996425723025332e+01
8.029040301603658503e-02 1.547789902466699274e+01
8.041438721336285900e-02 1.514554378654276867e+01
8.053837141068914685e-02 1.502921591913241350e+01
8.066235560801542082e-02 1.523891622435095883e+01
8.078633980534169479e-02 1.586771943521227080e+01
8.091032400266796876e-02 1.696002165345896273e+01
8.103430819999424273e-02 1.847702854959856822e+01
8.115829239732053058e-02 2.027746190763820877e+01
8.128227659464680455e-02 2.213312232304056693e+01
8.140626079197307852e-02 2.378529898387347075e+01
8.153024498929936636e-02 2.502366828082234917e+01
8.165422918662562646e-02 2.575146419550674892e+01
8.177821338395191431e-02 2.600508985372103155e+01
8.190219758127818828e-02 2.592162244960663742e+01
8.202618177860446225e-02 2.567540696893810548e+01
8.215016597593075010e-02 2.541609334886670624e+01
8.227415017325701019e-02 2.523125152445122765e+01
8.239813437058329804e-02 2.513868117465868224e+01
8.252211856790957201e-02 2.510061892758098878e+01
8.264610276523584598e-02 2.504887458842108217e+01
8.277008696256213383e-02 2.491194333738738820e+01
8.289407115988839392e-02 2.463707428463302307e+01
8.301805535721468177e-02 2.420198076717358404e+01
8.314203955454095574e-02 2.361465920024992116e+01
8.326602375186724359e-02 2.290484712122929167e+01
8.339000794919351756e-02 2.211315588234171514e+01
8.351399214651979153e-02 2.128197300112131884e+01
8.363797634384606550e-02 2.044827421125924971e+01
8.376196054117233947e-02 1.963631718450399433e+01
8.388594473849862732e-02 1.884938513327680454e+01
8.400992893582490129e-02 1.806306451196106622e+01
8.413391313315117526e-02 1.722520430599320918e+01
8.425789733047744923e-02 1.626699326263890200e+01
8.438188152780372320e-02 1.512469867300860926e+01
8.450586572513001105e-02 1.376499037305094575e+01
8.462984992245628502e-02 1.220304982634022828e+01
8.475383411978255899e-02 1.050504312570619092e+01
8.487781831710883296e-02 8.773796382130683469e+00
8.500180251443510693e-02 7.123848938595928715e+00
8.512578671176139478e-02 5.655269868351262552e+00
8.524977090908766875e-02 4.434246218147789520e+00
8.537375510641394272e-02 3.484799846636597476e+00
8.549773930374023057e-02 2.792133177525867094e+00
8.562172350106649066e-02 2.314778166621341171e+00
8.574570769839277851e-02 2.000454212775775176e+00
8.586969189571905248e-02 1.800195602125533201e+00
8.599367609304532645e-02 1.677090889959653941e+00
8.611766029037161430e-02 1.608767008868036141e+00
8.624164448769787439e-02 1.585008370961193513e+00
8.636562868502416224e-02 1.602901686348443766e+00
8.648961288235043621e-02 1.661849327269028009e+00
8.661359707967671018e-02 1.760129061906410719e+00
8.673758127700299803e-02 1.893669669970176717e+00
8.686156547432925812e-02 2.056667101255533758e+00
8.698554967165554597e-02 2.243022823111534780e+00
8.710953386898181994e-02 2.447607801876765965e+00
8.723351806630809391e-02 2.666857992462615012e+00
8.735750226363438176e-02 2.898738330770445515e+00
8.748148646096065573e-02 3.142367945980516719e+00
8.760547065828692970e-02 3.397589300281775415e+00
8.772945485561320367e-02 3.664641450192725802e+00
8.785343905293947764e-02 3.943975695483623589e+00
8.797742325026576549e-02 4.236182214269051727e+00
8.810140744759203946e-02 4.541983427527932271e+00
8.822539164491831343e-02 4.862255894596986927e+00
8.834937584224458740e-02 5.198052492109009215e+00
8.847336003957087525e-02 5.550634378580087791e+00
8.859734423689714922e-02 5.921552788811618839e+00
8.872132843422343706e-02 6.312776809318427773e+00
8.884531263154969716e-02 6.726813168569955259e+00
8.896929682887597113e-02 7.166833200355735123e+00
8.909328102620225898e-02 7.636933082194058642e+00
8.921726522352853295e-02 8.142647186473270793e+00
8.934124942085480692e-02 8.691836105189722161e+00
8.946523361818109477e-02 9.296351806281620611e+00
8.958921781550735486e-02 9.975343556067391759e+00
8.971320201283364271e-02 1.076115968770573339e+01
8.983718621015993056e-02 1.170781584805757802e+01
8.996117040748619065e-02 1.289926287508661495e+01
9.008515460481247850e-02 1.445027212676098216e+01
9.020913880213873859e-02 1.648932179559330180e+01
9.033312299946502644e-02 1.911631808541954314e+01
9.045710719679130041e-02 2.234306177132708626e+01
9.058109139411757438e-02 2.604597545910401379e+01
9.070507559144386223e-02 2.997034393288197762e+01
9.082905978877012232e-02 3.380379437900270290e+01
9.095304398609641017e-02 3.728689926571110647e+01
9.107702818342268414e-02 4.028619605778578716e+01
9.120101238074898586e-02 4.276461481955390553e+01
9.132499657807524596e-02 4.465663877868666276e+01
9.144898077540151993e-02 4.574291458446472802e+01
9.157296497272779390e-02 4.564491649128253670e+01
9.169694917005406787e-02 4.398545574434027827e+01
9.182093336738034184e-02 4.063077618808804203e+01
9.194491756470662969e-02 3.584998942612006090e+01
9.206890176203290366e-02 3.027265016764275884e+01
9.219288595935917763e-02 2.466457521657441276e+01
9.231687015668546548e-02 1.966121674751201098e+01
9.244085435401172557e-02 1.560530379391601485e+01
9.256483855133801342e-02 1.254290995490502603e+01
9.268882274866428739e-02 1.032898323938601415e+01
9.281280694599056136e-02 8.753868952680221582e+00
9.293679114331683533e-02 7.629410149389578955e+00
9.306077534064312318e-02 6.821506626274354446e+00
9.318475953796939715e-02 6.246380754966279980e+00
9.330874373529567112e-02 5.852855083344977949e+00
9.343272793262195897e-02 5.605215119755007969e+00
9.355671212994821906e-02 5.472635270288580323e+00
9.368069632727452078e-02 5.425593993010888738e+00
9.380468052460078088e-02 5.436844266473170428e+00
9.392866472192705485e-02 5.483790668917518651e+00
9.405264891925334270e-02 5.550045985908684365e+00
9.417663311657960279e-02 5.625395452518836770e+00
9.430061731390589064e-02 5.704438114829169848e+00
9.442460151123216461e-02 5.784699112741292559e+00
9.454858570855845246e-02 5.865130256406815512e+00
9.467256990588472643e-02 5.945457025580414445e+00
9.479655410321100040e-02 6.025994674702770837e+00
9.492053830053727437e-02 6.107273619693248001e+00
9.504452249786354834e-02 6.189497629918646382e+00
9.516850669518982231e-02 6.272491523053068896e+00
9.529249089251611016e-02 6.356295266164096347e+00
9.541647508984238413e-02 6.441580846152629825e+00
9.554045928716865810e-02 6.529188283448874586e+00
9.566444348449494595e-02 6.619330673500513740e+00
9.578842768182120604e-02 6.711616378668026961e+00
9.591241187914750776e-02 6.805983637208612436e+00
9.603639607647376786e-02 6.903344083871815862e+00
9.616038027380004183e-02 7.005045051119130228e+00
9.628436447112631580e-02 7.111814404094221942e+00
9.640834866845258977e-02 7.223558468736859695e+00
9.653233286577887762e-02 7.340319727812935291e+00
9.665631706310515159e-02 7.463253123297556080e+00
9.678030126043143944e-02 7.594433337255129146e+00
9.690428545775769953e-02 7.735678517618977068e+00
9.702826965508400126e-02 7.887775185921197085e+00
9.715225385241026135e-02 8.051167798133318954e+00
9.727623804973654920e-02 8.227604186297861943e+00
9.740022224706282317e-02 8.420960439573521583e+00
9.752420644438908326e-02 8.635753821134009911e+00
9.764819064171535723e-02 8.873362138072561578e+00
9.777217483904164508e-02 9.127306102530171827e+00
9.789615903636791905e-02 9.379399373709311760e+00
9.802014323369420690e-02 9.598695300788131490e+00
9.814412743102048087e-02 9.745291808647575493e+00
9.826811162834675484e-02 9.780039936207991502e+00
9.839209582567304269e-02 9.677944431732131036e+00
9.851608002299930278e-02 9.439188767502109556e+00
9.864006422032559063e-02 9.091136619492916182e+00
9.876404841765185072e-02 8.679249749577964579e+00
9.888803261497813857e-02 8.251604305879794765e+00
9.901201681230441254e-02 7.845172106837184245e+00
9.913600100963068651e-02 7.479778907800203491e+00
9.925998520695698824e-02 7.160149305940604947e+00
9.938396940428324833e-02 6.882157046703457404e+00
9.950795360160953618e-02 6.638720722879480007e+00
9.963193779893579627e-02 6.422959545073374521e+00
9.975592199626208412e-02 6.228927507642392669e+00
9.987990619358835809e-02 6.051551520120151295e+00
1.000038903909146321e-01 5.886877556940193656e+00
1.001278745882409060e-01 5.732455693458684998e+00
1.002518587855671800e-01 5.587152706472616082e+00
1.003758429828934678e-01 5.450293683804666500e+00
1.004998271802197418e-01 5.320863257168070959e+00
1.006238113775460297e-01 5.197473042564437762e+00
1.007477955748722898e-01 5.078970806102740099e+00
1.008717797721985776e-01 4.964911928848250611e+00
1.009957639695248377e-01 4.855348673433959483e+00
1.011197481668511255e-01 4.750195753347059124e+00
1.012437323641773995e-01 4.648880925164091238e+00
1.013677165615036874e-01 4.550621553945818576e+00
1.014917007588299613e-01 4.454956130057010633e+00
1.016156849561562214e-01 4.361917483438650933e+00
1.017396691534825232e-01 4.271682384936206667e+00
1.018636533508087832e-01 4.184119307120281128e+00
1.019876375481350850e-01 4.098739734927197453e+00
1.021116217454613312e-01 4.015083634557922387e+00
1.022356059427876329e-01 3.933073664849259465e+00
1.023595901401138930e-01 3.852913187557854613e+00
1.024835743374401670e-01 3.774656486383519027e+00
1.026075585347664687e-01 3.697996431365185632e+00
1.027315427320927149e-01 3.622540479681255032e+00
1.028555269294190166e-01 3.548195427747420805e+00
1.029795111267452767e-01 3.475136076164311749e+00
1.031034953240715646e-01 3.403421741010999924e+00
1.032274795213978386e-01 3.332814195546620617e+00
1.033514637187241125e-01 3.263031923057748696e+00
1.034754479160503865e-01 3.194037956330274319e+00
1.035994321133766605e-01 3.125949956001057739e+00
1.037234163107029344e-01 3.058747997352415204e+00
1.038474005080292223e-01 2.992224860165326294e+00
1.039713847053555101e-01 2.926213100739639472e+00
1.040953689026817702e-01 2.860715245997602629e+00
1.042193531000080581e-01 2.795761079349276645e+00
1.043433372973343182e-01 2.731246121861286014e+00
1.044673214946606199e-01 2.666992148131270390e+00
1.045913056919868800e-01 2.602896897780480057e+00
1.047152898893131540e-01 2.538927170144210432e+00
1.048392740866394279e-01 2.474989763619459993e+00
1.049632582839657019e-01 2.410892423565035525e+00
1.050872424812920036e-01 2.346423356571158969e+00
1.052112266786182637e-01 2.281384153667052495e+00
1.053352108759445516e-01 2.215517233399538544e+00
1.054591950732708117e-01 2.148458504865164542e+00
1.055831792705970995e-01 2.079810504648769154e+00
1.057071634679233735e-01 2.009272033668349167e+00
1.058311476652496613e-01 1.936736776858206666e+00
1.059551318625759353e-01 1.862357608501863160e+00
1.060791160599022093e-01 1.786579093441142074e+00
1.062031002572284694e-01 1.710084816324164425e+00
1.063270844545547711e-01 1.633637137528602956e+00
1.064510686518810451e-01 1.557890150118590444e+00
1.065750528492073468e-01 1.483286184640645766e+00
1.066990370465335930e-01 1.410065633351912151e+00
1.068230212438598808e-01 1.338324699801168638e+00
1.069470054411861687e-01 1.268029594101318880e+00
1.070709896385124427e-01 1.198959911192968519e+00
1.071949738358387166e-01 1.130669380444357719e+00
1.073189580331649767e-01 1.062600799364287640e+00
1.074429422304912785e-01 9.943713818061206133e-01
1.075669264278175385e-01 9.260404197921660030e-01
1.076909106251438125e-01 8.581139306977675352e-01
1.078148948224701142e-01 7.912296699091845298e-01
1.079388790197963743e-01 7.257289176983623413e-01
1.080628632171226483e-01 6.614122676501497100e-01
1.081868474144489223e-01 5.976351560038173361e-01
1.083108316117752101e-01 5.336708043453466388e-01
1.084348158091014841e-01 4.691275571090969820e-01
1.085588000064277581e-01 4.042195732442647182e-01
1.086827842037540320e-01 3.398102745922271795e-01
1.088067684010803199e-01 2.772814668735776866e-01
1.089307525984065800e-01 2.183361817917760794e-01
1.090547367957328678e-01 1.647925052311919880e-01
1.091787209930591557e-01 1.183414230999037531e-01
1.093027051903854296e-01 8.023594820252713533e-02
1.094266893877116897e-01 5.097483566644799013e-02
1.095506735850379637e-01 3.013536749442735987e-02
1.096746577823642654e-01 1.647693497538559385e-02
1.097986419796905255e-01 8.288991786898000647e-03
1.099226261770168134e-01 3.820137644840926241e-03
1.100466103743430873e-01 1.607187457963486950e-03
1.101705945716693752e-01 6.154541826437603383e-04
1.102945787689956353e-01 2.140009994019340643e-04
1.104185629663219093e-01 6.742896854530119042e-05
1.105425471636482110e-01 1.921943401357727136e-05
1.106665313609744711e-01 4.948288488210421065e-06
1.107905155583007312e-01 1.149289932732585516e-06
1.109144997556270190e-01 2.405311343601982541e-07
1.110384839529533069e-01 4.531505713157525990e-08
1.111624681502795808e-01 7.678079691216036653e-09
1.112864523476058409e-01 1.169098883495564766e-09
1.114104365449321427e-01 1.598539838091283532e-10
1.115344207422584166e-01 1.961487956962920421e-11
1.116584049395846767e-01 2.158649888326757562e-12
1.117823891369109646e-01 2.129525442289568563e-13
1.119063733342372385e-01 1.882261858524696397e-14
1.120303575315635125e-01 1.490002773117424911e-15
1.121543417288897865e-01 1.055932060837281958e-16
1.122783259262160743e-01 6.696931229458586582e-18
1.124023101235423622e-01 3.799891825941583205e-19
1.125262943208686223e-01 1.928416062767827895e-20
1.126502785181948962e-01 8.750958331042855746e-22
1.127742627155211841e-01 3.550083460320351108e-23
1.128982469128474581e-01 1.287249126797202715e-24
1.130222311101737320e-01 4.171094779408120790e-26
1.131462153075000060e-01 1.207623581937739648e-27
1.132701995048262938e-01 3.123527575833922767e-29
1.133941837021525539e-01 7.216659431959457473e-31
1.135181678994788279e-01 1.489207001299428485e-32
1.136421520968051296e-01 2.744468060398411829e-34
1.137661362941314036e-01 4.516547747590555725e-36
1.138901204914576776e-01 6.636906324734448206e-38
1.140141046887839377e-01 8.707722696570364854e-40
1.141380888861102394e-01 1.019989916481515672e-41
1.142620730834365134e-01 1.066633325360057815e-43
1.143860572807627735e-01 9.957279388661621274e-46
1.145100414780890613e-01 8.297613547970271828e-48
1.146340256754153353e-01 6.172136292247588883e-50
1.147580098727415954e-01 4.098003508298710893e-52
1.148819940700678832e-01 2.428566882246530329e-54
1.150059782673941711e-01 1.284566651005957949e-56
1.151299624647204589e-01 6.064308547031849636e-59
1.152539466620467051e-01 2.555138420391550163e-61
1.153779308593729791e-01 9.608321939770559091e-64
1.155019150566992808e-01 3.224579153909524798e-66
1.156258992540255548e-01 9.657932392116502730e-69
1.157498834513518288e-01 2.581516365087626183e-71
1.158738676486781027e-01 6.158002247639512248e-74
1.159978518460043906e-01 1.310914183597970766e-76
1.161218360433306507e-01 2.490427362314519822e-79
1.162458202406569246e-01 4.222162014703781749e-82
1.163698044379832264e-01 6.387838358349309612e-85
1.164937886353095003e-01 8.624340033207408476e-88
1.166177728326357604e-01 1.034787348343219961e-90
1.167417570299620344e-01 0.000000000000000000e+00
1.168657412272883223e-01 0.000000000000000000e+00
1.169897254246145962e-01 0.000000000000000000e+00
1.171137096219408702e-01 0.000000000000000000e+00
1.172376938192671580e-01 0.000000000000000000e+00
1.173616780165934320e-01 0.000000000000000000e+00
1.174856622139196921e-01 0.000000000000000000e+00
1.176096464112459800e-01 0.000000000000000000e+00
1.177336306085722678e-01 0.000000000000000000e+00
1.178576148058985418e-01 0.000000000000000000e+00
1.179815990032248019e-01 0.000000000000000000e+00
1.181055832005510897e-01 0.000000000000000000e+00
1.182295673978773776e-01 0.000000000000000000e+00
1.183535515952036377e-01 0.000000000000000000e+00
1.184775357925299255e-01 0.000000000000000000e+00
1.186015199898561995e-01 0.000000000000000000e+00
1.187255041871824734e-01 0.000000000000000000e+00
1.188494883845087474e-01 0.000000000000000000e+00
1.189734725818350214e-01 0.000000000000000000e+00
1.190974567791613231e-01 0.000000000000000000e+00
1.192214409764875832e-01 0.000000000000000000e+00
1.193454251738138433e-01 0.000000000000000000e+00
1.194694093711401450e-01 0.000000000000000000e+00
1.195933935684664190e-01 0.000000000000000000e+00
1.197173777657926930e-01 0.000000000000000000e+00
1.198413619631189669e-01 0.000000000000000000e+00
1.199653461604452548e-01 0.000000000000000000e+00
1.200893303577715288e-01 0.000000000000000000e+00
1.202133145550977888e-01 0.000000000000000000e+00
1.203372987524240767e-01 0.000000000000000000e+00
1.204612829497503645e-01 0.000000000000000000e+00
1.205852671470766108e-01 0.000000000000000000e+00
1.207092513444028986e-01 0.000000000000000000e+00
1.208332355417291865e-01 0.000000000000000000e+00
1.209572197390554743e-01 0.000000000000000000e+00
1.210812039363817344e-01 0.000000000000000000e+00
1.212051881337080084e-01 0.000000000000000000e+00
1.213291723310342962e-01 0.000000000000000000e+00
1.214531565283605702e-01 0.000000000000000000e+00
1.215771407256868442e-01 0.000000000000000000e+00
1.217011249230131320e-01 0.000000000000000000e+00
1.218251091203394060e-01 0.000000000000000000e+00
1.219490933176656661e-01 0.000000000000000000e+00
1.220730775149919400e-01 0.000000000000000000e+00
1.221970617123182418e-01 0.000000000000000000e+00
1.223210459096445157e-01 0.000000000000000000e+00
1.224450301069707897e-01 0.000000000000000000e+00
1.225690143042970498e-01 0.000000000000000000e+00
1.226929985016233376e-01 0.000000000000000000e+00
1.228169826989496255e-01 0.000000000000000000e+00
1.229409668962758856e-01 0.000000000000000000e+00
1.230649510936021873e-01 0.000000000000000000e+00
1.231889352909284474e-01 0.000000000000000000e+00
1.233129194882547075e-01 0.000000000000000000e+00
1.234369036855809953e-01 0.000000000000000000e+00
1.235608878829072832e-01 0.000000000000000000e+00
1.236848720802335710e-01 0.000000000000000000e+00
1.238088562775598311e-01 0.000000000000000000e+00
1.239328404748861190e-01 0.000000000000000000e+00
1.240568246722123930e-01 0.000000000000000000e+00
1.241808088695386669e-01 0.000000000000000000e+00
1.243047930668649409e-01 0.000000000000000000e+00
1.244287772641912287e-01 0.000000000000000000e+00
1.245527614615175027e-01 0.000000000000000000e+00
1.246767456588437628e-01 0.000000000000000000e+00
1.248007298561700368e-01 0.000000000000000000e+00
1.249247140534963385e-01 0.000000000000000000e+00
1.250486982508226264e-01 0.000000000000000000e+00
1.251726824481488864e-01 0.000000000000000000e+00
1.252966666454751465e-01 0.000000000000000000e+00
1.254206508428014344e-01 0.000000000000000000e+00
1.255446350401276945e-01 0.000000000000000000e+00
1.256686192374540101e-01 0.000000000000000000e+00
1.257926034347802702e-01 0.000000000000000000e+00
1.259165876321065303e-01 0.000000000000000000e+00
1.260405718294328181e-01 0.000000000000000000e+00
1.261645560267591060e-01 0.000000000000000000e+00
1.262885402240853938e-01 0.000000000000000000e+00
1.264125244214116539e-01 0.000000000000000000e+00
1.265365086187379418e-01 0.000000000000000000e+00
1.266604928160642018e-01 0.000000000000000000e+00
1.267844770133904897e-01 0.000000000000000000e+00
1.269084612107167498e-01 0.000000000000000000e+00
1.270324454080430376e-01 0.000000000000000000e+00
1.271564296053693255e-01 0.000000000000000000e+00
1.272804138026955856e-01 0.000000000000000000e+00
1.274043980000218734e-01 0.000000000000000000e+00
1.275283821973481613e-01 0.000000000000000000e+00
1.276523663946744214e-01 0.000000000000000000e+00
1.277763505920007092e-01 0.000000000000000000e+00
1.279003347893269693e-01 0.000000000000000000e+00
1.280243189866532572e-01 0.000000000000000000e+00
1.281483031839795450e-01 0.000000000000000000e+00
1.282722873813057773e-01 0.000000000000000000e+00
1.283962715786320929e-01 0.000000000000000000e+00
1.285202557759583530e-01 0.000000000000000000e+00
1.286442399732846409e-01 0.000000000000000000e+00
1.287682241706109287e-01 0.000000000000000000e+00
1.288922083679371888e-01 0.000000000000000000e+00
1.290161925652634767e-01 0.000000000000000000e+00
1.291401767625897368e-01 0.000000000000000000e+00
1.292641609599160246e-01 0.000000000000000000e+00
1.293881451572423125e-01 0.000000000000000000e+00
1.295121293545685726e-01 0.000000000000000000e+00
1.296361135518948604e-01 0.000000000000000000e+00
1.297600977492211205e-01 0.000000000000000000e+00
1.298840819465474083e-01 0.000000000000000000e+00
1.300080661438736962e-01 0.000000000000000000e+00
1.301320503411999563e-01 0.000000000000000000e+00
