M. Ikezawa and M. Ishigame, Far-Infrared AbsorptionDue to the Two-Phonon Difference Process in Si, Journal of the Physical Society of Japan 50(1981) 3734.
5.012623383680389622e-02 1.190250000000000163e+01 1.415781308471341044e-04
5.120391401573538143e-02 1.190250000000000163e+01 1.619943394908064465e-04
5.228136428733260593e-02 1.190250000000000163e+01 1.928860920988734455e-04
5.335854285026209870e-02 1.190250000000000163e+01 2.356353796647292238e-04
5.443549150585734464e-02 1.190250000000000163e+01 2.875625920718834867e-04
5.551216845278485190e-02 1.190250000000000163e+01 3.500722590066363341e-04
5.658846918771086310e-02 1.190250000000000163e+01 4.273143411222174773e-04
5.766445641263563682e-02 1.190250000000000163e+01 5.156666634614442231e-04
5.867270159081614672e-02 1.190250000000000163e+01 6.171750327006069511e-04
5.954617827452680923e-02 1.190250000000000163e+01 7.168846339213767521e-04
6.035224732216118437e-02 1.190250000000000163e+01 8.156233923567918253e-04
6.129287486232806725e-02 1.190250000000000163e+01 9.185628558614984717e-04
6.236875758391909053e-02 1.190250000000000163e+01 9.960893946969848634e-04
6.337690423038491727e-02 1.190250000000000163e+01 1.086422675374986270e-03
6.425022167092034331e-02 1.190250000000000163e+01 1.178833476073797362e-03
6.512336394396302242e-02 1.190250000000000163e+01 1.275691016087536055e-03
6.613198533414500757e-02 1.190250000000000163e+01 1.339515871457616896e-03
6.714021856908737595e-02 1.190250000000000163e+01 1.416308572159988028e-03
6.801351212314651895e-02 1.190250000000000163e+01 1.500274564598071646e-03
6.875199677478011084e-02 1.190250000000000163e+01 1.586736858232440242e-03
6.942302522116897134e-02 1.190250000000000163e+01 1.675658034200736002e-03
7.042960133181905280e-02 1.190250000000000163e+01 1.804640024011747385e-03
7.104045815201423530e-02 1.190250000000000163e+01 1.629741385363876966e-03
7.178371372917781434e-02 1.190250000000000163e+01 1.540078765037816147e-03
7.245521035050185576e-02 1.190250000000000163e+01 1.609072763241446409e-03
7.272215366622493404e-02 1.190250000000000163e+01 1.694927149751847576e-03
7.301075007270035888e-02 1.190250000000000163e+01 1.808114601441638885e-03
7.323201846468711806e-02 1.190250000000000163e+01 1.920205278186751545e-03
7.340802994627254607e-02 1.190250000000000163e+01 2.044587847280566074e-03
7.353856157701132990e-02 1.190250000000000163e+01 2.189211783142577632e-03
7.366881453219346898e-02 1.190250000000000163e+01 2.343066646050024227e-03
7.383891809197773437e-02 1.190250000000000163e+01 2.671801139722305030e-03
7.384159337732165707e-02 1.190250000000000163e+01 2.578470763876784550e-03
7.395395536176632700e-02 1.190250000000000163e+01 3.354222837204893538e-03
7.467006060393842348e-02 1.190250000000000163e+01 3.705765926216856004e-03
7.504041281760934212e-02 1.190250000000000163e+01 4.375107872893357029e-03
7.514622773580102721e-02 1.190250000000000163e+01 5.296574912439184178e-03
7.556948740856782309e-02 1.190250000000000163e+01 5.230329898000385565e-03
7.588693216314287837e-02 1.190250000000000163e+01 5.318905345893302355e-03
7.631019183590966037e-02 1.190250000000000163e+01 4.759943158903066907e-03
7.673345150867642850e-02 1.190250000000000163e+01 4.497823349975573447e-03
7.726252609963492335e-02 1.190250000000000163e+01 4.431322672527008601e-03
7.768578577240167760e-02 1.190250000000000163e+01 4.048594815470307577e-03
7.798689228261514172e-02 1.190250000000000163e+01 1.290842987897556889e-03
7.812595695889880398e-02 1.190250000000000163e+01 1.147024870868974334e-03
7.833975498813007532e-02 1.190250000000000163e+01 7.613455206370270574e-04
7.826902341617608672e-02 1.190250000000000163e+01 8.720935446528708728e-04
7.895076136420733914e-02 1.190250000000000163e+01 6.071664719627570912e-04
8.003065701381424646e-02 1.190250000000000163e+01 5.427042950839428221e-04
8.110929862341620389e-02 1.190250000000000163e+01 5.197532819943679293e-04
8.218802383568513115e-02 1.190250000000000163e+01 4.947865151413275873e-04
8.326668634595382756e-02 1.190250000000000163e+01 4.724048140529373083e-04
8.434531402177794512e-02 1.190250000000000163e+01 4.516585614171483029e-04
8.542361425382298534e-02 1.190250000000000163e+01 4.413020836023950509e-04
8.650292468476090957e-02 1.190250000000000163e+01 4.011463541537435605e-04
8.758363546037103986e-02 1.190250000000000163e+01 3.208297173212516741e-04
8.839088191223229418e-02 1.190250000000000163e+01 3.575764004508892656e-04
8.885964206608737426e-02 1.190250000000000163e+01 4.405021037579826253e-04
8.908096619318546516e-02 1.190250000000000163e+01 5.344366929336658543e-04
8.925842678766553184e-02 1.190250000000000163e+01 5.976766977163539864e-04
8.960704990904516665e-02 1.190250000000000163e+01 9.043269376400849338e-04
8.973780448022927736e-02 1.190250000000000163e+01 1.018106911690952292e-03
8.991470772359602681e-02 1.190250000000000163e+01 1.095888541462649180e-03
9.105011554408928842e-02 1.190250000000000163e+01 1.368303382458003602e-03
9.131697525714534136e-02 1.190250000000000163e+01 1.439736357113252868e-03
9.158366776486744076e-02 1.190250000000000163e+01 1.515454044954192125e-03
9.222683046584323474e-02 1.190250000000000163e+01 1.694584635587702542e-03
9.286554745794033117e-02 1.190250000000000163e+01 1.450705951268421289e-03
9.327324979733156440e-02 1.190250000000000163e+01 1.350623453422322272e-03
9.374784820409862163e-02 1.190250000000000163e+01 1.263915763136821534e-03
9.442437491922033022e-02 1.190250000000000163e+01 1.181667249601501320e-03
9.537024155985240892e-02 1.190250000000000163e+01 1.102782863160910220e-03
9.645042981879380084e-02 1.190250000000000163e+01 1.035935250675053612e-03
9.753049267373470332e-02 1.190250000000000163e+01 9.738784395744562233e-04
9.854326732498075447e-02 1.190250000000000163e+01 9.113001487939001400e-04
9.919631912681935171e-02 1.190250000000000163e+01 8.491336964812270377e-04
9.985216660381139586e-02 1.190250000000000163e+01 7.411181138069388363e-04
1.001231785826616622e-01 1.190250000000000163e+01 7.011872406791678190e-04
1.008377863126007634e-01 1.190250000000000163e+01 8.022809068983992016e-04
1.011711798148090119e-01 1.190250000000000163e+01 8.893501607272792653e-04
1.022606845120347940e-01 1.190250000000000163e+01 9.834906302479248710e-04
1.031583734080064596e-01 1.190250000000000163e+01 8.881222562096657662e-04
1.033290900540154156e-01 1.190250000000000163e+01 8.304605441329009421e-04
1.035344182041612882e-01 1.190250000000000163e+01 7.498774363400900669e-04
1.039422877488865027e-01 1.190250000000000163e+01 6.586758837743763315e-04
1.046856478293838322e-01 1.190250000000000163e+01 6.015184665214269545e-04
1.055597764148431122e-01 1.190250000000000163e+01 6.419980967011407625e-04
1.062306710969647683e-01 1.190250000000000163e+01 7.093179697615236865e-04
1.068340900665527421e-01 1.190250000000000163e+01 7.784894262921984200e-04
1.072355082721413166e-01 1.190250000000000163e+01 8.448422371285416827e-04
1.075694173241293905e-01 1.190250000000000163e+01 9.142631796246679073e-04
1.079698183639361680e-01 1.190250000000000163e+01 1.003911895657249665e-03
1.087082528539695253e-01 1.190250000000000163e+01 1.063154376392219658e-03
1.097162382667204311e-01 1.190250000000000163e+01 1.118501869807126759e-03
1.107248954866168617e-01 1.190250000000000163e+01 1.157220942903060138e-03
1.118029518775498221e-01 1.190250000000000163e+01 1.148118153416992273e-03
1.128153891323183527e-01 1.190250000000000163e+01 1.099591978192585116e-03
1.138365147610789219e-01 1.190250000000000163e+01 1.024693389620860229e-03
1.144551754257790849e-01 1.190250000000000163e+01 9.551929246952607904e-04
1.150473484432781024e-01 1.190250000000000163e+01 8.929676504793127110e-04
1.155963509013766266e-01 1.190250000000000163e+01 8.343527172640804969e-04
1.161982874497058116e-01 1.190250000000000163e+01 7.643284608347692072e-04
1.171975351894316703e-01 1.190250000000000163e+01 7.147096504604432158e-04
1.182905815385572740e-01 1.190250000000000163e+01 6.771305747134444405e-04
1.193684080221560362e-01 1.190250000000000163e+01 6.778982779353408868e-04
1.204466734197564559e-01 1.190250000000000163e+01 6.692722501028534107e-04
1.213247647716314270e-01 1.190250000000000163e+01 6.199291002056336874e-04
1.219989205521589959e-01 1.190250000000000163e+01 5.678807114263986853e-04
1.227355140237213760e-01 1.190250000000000163e+01 5.014838329811143651e-04
1.234895149033220230e-01 1.190250000000000163e+01 4.327919060959332259e-04
1.241471314252458880e-01 1.190250000000000163e+01 3.737198447816378766e-04
1.246372321625594387e-01 1.190250000000000163e+01 3.357584214713548528e-04
1.250212671376447759e-01 1.190250000000000163e+01 3.061645020939603667e-04
1.255520612195485664e-01 1.190250000000000163e+01 2.680588322544667323e-04
1.260626689411111501e-01 1.190250000000000163e+01 2.414039337593297378e-04
1.264066492602531622e-01 1.190250000000000163e+01 2.207803544785475998e-04
1.267510339766667049e-01 1.190250000000000163e+01 2.019019626287068257e-04
1.271533081624961481e-01 1.190250000000000163e+01 1.819873314414296040e-04
1.276135526971958201e-01 1.190250000000000163e+01 1.613978291450846763e-04
1.280742825086212677e-01 1.190250000000000163e+01 1.428961818630192140e-04
1.286512563157408140e-01 1.190250000000000163e+01 1.241800946995199207e-04
1.295192411393897847e-01 1.190250000000000163e+01 1.063969694761667743e-04
1.305648237647746013e-01 1.190250000000000163e+01 1.010591514088379100e-04
1.316125901354255612e-01 1.190250000000000163e+01 1.043016466844710991e-04
1.326620549746168332e-01 1.190250000000000163e+01 1.140481130260590284e-04
1.336549345255928223e-01 1.190250000000000163e+01 1.296948834158233451e-04
1.345320418776914384e-01 1.190250000000000163e+01 1.472560333334871894e-04
1.353508192562034307e-01 1.190250000000000163e+01 1.639851889172613472e-04
1.362276796371112431e-01 1.190250000000000163e+01 1.801788469140548318e-04
1.372205827779280629e-01 1.190250000000000163e+01 1.950285479416871172e-04
1.382709912107528416e-01 1.190250000000000163e+01 2.071844886279003623e-04
1.393205099695803140e-01 1.190250000000000163e+01 2.158882760065032060e-04
1.402539513058755627e-01 1.190250000000000163e+01 2.254710483416326548e-04
1.408182518802165717e-01 1.190250000000000163e+01 2.465569839861270511e-04
1.409246461063676514e-01 1.190250000000000163e+01 2.667149952896776953e-04
1.413242625034627220e-01 1.190250000000000163e+01 2.155732887512874384e-04
1.423411419091767383e-01 1.190250000000000163e+01 1.996356644648519373e-04
1.433844329500230663e-01 1.190250000000000163e+01 1.859137253037845686e-04
1.444276970310512387e-01 1.190250000000000163e+01 1.722944681447208519e-04
1.454709880718975668e-01 1.190250000000000163e+01 1.589654348706827380e-04
1.465142521529257391e-01 1.190250000000000163e+01 1.457320208183792267e-04
1.475571118366824364e-01 1.190250000000000163e+01 1.312825923833450218e-04
1.486290072445332067e-01 1.190250000000000163e+01 1.168752651591717547e-04
1.493469851893793887e-01 1.190250000000000163e+01 1.038701387668297937e-04
1.503357632329375970e-01 1.190250000000000163e+01 8.587097586451753340e-05
1.513778302980421375e-01 1.190250000000000163e+01 6.951764727940290653e-05
1.524225771690658759e-01 1.190250000000000163e+01 6.239066272322866169e-05
1.534690494684479989e-01 1.190250000000000163e+01 6.111769558129735865e-05
1.545170315176437603e-01 1.190250000000000163e+01 6.486512125326949281e-05
1.555658762810187279e-01 1.190250000000000163e+01 7.140167635193499197e-05
1.566151254416652261e-01 1.190250000000000163e+01 7.917281119963833923e-05
1.576646711603107709e-01 1.190250000000000163e+01 8.780360386947085234e-05
1.587147830351364752e-01 1.190250000000000163e+01 9.814667838037257925e-05
1.596492026276885023e-01 1.190250000000000163e+01 1.103910749934969748e-04
1.605842037820309764e-01 1.190250000000000163e+01 1.243471663887494791e-04
1.616330215855878161e-01 1.190250000000000163e+01 1.301669819426144324e-04
1.626792782064251652e-01 1.190250000000000163e+01 1.278513165159853027e-04
1.637561709841946767e-01 1.190250000000000163e+01 1.221554597889862206e-04
1.647096827671511998e-01 1.190250000000000163e+01 1.110509755669882926e-04
1.656948821399458760e-01 1.190250000000000163e+01 9.995816911921007165e-05
1.667395256650001933e-01 1.190250000000000163e+01 9.293505652195752835e-05
1.677850903171729524e-01 1.190250000000000163e+01 8.881038504875313439e-05
1.688325601298247824e-01 1.190250000000000163e+01 9.051469030373082442e-05
1.698804882593843713e-01 1.190250000000000163e+01 9.357934778514368087e-05
1.709278232729457003e-01 1.190250000000000163e+01 9.482974188389688152e-05
1.719749426079622556e-01 1.190250000000000163e+01 9.542277162825419431e-05
1.730215227466168348e-01 1.190250000000000163e+01 9.441299750574375278e-05
1.740681028852713308e-01 1.190250000000000163e+01 9.341536586682045449e-05
1.751145751846534815e-01 1.190250000000000163e+01 9.211434595187125503e-05
1.761615597205795081e-01 1.190250000000000163e+01 9.231762338087376690e-05
1.771530272510824788e-01 1.190250000000000163e+01 1.001631587542641119e-04
1.779717901868347607e-01 1.190250000000000163e+01 1.130610939571715452e-04
1.786738238501671960e-01 1.190250000000000163e+01 1.247011074303684317e-04
1.793761810313168059e-01 1.190250000000000163e+01 1.371733950801842621e-04
1.802514450058528284e-01 1.190250000000000163e+01 1.450080807024381588e-04
1.812389036114042673e-01 1.190250000000000163e+01 1.410639979528659888e-04
1.819319515673638865e-01 1.190250000000000163e+01 1.271009640384629900e-04
1.823923780808356931e-01 1.190250000000000163e+01 1.133445347829983391e-04
1.827946239588561506e-01 1.190250000000000163e+01 9.960736681145387526e-05
1.831967444737224171e-01 1.190250000000000163e+01 8.558013975465376282e-05
1.836572923063757024e-01 1.190250000000000163e+01 7.236077995448305701e-05
1.841180827773919171e-01 1.190250000000000163e+01 5.988235862727801426e-05
1.846373167420859995e-01 1.190250000000000163e+01 4.826120382795818495e-05
1.859095289903857640e-01 1.190250000000000163e+01 2.831826959530078089e-05
