# # First column is omega in [eV], second column is F1(omega) in [eV-2], third column is F2(omega) in [eV-3], etc.
5.836689742982318838e-03 0.000000000000000000e+00 0.000000000000000000e+00 0.000000000000000000e+00 0.000000000000000000e+00 0.000000000000000000e+00 0.000000000000000000e+00 0.000000000000000000e+00 0.000000000000000000e+00 0.000000000000000000e+00 0.000000000000000000e+00
7.082686624176878949e-03 1.023208960136800272e+02 0.000000000000000000e+00 0.000000000000000000e+00 0.000000000000000000e+00 0.000000000000000000e+00 0.000000000000000000e+00 0.000000000000000000e+00 0.000000000000000000e+00 0.000000000000000000e+00 0.000000000000000000e+00
8.328683505371439061e-03 1.703774816216671013e+02 0.000000000000000000e+00 0.000000000000000000e+00 0.000000000000000000e+00 0.000000000000000000e+00 0.000000000000000000e+00 0.000000000000000000e+00 0.000000000000000000e+00 0.000000000000000000e+00 0.000000000000000000e+00
9.574680386565998305e-03 2.548903336630595788e+02 0.000000000000000000e+00 0.000000000000000000e+00 0.000000000000000000e+00 0.000000000000000000e+00 0.000000000000000000e+00 0.000000000000000000e+00 0.000000000000000000e+00 0.000000000000000000e+00 0.000000000000000000e+00
1.082067726776055755e-02 3.895689838456899565e+02 0.000000000000000000e+00 0.000000000000000000e+00 0.000000000000000000e+00 0.000000000000000000e+00 0.000000000000000000e+00 0.000000000000000000e+00 0.000000000000000000e+00 0.000000000000000000e+00 0.000000000000000000e+00
1.206667414895511853e-02 6.492472651361633780e+02 1.509509824765808750e+00 0.000000000000000000e+00 0.000000000000000000e+00 0.000000000000000000e+00 0.000000000000000000e+00 0.000000000000000000e+00 0.000000000000000000e+00 0.000000000000000000e+00 0.000000000000000000e+00
1.331267103014967777e-02 1.205752268616296078e+03 7.156677131112744839e+00 0.000000000000000000e+00 0.000000000000000000e+00 0.000000000000000000e+00 0.000000000000000000e+00 0.000000000000000000e+00 0.000000000000000000e+00 0.000000000000000000e+00 0.000000000000000000e+00
1.455866791134423875e-02 1.450739118981776073e+03 1.932458075495298999e+01 0.000000000000000000e+00 0.000000000000000000e+00 0.000000000000000000e+00 0.000000000000000000e+00 0.000000000000000000e+00 0.000000000000000000e+00 0.000000000000000000e+00 0.000000000000000000e+00
1.580466479253879800e-02 1.732719212749245571e+03 4.223872882565179054e+01 0.000000000000000000e+00 0.000000000000000000e+00 0.000000000000000000e+00 0.000000000000000000e+00 0.000000000000000000e+00 0.000000000000000000e+00 0.000000000000000000e+00 0.000000000000000000e+00
1.705066167373335551e-02 2.411790798544594054e+03 8.437839345066900876e+01 0.000000000000000000e+00 0.000000000000000000e+00 0.000000000000000000e+00 0.000000000000000000e+00 0.000000000000000000e+00 0.000000000000000000e+00 0.000000000000000000e+00 0.000000000000000000e+00
1.829665855492791648e-02 1.781241512426568761e+03 1.628472518018400308e+02 0.000000000000000000e+00 0.000000000000000000e+00 0.000000000000000000e+00 0.000000000000000000e+00 0.000000000000000000e+00 0.000000000000000000e+00 0.000000000000000000e+00 0.000000000000000000e+00
1.954265543612247746e-02 1.325554988549766904e+03 3.178903795565135511e+02 2.675949224546101402e-01 0.000000000000000000e+00 0.000000000000000000e+00 0.000000000000000000e+00 0.000000000000000000e+00 0.000000000000000000e+00 0.000000000000000000e+00 0.000000000000000000e+00
2.078865231731703844e-02 1.101830128072639809e+03 5.648019100717850733e+02 9.932265295574028707e-01 0.000000000000000000e+00 0.000000000000000000e+00 0.000000000000000000e+00 0.000000000000000000e+00 0.000000000000000000e+00 0.000000000000000000e+00 0.000000000000000000e+00
2.203464919851159942e-02 9.525382965417478545e+02 9.539374800444167022e+02 2.900343808853298455e+00 0.000000000000000000e+00 0.000000000000000000e+00 0.000000000000000000e+00 0.000000000000000000e+00 0.000000000000000000e+00 0.000000000000000000e+00 0.000000000000000000e+00
2.328064607970616040e-02 8.655940900172512329e+02 1.524340639573336375e+03 7.122209624090950264e+00 0.000000000000000000e+00 0.000000000000000000e+00 0.000000000000000000e+00 0.000000000000000000e+00 0.000000000000000000e+00 0.000000000000000000e+00 0.000000000000000000e+00
2.452664296090071444e-02 8.576330602037638755e+02 2.305699103650972575e+03 1.565497706625814622e+01 0.000000000000000000e+00 0.000000000000000000e+00 0.000000000000000000e+00 0.000000000000000000e+00 0.000000000000000000e+00 0.000000000000000000e+00 0.000000000000000000e+00
2.577263984209527542e-02 4.832898416948173690e+02 3.338836491545235731e+03 3.607007335746622090e+01 0.000000000000000000e+00 0.000000000000000000e+00 0.000000000000000000e+00 0.000000000000000000e+00 0.000000000000000000e+00 0.000000000000000000e+00 0.000000000000000000e+00
2.701863672328983640e-02 1.034384620635420475e+02 4.663580911013363220e+03 7.262677881309714678e+01 0.000000000000000000e+00 0.000000000000000000e+00 0.000000000000000000e+00 0.000000000000000000e+00 0.000000000000000000e+00 0.000000000000000000e+00 0.000000000000000000e+00
2.826463360448439738e-02 8.337417109178029762e+01 6.201103084114596641e+03 1.463839177629865560e+02 0.000000000000000000e+00 0.000000000000000000e+00 0.000000000000000000e+00 0.000000000000000000e+00 0.000000000000000000e+00 0.000000000000000000e+00 0.000000000000000000e+00
2.951063048567895836e-02 9.833153322168824673e+01 8.071990843973142546e+03 2.726428876562970913e+02 3.470888399152361470e-01 0.000000000000000000e+00 0.000000000000000000e+00 0.000000000000000000e+00 0.000000000000000000e+00 0.000000000000000000e+00 0.000000000000000000e+00
3.075662736687351934e-02 1.143810308378537428e+02 9.963820119778076332e+03 5.017607898694323580e+02 9.098996702389854363e-01 0.000000000000000000e+00 0.000000000000000000e+00 0.000000000000000000e+00 0.000000000000000000e+00 0.000000000000000000e+00 0.000000000000000000e+00
3.200262424806807338e-02 1.296022972626280421e+02 1.138762361248252455e+04 8.623495948279006598e+02 2.185617831025996161e+00 0.000000000000000000e+00 0.000000000000000000e+00 0.000000000000000000e+00 0.000000000000000000e+00 0.000000000000000000e+00 0.000000000000000000e+00
3.324862112926263435e-02 1.514780221104873021e+02 1.253922378603800098e+04 1.446623895948717518e+03 5.216390767706764464e+00 0.000000000000000000e+00 0.000000000000000000e+00 0.000000000000000000e+00 0.000000000000000000e+00 0.000000000000000000e+00 0.000000000000000000e+00
3.449461801045719533e-02 1.777606474318317851e+02 1.311961886952786517e+04 2.335719033228793705e+03 1.014398694131282319e+01 0.000000000000000000e+00 0.000000000000000000e+00 0.000000000000000000e+00 0.000000000000000000e+00 0.000000000000000000e+00 0.000000000000000000e+00
3.574061489165175631e-02 2.030935599723489702e+02 1.276003118320297654e+04 3.666356995294134322e+03 2.429021248018953472e+01 0.000000000000000000e+00 0.000000000000000000e+00 0.000000000000000000e+00 0.000000000000000000e+00 0.000000000000000000e+00 0.000000000000000000e+00
3.698661177284631729e-02 2.409177137878452584e+02 1.210139150305300791e+04 5.561323827976889334e+03 5.059958925661228335e+01 0.000000000000000000e+00 0.000000000000000000e+00 0.000000000000000000e+00 0.000000000000000000e+00 0.000000000000000000e+00 0.000000000000000000e+00
3.823260865404087827e-02 2.948697501115844375e+02 1.139598645686845157e+04 8.179826377260450499e+03 9.583224802940385700e+01 0.000000000000000000e+00 0.000000000000000000e+00 0.000000000000000000e+00 0.000000000000000000e+00 0.000000000000000000e+00 0.000000000000000000e+00
3.947860553523543925e-02 3.992983044548767566e+02 1.037381016782724691e+04 1.157385091232589366e+04 1.846048061424428397e+02 1.851698327879422179e-01 0.000000000000000000e+00 0.000000000000000000e+00 0.000000000000000000e+00 0.000000000000000000e+00 0.000000000000000000e+00
4.072460241643000023e-02 4.678924200780385263e+02 9.251369487278392626e+03 1.600800464196321809e+04 3.288486099108764620e+02 0.000000000000000000e+00 0.000000000000000000e+00 0.000000000000000000e+00 0.000000000000000000e+00 0.000000000000000000e+00 0.000000000000000000e+00
4.197059929762455427e-02 2.787135308673179566e+02 7.962587161260108587e+03 2.120073512896147804e+04 6.126718946065647060e+02 1.252274345336288341e+00 0.000000000000000000e+00 0.000000000000000000e+00 0.000000000000000000e+00 0.000000000000000000e+00 0.000000000000000000e+00
4.321659617881911525e-02 1.733774791610388206e+02 6.341822518210343333e+03 2.761747451108837049e+04 9.987974156105616430e+02 3.054515233548815711e+00 0.000000000000000000e+00 0.000000000000000000e+00 0.000000000000000000e+00 0.000000000000000000e+00 0.000000000000000000e+00
4.446259306001367623e-02 1.386523589742111255e+02 5.038200851212100133e+03 3.448749670352334942e+04 1.718984991150632368e+03 0.000000000000000000e+00 0.000000000000000000e+00 0.000000000000000000e+00 0.000000000000000000e+00 0.000000000000000000e+00 0.000000000000000000e+00
4.570858994120823721e-02 1.819790906286238226e+02 4.237480454902440215e+03 4.220727860568590404e+04 2.814290466997062595e+03 1.386397197309215201e+01 0.000000000000000000e+00 0.000000000000000000e+00 0.000000000000000000e+00 0.000000000000000000e+00 0.000000000000000000e+00
4.695458682240279819e-02 2.493479482855390188e+02 3.832860345726489413e+03 4.977652671904474846e+04 4.448106564672242712e+03 2.092500752657518435e-261 0.000000000000000000e+00 0.000000000000000000e+00 0.000000000000000000e+00 0.000000000000000000e+00 0.000000000000000000e+00
4.820058370359735916e-02 2.917112724747313450e+02 3.626984539656342349e+03 5.671428577834003954e+04 6.939684321193803044e+03 5.364371492802327168e+01 0.000000000000000000e+00 0.000000000000000000e+00 0.000000000000000000e+00 0.000000000000000000e+00 0.000000000000000000e+00
4.944658058479192014e-02 3.157726475248499582e+02 3.561847794578305184e+03 6.304932860011714365e+04 1.047028570054274860e+04 1.020930677278058596e+02 0.000000000000000000e+00 0.000000000000000000e+00 0.000000000000000000e+00 0.000000000000000000e+00 0.000000000000000000e+00
5.069257746598647418e-02 3.053885732081371316e+02 3.582091408212716033e+03 6.727217596973177569e+04 1.543734346340472075e+04 1.834222710300570327e+02 0.000000000000000000e+00 0.000000000000000000e+00 0.000000000000000000e+00 0.000000000000000000e+00 0.000000000000000000e+00
5.193857434718103516e-02 2.481460508215771767e+02 3.796296835648391607e+03 7.008745312785531860e+04 2.210509397287600223e+04 3.337297645674194655e+02 0.000000000000000000e+00 0.000000000000000000e+00 0.000000000000000000e+00 0.000000000000000000e+00 0.000000000000000000e+00
5.318457122837559614e-02 2.084066820773350059e+02 4.245042918906867271e+03 7.081964927631044702e+04 3.129139839369888068e+04 6.061666074869464182e+02 0.000000000000000000e+00 0.000000000000000000e+00 0.000000000000000000e+00 0.000000000000000000e+00 0.000000000000000000e+00
5.443056810957015712e-02 1.812515650398773630e+02 4.729352318225928684e+03 7.013776114426116692e+04 4.188496936865198222e+04 1.023968308744092269e+03 3.229035227099362526e+00 0.000000000000000000e+00 0.000000000000000000e+00 0.000000000000000000e+00 0.000000000000000000e+00
5.567656499076471810e-02 1.824444852084767206e+02 5.101041681578082716e+03 6.825368716239143396e+04 5.692611563717159879e+04 1.692764609848959935e+03 0.000000000000000000e+00 0.000000000000000000e+00 0.000000000000000000e+00 0.000000000000000000e+00 0.000000000000000000e+00
5.692256187195927908e-02 8.570583983016573484e+02 5.348503739496281014e+03 6.475014441475339117e+04 7.387383646432719252e+04 2.726735733157476261e+03 0.000000000000000000e+00 0.000000000000000000e+00 0.000000000000000000e+00 0.000000000000000000e+00 0.000000000000000000e+00
5.816855875315383312e-02 1.593091785794481666e+03 5.341595875629883267e+03 6.058386221376660251e+04 9.489431702124164440e+04 4.386846663203837124e+03 0.000000000000000000e+00 0.000000000000000000e+00 0.000000000000000000e+00 0.000000000000000000e+00 0.000000000000000000e+00
5.941455563434839410e-02 1.501965029117383665e+03 5.127589154021862669e+03 5.573576806032991590e+04 1.181372288082977175e+05 7.006233796224600155e+03 0.000000000000000000e+00 0.000000000000000000e+00 0.000000000000000000e+00 0.000000000000000000e+00 0.000000000000000000e+00
6.066055251554295508e-02 8.211792418059426382e+02 4.972557985813410596e+03 5.045091250658456556e+04 1.438476794291631959e+05 1.084606915548386860e+04 1.653105930827825407e-266 0.000000000000000000e+00 0.000000000000000000e+00 0.000000000000000000e+00 0.000000000000000000e+00
6.190654939673751606e-02 2.245981346945204677e+02 4.989831502221237315e+03 4.595948364908516669e+04 1.716821011828112823e+05 1.625093487590803488e+04 1.605466687783425357e+02 0.000000000000000000e+00 0.000000000000000000e+00 0.000000000000000000e+00 0.000000000000000000e+00
6.315254627793207010e-02 4.088058052712690937e+01 5.184728088463739368e+03 4.275898933120283618e+04 2.028733044781889475e+05 2.394332450213728953e+04 2.895557156273987971e+02 0.000000000000000000e+00 0.000000000000000000e+00 0.000000000000000000e+00 0.000000000000000000e+00
6.439854315912663107e-02 0.000000000000000000e+00 5.501389296834161541e+03 4.032691778151353355e+04 2.275828747818182455e+05 3.422009637767593085e+04 5.124278902048458804e+02 0.000000000000000000e+00 0.000000000000000000e+00 0.000000000000000000e+00 0.000000000000000000e+00
6.564454004032119205e-02 0.000000000000000000e+00 5.745975374687782278e+03 3.874076396756119357e+04 2.543174108845337469e+05 4.883854863834279240e+04 1.590387566991892807e-265 0.000000000000000000e+00 0.000000000000000000e+00 0.000000000000000000e+00 0.000000000000000000e+00
6.689053692151575303e-02 0.000000000000000000e+00 5.930600007891417590e+03 3.851050342849923618e+04 2.762790058961961768e+05 6.813276433473289944e+04 1.443292057008834945e+03 0.000000000000000000e+00 0.000000000000000000e+00 0.000000000000000000e+00 0.000000000000000000e+00
6.813653380271031401e-02 0.000000000000000000e+00 6.212306380465668553e+03 3.864144946462091320e+04 2.950580943263203371e+05 9.250886466429219581e+04 2.348072709051377387e+03 0.000000000000000000e+00 0.000000000000000000e+00 0.000000000000000000e+00 0.000000000000000000e+00
6.938253068390487499e-02 0.000000000000000000e+00 6.837925217374749991e+03 3.979886194301726209e+04 3.022008066058197874e+05 1.242663120071037556e+05 3.500004004146615026e-264 0.000000000000000000e+00 0.000000000000000000e+00 0.000000000000000000e+00 0.000000000000000000e+00
7.062852756509943597e-02 0.000000000000000000e+00 8.185301028326783126e+03 4.188389505625257152e+04 3.117185943546993076e+05 1.638945550736637088e+05 6.108708178268349911e+03 0.000000000000000000e+00 0.000000000000000000e+00 0.000000000000000000e+00 0.000000000000000000e+00
7.187452444629399695e-02 0.000000000000000000e+00 9.868498250250426281e+03 4.372511143978252221e+04 3.208494490125685115e+05 2.113494660578166659e+05 9.037736074669706795e+03 0.000000000000000000e+00 0.000000000000000000e+00 0.000000000000000000e+00 0.000000000000000000e+00
7.312052132748855793e-02 0.000000000000000000e+00 1.159240820486442135e+04 4.570370344231383206e+04 3.117563828833399457e+05 2.647878220891159144e+05 1.461239076325860515e+04 1.772643106647427487e-267 0.000000000000000000e+00 0.000000000000000000e+00 0.000000000000000000e+00
7.436651820868311891e-02 0.000000000000000000e+00 1.340087226127677422e+04 4.711103389943422371e+04 3.078184077804556582e+05 3.318856221788348630e+05 2.146886654470154463e+04 0.000000000000000000e+00 0.000000000000000000e+00 0.000000000000000000e+00 0.000000000000000000e+00
7.561251508987767989e-02 0.000000000000000000e+00 1.401112664284192397e+04 4.903164573874173220e+04 2.965273775598053471e+05 4.052005268724372145e+05 3.144505196378108303e+04 0.000000000000000000e+00 0.000000000000000000e+00 0.000000000000000000e+00 0.000000000000000000e+00
7.685851197107224086e-02 0.000000000000000000e+00 1.298829593570287034e+04 4.995853105187290203e+04 2.843917480785427033e+05 4.771309371778576751e+05 4.540298799497262371e+04 0.000000000000000000e+00 0.000000000000000000e+00 0.000000000000000000e+00 0.000000000000000000e+00
7.810450885226678797e-02 0.000000000000000000e+00 1.089751241220478005e+04 5.185167178183951910e+04 2.778713715989027405e+05 5.759780376571523957e+05 6.607716537837227224e+04 0.000000000000000000e+00 0.000000000000000000e+00 0.000000000000000000e+00 0.000000000000000000e+00
7.935050573346134895e-02 0.000000000000000000e+00 8.937488457240973730e+03 5.396048876041558105e+04 2.713764205526474980e+05 6.631139377516460372e+05 9.084199585396732436e+04 0.000000000000000000e+00 0.000000000000000000e+00 0.000000000000000000e+00 0.000000000000000000e+00
8.059650261465590992e-02 0.000000000000000000e+00 7.517410573906418904e+03 5.623386499687219475e+04 2.596335122476875840e+05 7.474655014345573727e+05 1.279790255212603806e+05 0.000000000000000000e+00 0.000000000000000000e+00 0.000000000000000000e+00 0.000000000000000000e+00
8.184249949585047090e-02 0.000000000000000000e+00 6.543261108356701698e+03 5.909022172211718134e+04 2.534937648912907171e+05 8.493589068774920888e+05 1.714816422664169222e+05 4.292250283622183815e+03 0.000000000000000000e+00 0.000000000000000000e+00 0.000000000000000000e+00
8.308849637704503188e-02 0.000000000000000000e+00 5.578527607418212938e+03 6.271557410323939985e+04 2.522979497879942646e+05 9.188643586876840563e+05 2.325335591416414827e+05 0.000000000000000000e+00 0.000000000000000000e+00 0.000000000000000000e+00 0.000000000000000000e+00
8.433449325823959286e-02 0.000000000000000000e+00 4.032577479385051447e+03 6.717371615121819195e+04 2.529281872327625751e+05 1.000157429581586854e+06 3.074845563102651504e+05 0.000000000000000000e+00 0.000000000000000000e+00 0.000000000000000000e+00 0.000000000000000000e+00
8.558049013943415384e-02 0.000000000000000000e+00 2.641213581903927206e+03 7.275402674263149675e+04 2.580382538273152022e+05 1.052859083778843051e+06 3.935203666756947059e+05 1.543657114577758512e+04 0.000000000000000000e+00 0.000000000000000000e+00 0.000000000000000000e+00
8.682648702062871482e-02 0.000000000000000000e+00 1.714895868585069366e+03 8.094398208363732556e+04 2.623169483731017099e+05 1.110259006490088534e+06 5.049962771471948363e+05 2.352947540411787122e+04 0.000000000000000000e+00 0.000000000000000000e+00 0.000000000000000000e+00
8.807248390182327580e-02 0.000000000000000000e+00 1.457999881697288856e+03 8.906923969720088644e+04 2.719954894590643235e+05 1.140252191950092791e+06 6.453779248124394799e+05 3.651889474102915119e+04 0.000000000000000000e+00 0.000000000000000000e+00 0.000000000000000000e+00
8.931848078301783678e-02 0.000000000000000000e+00 1.482310745161610384e+03 9.593256212574825622e+04 2.837141023334307247e+05 1.158395452300742036e+06 7.945982717599986354e+05 6.699092619649298285e+03 0.000000000000000000e+00 0.000000000000000000e+00 0.000000000000000000e+00
9.056447766421239776e-02 0.000000000000000000e+00 1.543026404994313907e+03 1.027699583069824730e+05 2.884235091275151935e+05 1.183519975114020053e+06 9.816266985205117380e+05 7.594553173778064956e+04 0.000000000000000000e+00 0.000000000000000000e+00 0.000000000000000000e+00
9.181047454540695874e-02 0.000000000000000000e+00 1.623196565159786815e+03 1.061123900450695510e+05 3.041105009998184396e+05 1.178938558034400223e+06 1.206736055708977627e+06 1.075736637105375557e+05 0.000000000000000000e+00 0.000000000000000000e+00 0.000000000000000000e+00
9.305647142660151971e-02 0.000000000000000000e+00 1.700361562092913346e+03 1.070148322637493693e+05 3.195765311883545364e+05 1.159419677675239742e+06 1.420752786182850366e+06 0.000000000000000000e+00 2.590821453883874710e+03 0.000000000000000000e+00 0.000000000000000000e+00
9.430246830779606682e-02 0.000000000000000000e+00 1.834353027409020115e+03 1.045300440631233650e+05 3.322270458079815144e+05 1.181044615278401179e+06 1.619078735069352435e+06 2.008581061492844019e+05 0.000000000000000000e+00 0.000000000000000000e+00 0.000000000000000000e+00
9.554846518899062779e-02 0.000000000000000000e+00 2.016034352290477727e+03 9.945279708748166740e+04 3.509277635189997964e+05 1.182556150896138279e+06 1.883305658580908086e+06 2.774845820634524571e+05 0.000000000000000000e+00 0.000000000000000000e+00 0.000000000000000000e+00
9.679446207018518877e-02 0.000000000000000000e+00 2.346838206869372243e+03 9.314344766119869018e+04 3.646315762003028649e+05 1.164156313382614870e+06 2.172010164986464195e+06 3.755724173142996151e+05 0.000000000000000000e+00 0.000000000000000000e+00 0.000000000000000000e+00
9.804045895137974975e-02 0.000000000000000000e+00 2.679049949985914736e+03 8.577936854864914494e+04 3.954876937419417663e+05 1.158036043643878074e+06 2.420078109938103706e+06 4.992009436792407651e+05 0.000000000000000000e+00 0.000000000000000000e+00 0.000000000000000000e+00
9.928645583257431073e-02 0.000000000000000000e+00 2.677344336444517467e+03 7.677196000907184498e+04 4.163912956009054906e+05 1.147185528366591549e+06 2.640480482203316409e+06 6.362765220302247908e+05 0.000000000000000000e+00 0.000000000000000000e+00 0.000000000000000000e+00
1.005324527137688717e-01 0.000000000000000000e+00 2.323645400986416462e+03 6.792341882719684509e+04 4.494421908208811656e+05 1.235351508127973182e+06 2.808122866382884327e+06 8.317738826139495941e+05 0.000000000000000000e+00 0.000000000000000000e+00 0.000000000000000000e+00
1.017784495949634327e-01 0.000000000000000000e+00 1.768569968416669326e+03 5.907223052711952914e+04 4.722175147919254960e+05 1.196586851204160135e+06 3.143634302761346567e+06 1.072538788034532685e+06 0.000000000000000000e+00 0.000000000000000000e+00 0.000000000000000000e+00
1.030244464761579937e-01 0.000000000000000000e+00 1.448272873646923244e+03 5.102448699797558947e+04 5.104059754168721265e+05 1.251282424611888826e+06 3.269154410139170010e+06 1.369626526524574496e+06 7.719952754253511375e+04 0.000000000000000000e+00 0.000000000000000000e+00
1.042704433573525546e-01 0.000000000000000000e+00 1.443127325584433947e+03 4.476384243716381752e+04 5.398549155542318476e+05 1.289184509063516976e+06 3.472116690466085449e+06 1.654936173996303696e+06 0.000000000000000000e+00 0.000000000000000000e+00 0.000000000000000000e+00
1.055164402385471156e-01 0.000000000000000000e+00 1.636613334574075452e+03 4.079786384801054373e+04 5.798602156569642248e+05 1.314738838410900207e+06 3.679569921645807102e+06 2.059612310372728389e+06 0.000000000000000000e+00 0.000000000000000000e+00 0.000000000000000000e+00
1.067624371197416766e-01 0.000000000000000000e+00 1.835853278174430670e+03 3.814801595523139986e+04 6.024802049095435068e+05 1.392893971903957194e+06 3.711964803584008943e+06 2.518911815241622273e+06 2.130884649562837731e+05 0.000000000000000000e+00 0.000000000000000000e+00
1.080084340009362376e-01 0.000000000000000000e+00 1.945624675884908356e+03 3.667202145258917881e+04 6.117115818996968446e+05 1.423582191841252614e+06 3.753878576741350815e+06 3.025152653031176422e+06 2.905618981963656261e+05 0.000000000000000000e+00 0.000000000000000000e+00
1.092544308821307986e-01 0.000000000000000000e+00 1.874854769308209598e+03 3.614825448671637423e+04 6.358772376061968971e+05 1.486476346787567483e+06 3.878127019182012416e+06 3.515414408763308078e+06 1.361974269994843751e-271 0.000000000000000000e+00 0.000000000000000000e+00
1.105004277633253457e-01 0.000000000000000000e+00 1.674030411101138498e+03 3.672577570289363939e+04 6.532305779582122341e+05 1.633968100051773246e+06 3.952680191641388927e+06 4.029432621822538786e+06 0.000000000000000000e+00 0.000000000000000000e+00 0.000000000000000000e+00
1.117464246445199066e-01 0.000000000000000000e+00 1.434120955875700247e+03 3.864835776878549950e+04 6.420925033479834674e+05 1.656285957535086665e+06 4.197926483879480511e+06 4.572077463143976405e+06 6.841161427596837748e+05 0.000000000000000000e+00 0.000000000000000000e+00
1.129924215257144676e-01 0.000000000000000000e+00 1.274892002963028062e+03 4.038677733012373938e+04 6.382270296948566101e+05 1.791467145044281613e+06 4.116146481534675695e+06 5.180025130771691911e+06 4.361508593472769042e-271 0.000000000000000000e+00 0.000000000000000000e+00
1.142384184069090286e-01 0.000000000000000000e+00 1.656047231703267016e+03 4.177661831272510608e+04 6.146833536762869917e+05 1.885782618058609311e+06 4.239772736006897874e+06 5.908751878362614661e+06 1.194255771591720870e+06 1.502132514077336418e+04 0.000000000000000000e+00
1.154844152881035896e-01 0.000000000000000000e+00 2.789423901744094110e+03 4.269920704953871609e+04 5.836409135783425299e+05 1.998205455220694887e+06 4.240670020682172850e+06 6.391373683108449914e+06 1.552042659327029483e+06 6.818095183142401220e+04 0.000000000000000000e+00
1.167304121692981506e-01 0.000000000000000000e+00 3.793933179238113553e+03 4.178488094612623536e+04 5.589702655053408816e+05 2.103767423413904849e+06 4.356919478777276352e+06 7.025815839548082091e+06 2.008581585804369068e+06 0.000000000000000000e+00 0.000000000000000000e+00
1.179764090504927115e-01 0.000000000000000000e+00 3.946181119534388927e+03 4.081765537419053726e+04 5.061399020155035541e+05 2.173888371215006802e+06 4.568864339650508016e+06 7.864953834767917171e+06 2.474165671460787300e+06 1.432154737724185106e+05 0.000000000000000000e+00
1.192224059316872725e-01 0.000000000000000000e+00 2.927386947114205668e+03 3.956692939004046639e+04 4.821661024737380794e+05 2.410667464390994050e+06 4.610387417066962458e+06 8.459095335489854217e+06 3.085536036591202021e+06 0.000000000000000000e+00 0.000000000000000000e+00
1.204684028128818335e-01 0.000000000000000000e+00 1.629615547120938800e+03 3.880698262133145181e+04 4.516164795303138089e+05 2.512157804258784745e+06 4.645647076009629294e+06 8.973028677174640819e+06 3.777031564822966699e+06 2.249380349912036618e+05 0.000000000000000000e+00
1.217143996940763945e-01 0.000000000000000000e+00 6.386071451717431273e+02 3.861644045929852291e+04 4.263051887446399778e+05 2.656573447762944736e+06 4.932988366172119975e+06 9.470711650729991496e+06 4.707143370436928235e+06 0.000000000000000000e+00 0.000000000000000000e+00
1.229603965752709555e-01 0.000000000000000000e+00 1.854444537842694842e+02 3.874915142953113536e+04 4.086614580244055833e+05 2.851118957844289020e+06 5.051569430813904852e+06 1.055536077022059076e+07 5.486302119266063906e+06 0.000000000000000000e+00 0.000000000000000000e+00
1.242063934564655164e-01 0.000000000000000000e+00 3.312541226370010605e+01 3.829505305064412823e+04 3.864313151198816486e+05 2.895647721098110545e+06 5.382666422028100118e+06 1.047208857548388839e+07 6.436628378859665245e+06 1.052762464667692047e-269 0.000000000000000000e+00
1.254523903376600635e-01 0.000000000000000000e+00 3.824742343076578788e+00 3.829142819120225613e+04 3.748221042179018259e+05 3.017707262886803132e+06 5.498444554456753656e+06 1.058785998546181060e+07 7.699829337110490538e+06 0.000000000000000000e+00 0.000000000000000000e+00
1.266983872188546245e-01 0.000000000000000000e+00 0.000000000000000000e+00 3.828838905410655570e+04 3.711459675821558922e+05 3.128554267623292748e+06 5.814267238145583309e+06 1.081873708323461749e+07 9.041305522345243022e+06 0.000000000000000000e+00 0.000000000000000000e+00
1.279443841000491855e-01 0.000000000000000000e+00 0.000000000000000000e+00 3.840134981098309072e+04 3.748547742473385297e+05 3.119070131162104197e+06 6.392663697158685885e+06 1.159235090256480686e+07 9.904083843986548483e+06 1.552485870746569242e+06 0.000000000000000000e+00
1.291903809812437465e-01 0.000000000000000000e+00 0.000000000000000000e+00 4.061644188685013069e+04 3.859214159472559113e+05 3.134144232601925731e+06 7.077545311826235615e+06 1.233763673749666102e+07 1.130562319369680993e+07 2.123044762177332770e+06 0.000000000000000000e+00
1.304363778624383075e-01 0.000000000000000000e+00 0.000000000000000000e+00 4.347986341938093392e+04 3.837338216563909664e+05 3.141172085240609013e+06 7.286554478927326389e+06 1.244320873620364256e+07 1.266502997905895114e+07 0.000000000000000000e+00 0.000000000000000000e+00
1.316823747436328684e-01 0.000000000000000000e+00 0.000000000000000000e+00 4.666943569438433769e+04 3.975706164823462605e+05 3.032711192503008526e+06 7.457166033732800744e+06 1.329091146428956836e+07 1.466011713244365528e+07 3.359424346127064899e+06 0.000000000000000000e+00
1.329283716248274294e-01 0.000000000000000000e+00 0.000000000000000000e+00 4.946187927041855437e+04 3.969673500109930173e+05 2.986018397882678080e+06 8.139939539680713788e+06 1.275644127688224055e+07 1.635088247942932323e+07 7.370010918555163262e-274 0.000000000000000000e+00
1.341743685060219904e-01 0.000000000000000000e+00 0.000000000000000000e+00 5.000323202783326269e+04 4.077390599796666647e+05 2.917286346962513402e+06 8.765895317935299128e+06 1.366677241678494588e+07 1.696780768087192252e+07 4.422615374595611356e+06 0.000000000000000000e+00
1.354203653872165514e-01 0.000000000000000000e+00 0.000000000000000000e+00 4.726192162101771100e+04 4.045107488804648747e+05 2.726814038175429683e+06 8.551985089737711474e+06 1.412099284377047233e+07 1.927057957835400850e+07 6.159541521475087851e+06 0.000000000000000000e+00
1.366663622684111123e-01 0.000000000000000000e+00 0.000000000000000000e+00 4.187385413098002755e+04 4.155754859656626359e+05 2.789967262888242956e+06 9.262737710864296183e+06 1.414198544936073758e+07 2.068538519319787994e+07 3.523759803287977818e+06 0.000000000000000000e+00
1.379123591496056733e-01 0.000000000000000000e+00 0.000000000000000000e+00 3.572730161343335931e+04 4.069877307534146239e+05 2.660007392770649865e+06 9.802311426297387108e+06 1.633993029945324734e+07 2.112975656470571086e+07 2.425916594060426176e-274 0.000000000000000000e+00
1.391583560308002343e-01 0.000000000000000000e+00 0.000000000000000000e+00 3.033624982023644043e+04 4.078330218390922528e+05 2.538932113158247434e+06 1.078685982356927730e+07 1.623482816440158710e+07 2.312070795709447563e+07 1.092767964351700991e+07 1.017885789980103029e+06
1.404043529119947953e-01 0.000000000000000000e+00 0.000000000000000000e+00 2.579577007117020912e+04 4.102184454832616611e+05 2.475781898574634455e+06 1.114289192042531259e+07 1.619446944732892141e+07 2.422155179947839305e+07 0.000000000000000000e+00 0.000000000000000000e+00
1.416503497931893563e-01 0.000000000000000000e+00 0.000000000000000000e+00 2.148286133715304095e+04 4.098083880638888222e+05 2.511030098164757714e+06 1.123060218640268780e+07 1.686240641248387098e+07 2.608007760894033313e+07 1.455913331587973051e+07 0.000000000000000000e+00
1.428963466743839172e-01 0.000000000000000000e+00 0.000000000000000000e+00 1.705488050747652960e+04 4.130298601011261926e+05 2.404513867297249846e+06 1.210433703313822299e+07 1.784881994388113916e+07 2.661021089837443829e+07 1.766105975217363983e+07 0.000000000000000000e+00
1.441423435555784782e-01 0.000000000000000000e+00 0.000000000000000000e+00 1.320707745541799341e+04 4.134075422238747706e+05 2.535228463975922670e+06 1.197403560812944919e+07 2.081571968367666379e+07 2.758705303942625970e+07 1.977228957464613393e+07 0.000000000000000000e+00
1.453883404367730392e-01 0.000000000000000000e+00 0.000000000000000000e+00 1.014971123763707510e+04 4.234559283806601889e+05 2.562835628621657845e+06 1.231444623845674470e+07 1.948716422328135744e+07 2.943791738057020307e+07 2.227520317799932510e+07 3.870304271509750281e+06
1.466343373179676002e-01 0.000000000000000000e+00 0.000000000000000000e+00 8.536196199410895133e+03 4.360291258917668019e+05 2.528776095858876128e+06 1.284169201869284548e+07 2.205077036031385511e+07 3.138202221806108952e+07 2.460236263952493668e+07 8.058952009853238644e-275
1.478803341991621612e-01 0.000000000000000000e+00 0.000000000000000000e+00 7.933798127347909940e+03 4.439857206993951113e+05 2.560105083897104487e+06 1.247185751400505751e+07 2.285684266432239860e+07 3.337192292452505976e+07 2.856851809545248374e+07 0.000000000000000000e+00
1.491263310803567221e-01 0.000000000000000000e+00 0.000000000000000000e+00 7.746433279946159928e+03 4.620410003755099606e+05 2.609265090552018490e+06 1.192092260248861089e+07 2.462337862298604101e+07 3.196763525918341056e+07 3.169465146959037334e+07 0.000000000000000000e+00
1.503723279615512554e-01 0.000000000000000000e+00 0.000000000000000000e+00 7.724871442961019966e+03 4.551906858530826867e+05 2.598037238732346799e+06 1.159276461854243651e+07 2.478439226865241304e+07 3.369213916573567688e+07 3.395458012413737178e+07 0.000000000000000000e+00
1.516183248427458163e-01 0.000000000000000000e+00 0.000000000000000000e+00 7.757829461136301688e+03 4.551979160573128611e+05 2.595403031499318779e+06 1.232089974282371439e+07 2.757610313341352716e+07 3.718115181555972993e+07 3.669504215054950118e+07 0.000000000000000000e+00
1.528643217239403773e-01 0.000000000000000000e+00 0.000000000000000000e+00 7.970320827448100317e+03 4.366940076386749279e+05 2.641546709728105925e+06 1.235264329872762039e+07 3.006678522920793667e+07 3.701807331119962782e+07 4.173576043687802553e+07 1.407537129080781899e+07
1.541103186051349383e-01 0.000000000000000000e+00 0.000000000000000000e+00 8.347585929584753103e+03 4.128270207709209062e+05 2.787301086301272269e+06 1.224192656842582673e+07 3.105817906047237292e+07 4.011572803955718130e+07 4.397077993820053339e+07 1.593787250726640224e+07
1.553563154863294993e-01 0.000000000000000000e+00 0.000000000000000000e+00 8.939382908615687484e+03 3.843256048182195518e+05 2.776384704594213050e+06 1.240159138914995268e+07 3.266424893504518270e+07 4.299825214404343069e+07 4.855091126906787604e+07 0.000000000000000000e+00
1.566023123675240603e-01 0.000000000000000000e+00 0.000000000000000000e+00 9.385825925050061414e+03 3.600486454332890571e+05 2.813907599196794443e+06 1.207237554173274525e+07 3.560254191683876514e+07 4.485395465173312277e+07 5.110467260192592442e+07 1.402985595839670859e+07
1.578483092487186212e-01 0.000000000000000000e+00 0.000000000000000000e+00 9.359910645923997436e+03 3.248301898463321268e+05 2.839573195374379400e+06 1.189324312918011285e+07 3.600789533902165294e+07 4.724741354584630579e+07 5.403882460183778405e+07 2.620989338537732139e+07
1.590943061299131822e-01 0.000000000000000000e+00 0.000000000000000000e+00 8.581202641618920097e+03 2.956749889564610785e+05 2.890654913066935260e+06 1.223515206473943591e+07 3.912499059259654582e+07 5.255017207801884413e+07 5.472480473887737095e+07 3.293142112733938810e-276
1.603403030111077432e-01 0.000000000000000000e+00 0.000000000000000000e+00 7.284244652241206495e+03 2.598786754680933373e+05 2.876644946842142381e+06 1.215936836150473729e+07 4.142373891402655095e+07 5.427525832511245459e+07 6.127712719126593322e+07 3.449556678395917267e+07
1.615862998923023042e-01 0.000000000000000000e+00 0.000000000000000000e+00 6.299458332250339481e+03 2.329102688974938646e+05 2.968749813459784724e+06 1.240169912695250288e+07 3.997199689155256748e+07 5.890957253175725788e+07 6.251367366636126488e+07 3.966478313229798526e+07
1.628322967734968651e-01 0.000000000000000000e+00 0.000000000000000000e+00 5.841621073783985594e+03 2.099229185993504652e+05 2.965732191739943344e+06 1.257452265981685556e+07 4.236705030673330277e+07 6.034025582381297648e+07 6.668189735172916949e+07 5.085309069299494848e+06
1.640782936546914261e-01 0.000000000000000000e+00 0.000000000000000000e+00 5.807697345092269643e+03 1.986050552775236720e+05 3.039108011365079787e+06 1.284604572592660040e+07 4.197293029335807264e+07 6.552901837435828149e+07 6.673592632969979197e+07 4.904487564804775268e+07
1.653242905358859871e-01 0.000000000000000000e+00 0.000000000000000000e+00 6.147716073494666489e+03 1.850809951597690815e+05 3.034945678473779466e+06 1.205449770363780484e+07 4.153553148106796294e+07 6.747948758950510621e+07 7.596852437893632054e+07 5.902738100931768119e+07
1.665702874170805481e-01 0.000000000000000000e+00 0.000000000000000000e+00 6.287759775443481885e+03 1.728027624559817486e+05 3.091625971672381740e+06 1.258804313347314112e+07 4.448469418766525388e+07 7.060961139417529106e+07 8.207042769559291005e+07 6.111349931008171290e+07
1.678162842982751091e-01 0.000000000000000000e+00 0.000000000000000000e+00 6.073941973787163988e+03 1.680535311694480770e+05 3.043280972779518459e+06 1.267535980234383792e+07 4.293130648359732330e+07 7.400435655833113194e+07 8.092788166958278418e+07 6.873451301711395383e+07
1.690622811794696700e-01 0.000000000000000000e+00 0.000000000000000000e+00 5.568235080193149770e+03 1.635429679926759563e+05 3.114723907318503596e+06 1.281806386164095625e+07 4.140931390836772323e+07 7.912001784244962037e+07 8.537404307846215367e+07 7.248699027150468528e+07
1.703082780606642310e-01 0.000000000000000000e+00 0.000000000000000000e+00 4.916842366051143472e+03 1.716382572458256327e+05 2.950498763468823861e+06 1.367675342915063724e+07 4.452274280933707952e+07 8.682140240226554871e+07 9.190045825288447738e+07 8.200626048222590983e+07
1.715542749418587920e-01 0.000000000000000000e+00 0.000000000000000000e+00 4.534678155727081503e+03 1.648233633613785205e+05 2.932989504024578258e+06 1.362888641268970259e+07 4.554665915168664604e+07 8.756946112098312378e+07 9.582954141378809512e+07 8.566317156537014246e+07
1.728002718230533530e-01 0.000000000000000000e+00 0.000000000000000000e+00 4.926418884898624128e+03 1.699631699037362996e+05 2.797024143186027184e+06 1.387221819367862493e+07 4.242630395369427651e+07 8.952224911538070440e+07 1.017660555915966481e+08 9.395078876670829952e+07
1.740462687042479140e-01 0.000000000000000000e+00 0.000000000000000000e+00 6.048503287196658675e+03 1.652862859714327788e+05 2.664613005412368104e+06 1.401373569000731595e+07 4.347018928140332550e+07 9.840082213883791864e+07 1.075802565230781287e+08 9.684538433822602034e+07
1.752922655854424749e-01 0.000000000000000000e+00 0.000000000000000000e+00 7.159357721174765175e+03 1.645084091554743645e+05 2.555999787361128721e+06 1.438096676517079957e+07 4.615169270841726661e+07 1.059353778118700832e+08 1.163101359661244601e+08 1.041201661933780462e+08
1.765382624666370359e-01 0.000000000000000000e+00 0.000000000000000000e+00 7.382315668990851009e+03 1.602074891945751442e+05 2.303839951135680545e+06 1.418589875302315876e+07 4.791846549653667957e+07 1.125034433524642438e+08 1.216808961545344293e+08 1.190267222792840451e+08
1.777842593478315969e-01 0.000000000000000000e+00 0.000000000000000000e+00 6.267444879284606031e+03 1.499243558075795590e+05 2.255390265300482977e+06 1.502311940616337396e+07 4.835454085870700330e+07 1.188514594305887669e+08 1.250439236217021197e+08 1.111829526915419847e+08
1.790302562290261579e-01 0.000000000000000000e+00 0.000000000000000000e+00 4.324710149834784715e+03 1.446313191294236458e+05 2.165440468848322053e+06 1.567050488743637875e+07 4.502046263698828220e+07 1.115323227768979073e+08 1.451637824881336391e+08 1.339069815443566740e+08
1.802762531102207189e-01 0.000000000000000000e+00 0.000000000000000000e+00 2.414021542880389006e+03 1.441611207318943925e+05 2.014440643686915981e+06 1.575696807922383212e+07 4.789579076929656416e+07 1.191648186889902502e+08 1.410385040055844188e+08 1.419173641660949290e+08
1.815222499914152521e-01 0.000000000000000000e+00 0.000000000000000000e+00 1.082907053177686748e+03 1.374687721803024469e+05 1.861280680983402068e+06 1.568081624350426532e+07 4.950324305883218348e+07 1.258497718693060428e+08 1.579529486360332668e+08 1.479161331514950097e+08
1.827682468726098131e-01 0.000000000000000000e+00 0.000000000000000000e+00 3.896865245185999811e+02 1.392110340380202979e+05 1.879855062460179906e+06 1.540751758134450205e+07 4.813367953492163122e+07 1.214842178663567752e+08 1.584173731446547210e+08 1.587614618757591248e+08
1.840142437538043740e-01 0.000000000000000000e+00 0.000000000000000000e+00 1.092460434003965446e+02 1.330905819817910087e+05 1.755101410877306713e+06 1.612146294623115100e+07 5.086924234374104440e+07 1.245019147030521631e+08 1.708872987622060180e+08 1.666844937235154212e+08
1.852602406349989350e-01 0.000000000000000000e+00 0.000000000000000000e+00 2.297807937455269212e+01 1.277408858095765318e+05 1.744637734330620384e+06 1.577418710644853860e+07 5.078336562388557196e+07 1.342117385379871130e+08 1.767260692373881340e+08 1.752623472765823007e+08
1.865062375161934960e-01 0.000000000000000000e+00 0.000000000000000000e+00 3.362814091278159889e+00 1.233275693274405057e+05 1.714810400795909809e+06 1.552900095934762247e+07 5.351387908784525096e+07 1.364188986631996036e+08 1.761564345840210021e+08 1.880339955803090930e+08
1.877522343973880570e-01 0.000000000000000000e+00 0.000000000000000000e+00 1.085191617983062211e-259 1.252795574901698274e+05 1.636276655206365976e+06 1.574811098489815928e+07 5.408824331440804899e+07 1.379494450211758614e+08 2.070568767498824894e+08 2.008879472600893974e+08
1.889982312785826180e-01 0.000000000000000000e+00 0.000000000000000000e+00 6.372006514643535624e-03 1.235539040732469730e+05 1.721901910407550167e+06 1.526714254878471233e+07 5.638264971538214386e+07 1.432412798157280684e+08 2.172613739095192552e+08 1.863020477136885822e+08
1.902442281597771789e-01 0.000000000000000000e+00 0.000000000000000000e+00 0.000000000000000000e+00 1.271346802817386488e+05 1.730026681500196457e+06 1.486996344982917793e+07 5.565323840864777565e+07 1.500897870679794848e+08 2.479069061320741475e+08 2.124981613855614066e+08
1.914902250409717399e-01 0.000000000000000000e+00 0.000000000000000000e+00 0.000000000000000000e+00 1.262129859883039026e+05 1.698399857417657971e+06 1.462280062223338336e+07 5.960191611953125149e+07 1.404978022551541030e+08 2.487673733745772243e+08 2.184602061045332849e+08
1.927362219221663009e-01 0.000000000000000000e+00 0.000000000000000000e+00 0.000000000000000000e+00 1.233519890693017369e+05 1.595876981627627742e+06 1.394209150407680497e+07 5.668747303940215707e+07 1.388939904270104766e+08 2.536706087477932572e+08 2.450881477260761261e+08
1.939822188033608619e-01 0.000000000000000000e+00 0.000000000000000000e+00 0.000000000000000000e+00 1.178678236900400952e+05 1.624214945974970004e+06 1.366887546409180388e+07 6.068272279825441539e+07 1.459265834758166671e+08 2.621427377222475410e+08 2.455424799790034294e+08
1.952282156845554228e-01 0.000000000000000000e+00 0.000000000000000000e+00 0.000000000000000000e+00 1.028168899425577110e+05 1.565743758391160984e+06 1.339030333870003745e+07 6.042574075989729911e+07 1.529367599149159491e+08 2.940744055165202022e+08 3.117834477272997499e+08
1.964742125657499838e-01 0.000000000000000000e+00 0.000000000000000000e+00 0.000000000000000000e+00 9.238929681007891486e+04 1.562657280590782641e+06 1.328844899649320357e+07 6.212632837975681573e+07 1.523172836663454771e+08 2.849257468674510717e+08 2.602091300493424237e+08
1.977202094469445448e-01 0.000000000000000000e+00 0.000000000000000000e+00 0.000000000000000000e+00 7.859691229984168604e+04 1.546350605127883377e+06 1.265896948351020738e+07 6.368486545600687712e+07 1.599042989390353262e+08 2.891680040644501448e+08 2.941398906528816819e+08
1.989662063281391058e-01 0.000000000000000000e+00 0.000000000000000000e+00 0.000000000000000000e+00 6.779399196803690575e+04 1.516318012432035059e+06 1.219512503317563049e+07 6.297264393181532621e+07 1.651167738671232164e+08 2.950325334283915162e+08 3.066460721561164260e+08
2.002122032093336668e-01 0.000000000000000000e+00 0.000000000000000000e+00 0.000000000000000000e+00 5.793711919730496447e+04 1.460011273222177755e+06 1.185575245560165308e+07 6.317790766555445641e+07 1.695947674161435962e+08 3.051937841557676792e+08 3.423517563966116905e+08
2.014582000905282277e-01 0.000000000000000000e+00 0.000000000000000000e+00 0.000000000000000000e+00 4.838192061118481070e+04 1.452549377892937278e+06 1.146802486251118779e+07 6.691697926230464131e+07 1.736661425758726895e+08 3.141464025284435749e+08 3.687959039364942908e+08
2.027041969717227887e-01 0.000000000000000000e+00 0.000000000000000000e+00 0.000000000000000000e+00 3.915119784419013740e+04 1.460897975470647216e+06 1.153978769290524162e+07 6.362926741525503248e+07 1.715127970502173901e+08 3.361052324938645959e+08 3.157383192041608691e+08
2.039501938529173497e-01 0.000000000000000000e+00 0.000000000000000000e+00 0.000000000000000000e+00 3.141848847197876239e+04 1.376541862521463539e+06 1.105195688436304592e+07 6.578059600438209623e+07 1.740258319666588008e+08 3.212168866883009672e+08 4.169983683171949983e+08
2.051961907341119107e-01 0.000000000000000000e+00 0.000000000000000000e+00 0.000000000000000000e+00 2.860315372346525328e+04 1.415293891370613128e+06 1.119096437046316639e+07 6.896709295960733294e+07 1.777794127325130999e+08 3.484670205530471802e+08 4.761924988167217374e+08
2.064421876153064717e-01 0.000000000000000000e+00 0.000000000000000000e+00 0.000000000000000000e+00 2.524829124459354716e+04 1.332786058024707250e+06 1.135588036669962108e+07 6.508183597439651191e+07 1.817107510338909626e+08 3.509037406224251390e+08 5.123619113336049318e+08
2.076881844965010326e-01 0.000000000000000000e+00 0.000000000000000000e+00 0.000000000000000000e+00 2.315120696764836975e+04 1.391689399022574769e+06 1.090258595180756412e+07 6.769298685763473809e+07 1.852395262642488182e+08 3.736383336987878680e+08 5.069171103622553349e+08
2.089341813776955936e-01 0.000000000000000000e+00 0.000000000000000000e+00 0.000000000000000000e+00 2.233234780467013115e+04 1.285108187134122709e+06 1.115800063181570172e+07 6.366997593328344822e+07 1.939022635121855438e+08 4.014009265500180125e+08 4.809412992692372799e+08
2.101801782588901546e-01 0.000000000000000000e+00 0.000000000000000000e+00 0.000000000000000000e+00 2.228477676508543300e+04 1.283033808924801182e+06 1.095588026646995917e+07 6.456812831561329961e+07 1.908018005172529519e+08 3.804167622529798746e+08 5.256588481471349597e+08
2.114261751400847156e-01 0.000000000000000000e+00 0.000000000000000000e+00 0.000000000000000000e+00 2.209621998948360488e+04 1.213586223237044876e+06 1.089228021980404668e+07 6.347728776613988727e+07 2.072338076799368858e+08 3.911423682294456959e+08 6.285024768168048859e+08
2.126721720212792766e-01 0.000000000000000000e+00 0.000000000000000000e+00 0.000000000000000000e+00 2.190706314513396865e+04 1.136742788356210571e+06 1.084827019471599720e+07 6.062354745369519293e+07 2.021300277030605376e+08 4.029389633908332586e+08 6.386488726637486219e+08
2.139181689024738098e-01 0.000000000000000000e+00 0.000000000000000000e+00 0.000000000000000000e+00 2.248056153347246800e+04 1.080370581848911708e+06 1.067361103214294836e+07 6.175242045303738117e+07 2.157871326621524692e+08 4.344002554838116169e+08 6.306812644782867432e+08
2.151641657836683708e-01 0.000000000000000000e+00 0.000000000000000000e+00 0.000000000000000000e+00 2.282665657099769669e+04 1.020648398083584965e+06 1.066675548719227500e+07 5.880767165055812895e+07 2.073357589244816005e+08 4.151131900245869160e+08 6.983485768763203621e+08
2.164101626648629317e-01 0.000000000000000000e+00 0.000000000000000000e+00 0.000000000000000000e+00 2.280311981740319243e+04 9.251095601435578428e+05 1.057291843522588536e+07 5.800129700949531794e+07 2.180514861842119694e+08 4.414023823535748124e+08 6.866281552661715746e+08
2.176561595460574927e-01 0.000000000000000000e+00 0.000000000000000000e+00 0.000000000000000000e+00 2.104865881248622827e+04 8.744295824030383956e+05 1.057955025764947198e+07 5.779452949144878983e+07 2.205274094227436483e+08 4.634890105781058669e+08 7.184861204946033955e+08
2.189021564272520537e-01 0.000000000000000000e+00 0.000000000000000000e+00 0.000000000000000000e+00 1.848068161031547424e+04 7.586566259852909716e+05 1.075752093767220527e+07 5.604230889425717294e+07 2.267715919754347205e+08 4.703140466997162700e+08 7.222303996236554384e+08
2.201481533084466147e-01 0.000000000000000000e+00 0.000000000000000000e+00 0.000000000000000000e+00 1.639011899912349691e+04 7.284535307560411748e+05 1.044388510740480013e+07 5.653224691471163183e+07 2.309335692068728507e+08 4.933345971807835102e+08 8.379882186930015087e+08
2.213941501896411757e-01 0.000000000000000000e+00 0.000000000000000000e+00 0.000000000000000000e+00 1.504997009862657433e+04 6.441132996367065934e+05 1.034356096369851753e+07 5.598906415346074104e+07 2.243821161847669780e+08 4.810078527591083050e+08 7.700991980350883007e+08
2.226401470708357366e-01 0.000000000000000000e+00 0.000000000000000000e+00 0.000000000000000000e+00 1.412059260506117425e+04 5.848381417904193513e+05 1.006382965483816899e+07 5.870408477416547388e+07 2.252975932073560357e+08 5.198038576430169940e+08 8.264822943376225233e+08
2.238861439520302976e-01 0.000000000000000000e+00 0.000000000000000000e+00 0.000000000000000000e+00 1.401352846400881936e+04 5.603401448456810322e+05 1.000161854496900551e+07 5.631877003033281118e+07 2.271684420394921303e+08 5.468184519095587730e+08 9.106319507856837511e+08
2.251321408332248586e-01 0.000000000000000000e+00 0.000000000000000000e+00 0.000000000000000000e+00 1.348719643542486483e+04 5.241464562174906605e+05 9.838465601255305111e+06 5.945444427569106221e+07 2.269817908600232899e+08 5.464378679736453295e+08 8.503584801478161812e+08
2.263781377144194196e-01 0.000000000000000000e+00 0.000000000000000000e+00 0.000000000000000000e+00 1.308005647251450682e+04 4.813706987160894787e+05 9.560535180245269090e+06 5.767554330110321939e+07 2.345037745849737823e+08 5.634569755228227377e+08 8.155050664699283838e+08
2.276241345956139805e-01 0.000000000000000000e+00 0.000000000000000000e+00 0.000000000000000000e+00 1.214772892805803531e+04 4.759847265568478615e+05 9.214712215324308723e+06 5.818605496886969358e+07 2.379228046199860573e+08 5.393264745750570297e+08 9.426823039597138166e+08
2.288701314768085415e-01 0.000000000000000000e+00 0.000000000000000000e+00 0.000000000000000000e+00 1.104700972422261839e+04 4.549501960395991337e+05 9.094642652643220499e+06 5.850194130832962692e+07 2.317495312559479177e+08 5.743747518792417049e+08 9.304045333388766050e+08
2.301161283580031025e-01 0.000000000000000000e+00 0.000000000000000000e+00 0.000000000000000000e+00 9.849871731485021883e+03 4.486600017157709226e+05 8.585431019513688982e+06 5.732635871958386898e+07 2.297732908999761045e+08 5.938827972059835196e+08 1.004968189912446618e+09
2.313621252391976635e-01 0.000000000000000000e+00 0.000000000000000000e+00 0.000000000000000000e+00 9.964699826790259976e+03 4.492747495765964268e+05 8.404197345239479095e+06 5.817306899101664126e+07 2.217430581155432761e+08 6.388012127926083803e+08 1.073480891433398962e+09
2.326081221203922245e-01 0.000000000000000000e+00 0.000000000000000000e+00 0.000000000000000000e+00 1.048294231843669513e+04 4.386751641156806145e+05 8.097727437951752916e+06 5.546166319202300906e+07 2.291813153157647550e+08 6.160499130297105312e+08 1.078854233789242744e+09
2.338541190015867854e-01 0.000000000000000000e+00 0.000000000000000000e+00 0.000000000000000000e+00 1.109037010090287549e+04 4.345771271887298208e+05 7.162887366886701435e+06 5.852598564084247500e+07 2.324215893150782585e+08 6.493961979016273022e+08 1.113855887937558651e+09
2.351001158827813464e-01 0.000000000000000000e+00 0.000000000000000000e+00 0.000000000000000000e+00 1.111526496683520236e+04 4.197046750193421612e+05 7.147241693035150878e+06 5.419196421279498190e+07 2.333611374316697717e+08 6.736557837206435204e+08 1.082808414917347431e+09
2.363461127639759074e-01 0.000000000000000000e+00 0.000000000000000000e+00 0.000000000000000000e+00 9.680289568595868332e+03 3.983260816716981935e+05 6.636791426101527177e+06 5.852437539785966277e+07 2.120292750881181061e+08 6.657424309775922298e+08 1.278941259992481232e+09
2.375921096451704684e-01 0.000000000000000000e+00 0.000000000000000000e+00 0.000000000000000000e+00 7.493166869768413562e+03 3.747205910311318585e+05 6.787926328384730965e+06 5.674038947664365917e+07 2.197495638690991700e+08 6.559837054902117252e+08 1.250553957871943951e+09
2.388381065263650294e-01 0.000000000000000000e+00 0.000000000000000000e+00 0.000000000000000000e+00 4.992289775783438927e+03 3.557339243219714845e+05 5.925805785986151546e+06 5.458991936882286519e+07 2.215017960050020814e+08 6.712082791522116661e+08 1.329948105117866278e+09
2.400841034075595903e-01 0.000000000000000000e+00 0.000000000000000000e+00 0.000000000000000000e+00 2.751807851785437379e+03 3.440422338354397216e+05 5.766472594609306194e+06 5.491645365074023604e+07 2.241957369486227930e+08 6.882009947556178570e+08 1.338901824001041889e+09
2.413301002887541513e-01 0.000000000000000000e+00 0.000000000000000000e+00 0.000000000000000000e+00 1.332719336079225059e+03 3.214850861901510507e+05 5.490408107106129639e+06 5.119642463995275646e+07 2.350581282131290138e+08 7.150624828285653591e+08 1.193920664521223307e+09
2.425760971699487123e-01 0.000000000000000000e+00 0.000000000000000000e+00 0.000000000000000000e+00 5.329818693321609544e+02 3.162575365140343201e+05 5.294080063167654909e+06 5.063304449604128301e+07 2.287966340149720311e+08 7.170311267275770903e+08 1.421565075480451822e+09
2.438220940511432733e-01 0.000000000000000000e+00 0.000000000000000000e+00 0.000000000000000000e+00 3.820579832762570829e-260 3.095175422216157313e+05 4.977850778309606016e+06 5.335919774697817862e+07 2.299772597750383615e+08 7.448285477036755085e+08 1.382833822907152414e+09
2.450680909323378065e-01 0.000000000000000000e+00 0.000000000000000000e+00 0.000000000000000000e+00 4.739543857391715420e+01 2.820999605244357954e+05 4.972021462380869314e+06 5.163566348903890699e+07 2.283286503770963252e+08 7.225786170799783468e+08 1.469877127564078093e+09
2.463140878135323675e-01 0.000000000000000000e+00 0.000000000000000000e+00 0.000000000000000000e+00 1.124505762356012895e+01 2.678955043157875189e+05 4.874769500306786969e+06 4.990019886909955740e+07 2.370634854064496160e+08 7.104839960921505690e+08 1.509511153205366850e+09
2.475600846947269285e-01 0.000000000000000000e+00 0.000000000000000000e+00 0.000000000000000000e+00 0.000000000000000000e+00 2.596789486487032846e+05 4.706450257691208273e+06 4.851804385436977446e+07 2.280194596024076343e+08 7.102778569280955791e+08 1.618712688854476452e+09
2.488060815759214894e-01 0.000000000000000000e+00 0.000000000000000000e+00 0.000000000000000000e+00 0.000000000000000000e+00 2.456848639415109355e+05 4.631044861618923023e+06 4.910769869315714389e+07 2.344960763106952906e+08 7.308073012674920559e+08 1.531177149226431608e+09
2.500520784571160227e-01 0.000000000000000000e+00 0.000000000000000000e+00 0.000000000000000000e+00 2.172251199913435502e-02 2.481031077895718045e+05 4.373072147620053031e+06 4.803051616535294801e+07 2.335831146674864888e+08 7.381972789586372375e+08 1.732233769112171173e+09
2.512980753383106114e-01 0.000000000000000000e+00 0.000000000000000000e+00 0.000000000000000000e+00 0.000000000000000000e+00 2.240885827931165404e+05 4.583837232793649659e+06 4.491227861313895881e+07 2.333783960070051849e+08 7.230664287998248339e+08 1.705863214141425610e+09
2.525440722195051446e-01 0.000000000000000000e+00 0.000000000000000000e+00 0.000000000000000000e+00 0.000000000000000000e+00 2.069313273620165710e+05 4.310743416907394305e+06 4.367611180231564492e+07 2.337299238283740282e+08 7.138620932000056505e+08 1.658020580131607771e+09
2.537900691006997334e-01 0.000000000000000000e+00 0.000000000000000000e+00 0.000000000000000000e+00 0.000000000000000000e+00 2.009106968491494772e+05 4.137448478517432231e+06 4.069130674027474225e+07 2.394698047909182608e+08 7.471134626163374186e+08 1.661098685209621668e+09
2.550360659818942666e-01 0.000000000000000000e+00 0.000000000000000000e+00 0.000000000000000000e+00 0.000000000000000000e+00 1.798571360580407782e+05 4.186248849593583029e+06 3.977883160567902774e+07 2.377934901393935084e+08 7.388344202116231918e+08 1.786280081460476637e+09
2.562820628630888553e-01 0.000000000000000000e+00 0.000000000000000000e+00 0.000000000000000000e+00 0.000000000000000000e+00 1.486893664420622808e+05 3.835965207696172874e+06 3.808466102135459334e+07 2.347959009217574894e+08 7.941555413922839165e+08 1.836617208579734087e+09
2.575280597442833885e-01 0.000000000000000000e+00 0.000000000000000000e+00 0.000000000000000000e+00 0.000000000000000000e+00 1.259339404885450786e+05 3.758038758913242258e+06 4.030071589503495395e+07 2.285414798583351672e+08 7.311194737338178158e+08 1.873394456126161814e+09
2.587740566254779773e-01 0.000000000000000000e+00 0.000000000000000000e+00 0.000000000000000000e+00 0.000000000000000000e+00 1.110548502537681343e+05 3.644364868075508624e+06 3.639713941394916922e+07 2.336043016239960194e+08 7.641321613369190693e+08 1.695766695743105173e+09
2.600200535066725105e-01 0.000000000000000000e+00 0.000000000000000000e+00 0.000000000000000000e+00 0.000000000000000000e+00 9.247777995646205090e+04 3.572868945551007986e+06 3.572338891268961132e+07 2.309069514814243913e+08 7.776994828133015633e+08 1.880488067212974072e+09
2.612660503878670437e-01 0.000000000000000000e+00 0.000000000000000000e+00 0.000000000000000000e+00 0.000000000000000000e+00 8.219406447350422968e+04 3.400178896802761592e+06 3.396402741612067074e+07 2.370168187671508193e+08 7.972397072250771523e+08 1.963117676291999102e+09
2.625120472690616324e-01 0.000000000000000000e+00 0.000000000000000000e+00 0.000000000000000000e+00 0.000000000000000000e+00 6.464025545626918756e+04 3.276507206442837603e+06 3.292811339124274626e+07 2.259497109271265864e+08 7.683053356561200619e+08 1.773160186478485346e+09
2.637580441502561657e-01 0.000000000000000000e+00 0.000000000000000000e+00 0.000000000000000000e+00 0.000000000000000000e+00 5.828924131457396288e+04 3.216589756073870696e+06 3.329199192370109633e+07 2.191574637952161431e+08 7.664712344657729864e+08 2.037875448759026289e+09
2.650040410314507544e-01 0.000000000000000000e+00 0.000000000000000000e+00 0.000000000000000000e+00 0.000000000000000000e+00 5.492931866399273713e+04 3.054216345927685499e+06 3.268663419761823118e+07 2.161393782892654240e+08 8.912072784092365503e+08 1.988354485738822699e+09
2.662500379126452876e-01 0.000000000000000000e+00 0.000000000000000000e+00 0.000000000000000000e+00 0.000000000000000000e+00 4.875212875948564761e+04 2.952691142060584389e+06 3.200233753260910884e+07 2.175585767833984792e+08 7.819860970430376530e+08 2.018203808134659767e+09
2.674960347938398764e-01 0.000000000000000000e+00 0.000000000000000000e+00 0.000000000000000000e+00 0.000000000000000000e+00 4.663381338356412016e+04 2.965355844563485123e+06 3.283633930799007788e+07 2.104089343708963692e+08 7.637427190010912418e+08 1.993031250012951851e+09
2.687420316750344096e-01 0.000000000000000000e+00 0.000000000000000000e+00 0.000000000000000000e+00 0.000000000000000000e+00 4.608143256873956125e+04 2.782387577517465688e+06 3.006866011422182620e+07 2.044924157671392560e+08 8.415000535149779320e+08 1.994926219122967005e+09
2.699880285562289983e-01 0.000000000000000000e+00 0.000000000000000000e+00 0.000000000000000000e+00 0.000000000000000000e+00 4.495760326753808476e+04 2.476156027188213542e+06 2.915670018494409695e+07 2.002027100526532233e+08 8.507377776130430698e+08 2.102272429511135817e+09
2.712340254374235315e-01 0.000000000000000000e+00 0.000000000000000000e+00 0.000000000000000000e+00 0.000000000000000000e+00 4.377781913470921427e+04 2.498878573952564038e+06 2.973274698164599016e+07 2.004108019669120610e+08 8.133006725571898222e+08 2.066488210663284302e+09
2.724800223186181203e-01 0.000000000000000000e+00 0.000000000000000000e+00 0.000000000000000000e+00 0.000000000000000000e+00 4.152668986831475195e+04 2.239407346111163031e+06 2.979316380860287324e+07 1.840118631245349050e+08 7.893870982591779232e+08 2.142352434190803289e+09
2.737260191998126535e-01 0.000000000000000000e+00 0.000000000000000000e+00 0.000000000000000000e+00 0.000000000000000000e+00 4.407948501850157481e+04 2.057584025820304640e+06 2.854613659964895621e+07 1.947480468637655675e+08 8.512426162051311731e+08 2.065041200104126453e+09
2.749720160810072422e-01 0.000000000000000000e+00 0.000000000000000000e+00 0.000000000000000000e+00 0.000000000000000000e+00 4.034306929075543303e+04 1.979789987043280387e+06 2.711990028239010647e+07 1.908211776196366549e+08 8.216054010422163010e+08 2.261244506254813194e+09
2.762180129622017755e-01 0.000000000000000000e+00 0.000000000000000000e+00 0.000000000000000000e+00 0.000000000000000000e+00 3.789045239349625626e+04 1.798827056690831669e+06 2.704431095398887619e+07 1.947688326073994935e+08 7.902381231821211576e+08 2.184345165253593922e+09
2.774640098433963642e-01 0.000000000000000000e+00 0.000000000000000000e+00 0.000000000000000000e+00 0.000000000000000000e+00 3.348656607656713459e+04 1.592255500361611135e+06 2.633640354093164578e+07 1.854370880564980209e+08 7.898275125138438940e+08 2.255897567763696671e+09
2.787100067245908974e-01 0.000000000000000000e+00 0.000000000000000000e+00 0.000000000000000000e+00 0.000000000000000000e+00 3.049612230981856555e+04 1.479824086648578057e+06 2.663032072057390586e+07 1.839075994860076308e+08 8.536323393671828508e+08 2.116304548133681059e+09
2.799560036057854862e-01 0.000000000000000000e+00 0.000000000000000000e+00 0.000000000000000000e+00 0.000000000000000000e+00 2.837532928844089474e+04 1.417474934456891613e+06 2.538987639512741938e+07 1.735513379939579070e+08 7.718102342010185719e+08 2.221533301023243904e+09
2.812020004869800194e-01 0.000000000000000000e+00 0.000000000000000000e+00 0.000000000000000000e+00 0.000000000000000000e+00 2.468186224628663695e+04 1.278684593589108903e+06 2.416632662782846764e+07 1.742743143621035814e+08 7.678469709413306713e+08 2.243509574951187611e+09
2.824479973681746081e-01 0.000000000000000000e+00 0.000000000000000000e+00 0.000000000000000000e+00 0.000000000000000000e+00 2.275654567337577100e+04 1.168894804735835176e+06 2.424561483071121573e+07 1.740332228101770282e+08 8.277492976305034161e+08 2.362323762990507126e+09
2.836939942493691413e-01 0.000000000000000000e+00 0.000000000000000000e+00 0.000000000000000000e+00 0.000000000000000000e+00 2.305772357190972616e+04 1.104546005290064029e+06 2.215520943594918028e+07 1.672214678135193586e+08 8.188054372896010876e+08 2.288556872873586178e+09
2.849399911305637301e-01 0.000000000000000000e+00 0.000000000000000000e+00 0.000000000000000000e+00 0.000000000000000000e+00 2.224451624059574897e+04 1.042210046494300012e+06 2.179993411602201685e+07 1.680311578857961297e+08 7.761171479333959818e+08 2.437384408852248192e+09
2.861859880117582633e-01 0.000000000000000000e+00 0.000000000000000000e+00 0.000000000000000000e+00 0.000000000000000000e+00 1.885013002256524123e+04 1.017603739449913264e+06 2.174949171785520390e+07 1.624340529449648857e+08 8.050582403106968403e+08 2.381924971492094040e+09
2.874319848929528520e-01 0.000000000000000000e+00 0.000000000000000000e+00 0.000000000000000000e+00 0.000000000000000000e+00 1.817802762058111693e+04 9.402317140928938752e+05 2.040496415097058937e+07 1.547227029863165617e+08 7.514987673339134455e+08 2.406727992255411625e+09
2.886779817741473853e-01 0.000000000000000000e+00 0.000000000000000000e+00 0.000000000000000000e+00 0.000000000000000000e+00 1.675073133265830620e+04 9.282570582309585297e+05 1.910517167328179628e+07 1.578833980769629478e+08 7.494778724073681831e+08 2.367326251006987572e+09
2.899239786553419740e-01 0.000000000000000000e+00 0.000000000000000000e+00 0.000000000000000000e+00 0.000000000000000000e+00 1.493459656243734389e+04 9.159846476349047152e+05 1.931897856290525943e+07 1.549905402969314456e+08 7.125351529743020535e+08 2.419671269452529430e+09
2.911699755365365072e-01 0.000000000000000000e+00 0.000000000000000000e+00 0.000000000000000000e+00 0.000000000000000000e+00 1.450676968903177840e+04 8.354949111167856026e+05 1.751887262262733281e+07 1.512508878072879016e+08 7.304293695602864027e+08 2.496082483911737919e+09
2.924159724177310959e-01 0.000000000000000000e+00 0.000000000000000000e+00 0.000000000000000000e+00 0.000000000000000000e+00 1.482316547484255534e+04 8.119873806756538106e+05 1.637534043123115040e+07 1.493588310162220895e+08 7.334724731281541586e+08 2.536287490312623024e+09
2.936619692989256292e-01 0.000000000000000000e+00 0.000000000000000000e+00 0.000000000000000000e+00 0.000000000000000000e+00 1.355303930964492611e+04 7.766393325808078516e+05 1.545765725445748679e+07 1.480432456019997597e+08 7.514518095954153538e+08 2.473828376338871002e+09
2.949079661801201624e-01 0.000000000000000000e+00 0.000000000000000000e+00 0.000000000000000000e+00 0.000000000000000000e+00 1.131464789683187882e+04 7.521385402968326816e+05 1.496151942330362275e+07 1.405884880948524177e+08 7.169422777203922272e+08 2.433311985761012077e+09
2.961539630613147511e-01 0.000000000000000000e+00 0.000000000000000000e+00 0.000000000000000000e+00 0.000000000000000000e+00 1.004780150433000017e+04 7.386940766197453486e+05 1.384846035956472345e+07 1.384743121980579495e+08 6.813139472400350571e+08 2.311751124106793404e+09
2.973999599425092843e-01 0.000000000000000000e+00 0.000000000000000000e+00 0.000000000000000000e+00 0.000000000000000000e+00 7.124467021816531087e+03 6.991927386434653308e+05 1.344945927379599586e+07 1.348190921801169813e+08 7.317264866977912188e+08 2.529976197611991405e+09
2.986459568237038731e-01 0.000000000000000000e+00 0.000000000000000000e+00 0.000000000000000000e+00 0.000000000000000000e+00 4.727680591970475689e+03 6.506809996163981268e+05 1.281035682278114185e+07 1.334485413138731271e+08 6.897371806239296198e+08 2.255817822528386593e+09
2.998919537048984063e-01 0.000000000000000000e+00 0.000000000000000000e+00 0.000000000000000000e+00 0.000000000000000000e+00 0.000000000000000000e+00 6.060058889234649250e+05 1.217773535440059751e+07 1.296642985625257194e+08 6.884524843856141567e+08 2.564547775992919922e+09
3.011379505860929950e-01 0.000000000000000000e+00 0.000000000000000000e+00 0.000000000000000000e+00 0.000000000000000000e+00 0.000000000000000000e+00 5.074697885893110652e+05 1.135540938023493998e+07 1.301660624088317901e+08 6.543319688825167418e+08 2.579490378856739521e+09
3.023839474672875283e-01 0.000000000000000000e+00 0.000000000000000000e+00 0.000000000000000000e+00 0.000000000000000000e+00 4.660537598995588593e-266 5.080178921681484208e+05 1.140152462954672240e+07 1.311760433647992015e+08 7.124901545293172598e+08 2.455473363628276348e+09
3.036299443484821170e-01 0.000000000000000000e+00 0.000000000000000000e+00 0.000000000000000000e+00 0.000000000000000000e+00 3.757878952153931719e-267 4.526670691896246281e+05 1.117749700655598752e+07 1.248023606488901228e+08 6.439191114825724363e+08 2.610000614355906487e+09
3.048759412296766502e-01 0.000000000000000000e+00 0.000000000000000000e+00 0.000000000000000000e+00 0.000000000000000000e+00 0.000000000000000000e+00 4.785931167407804751e+05 1.071790624744230695e+07 1.211606184962233752e+08 6.859217020163820982e+08 2.511595917695682526e+09
3.061219381108712390e-01 0.000000000000000000e+00 0.000000000000000000e+00 0.000000000000000000e+00 0.000000000000000000e+00 0.000000000000000000e+00 4.511260264281028649e+05 9.861832465346131474e+06 1.156560089630000740e+08 6.811866658190727234e+08 2.363796289156599998e+09
3.073679349920657722e-01 0.000000000000000000e+00 0.000000000000000000e+00 0.000000000000000000e+00 0.000000000000000000e+00 0.000000000000000000e+00 4.138531810830741888e+05 9.474853670045373961e+06 1.079550037925884277e+08 6.819637170948989391e+08 2.358016872548403740e+09
3.086139318732603609e-01 0.000000000000000000e+00 0.000000000000000000e+00 0.000000000000000000e+00 0.000000000000000000e+00 0.000000000000000000e+00 3.753564885129391332e+05 9.492325554965393618e+06 1.168417742940236628e+08 6.303915530897529125e+08 2.339049738892945766e+09
3.098599287544548941e-01 0.000000000000000000e+00 0.000000000000000000e+00 0.000000000000000000e+00 0.000000000000000000e+00 0.000000000000000000e+00 3.632925933582516154e+05 8.106722661379323341e+06 1.012566678931155354e+08 6.605191444739651680e+08 2.406044413699273109e+09
3.111059256356494829e-01 0.000000000000000000e+00 0.000000000000000000e+00 0.000000000000000000e+00 0.000000000000000000e+00 0.000000000000000000e+00 3.398326718664818909e+05 8.746389743901813403e+06 1.046326790415707231e+08 6.621881217340915203e+08 2.294184737438774586e+09
3.123519225168440161e-01 0.000000000000000000e+00 0.000000000000000000e+00 0.000000000000000000e+00 0.000000000000000000e+00 0.000000000000000000e+00 2.949401555168019258e+05 8.082675605646729469e+06 1.014504027159614414e+08 6.094264229925254583e+08 2.351871642788902283e+09
3.135979193980386048e-01 0.000000000000000000e+00 0.000000000000000000e+00 0.000000000000000000e+00 0.000000000000000000e+00 0.000000000000000000e+00 2.775183114826255478e+05 8.017082717622295022e+06 9.195199778681696951e+07 6.370107759356774092e+08 2.617510385334184170e+09
3.148439162792331381e-01 0.000000000000000000e+00 0.000000000000000000e+00 0.000000000000000000e+00 0.000000000000000000e+00 0.000000000000000000e+00 2.381994618396701990e+05 7.540300796884521842e+06 9.039937981857930124e+07 6.157738903062272072e+08 2.197982760066111565e+09
3.160899131604277268e-01 0.000000000000000000e+00 0.000000000000000000e+00 0.000000000000000000e+00 0.000000000000000000e+00 0.000000000000000000e+00 2.042867702672910818e+05 7.383952435239898972e+06 8.480414325974491239e+07 5.932835421403664351e+08 2.259059729364938736e+09
