  Principal QN n  Azimuthal QN l
               1               0
 Electron Energy Probability dst
  0.10000000E+01  0.51688068E-11
  0.10404090E+01  0.51674973E-11
  0.10824510E+01  0.51661343E-11
  0.11261918E+01  0.51647159E-11
  0.11717001E+01  0.51632397E-11
  0.12190474E+01  0.51617037E-11
  0.12683080E+01  0.51601054E-11
  0.13195591E+01  0.51584425E-11
  0.13728812E+01  0.51567127E-11
  0.14283580E+01  0.51549133E-11
  0.14860766E+01  0.51530419E-11
  0.15461276E+01  0.51510958E-11
  0.16086051E+01  0.51490725E-11
  0.16736073E+01  0.51469691E-11
  0.17412362E+01  0.51447830E-11
  0.18115979E+01  0.51425115E-11
  0.18848028E+01  0.51401518E-11
  0.19609659E+01  0.51377012E-11
  0.20402067E+01  0.51351569E-11
  0.21226495E+01  0.51325163E-11
  0.22084237E+01  0.51297767E-11
  0.22976640E+01  0.51269357E-11
  0.23905104E+01  0.51239906E-11
  0.24871087E+01  0.51209387E-11
  0.25876104E+01  0.51177770E-11
  0.26921732E+01  0.51145027E-11
  0.28009614E+01  0.51111133E-11
  0.29141456E+01  0.51076061E-11
  0.30319034E+01  0.51039787E-11
  0.31544197E+01  0.51002288E-11
  0.32818868E+01  0.50963544E-11
  0.34145047E+01  0.50923539E-11
  0.35524816E+01  0.50882259E-11
  0.36960340E+01  0.50839693E-11
  0.38453872E+01  0.50795837E-11
  0.40007757E+01  0.50750692E-11
  0.41624432E+01  0.50704264E-11
  0.43306436E+01  0.50656569E-11
  0.45056407E+01  0.50607630E-11
  0.46877094E+01  0.50557481E-11
  0.48771352E+01  0.50506141E-11
  0.50742156E+01  0.50453600E-11
  0.52792599E+01  0.50399842E-11
  0.54925897E+01  0.50344849E-11
  0.57145400E+01  0.50288598E-11
  0.59454591E+01  0.50231063E-11
  0.61857095E+01  0.50172210E-11
  0.64356681E+01  0.50111999E-11
  0.66957273E+01  0.50050379E-11
  0.69662953E+01  0.49987290E-11
  0.72477966E+01  0.49922702E-11
  0.75406732E+01  0.49856627E-11
  0.78453846E+01  0.49789087E-11
  0.81624091E+01  0.49720108E-11
  0.84922443E+01  0.49649726E-11
  0.88354078E+01  0.49577981E-11
  0.91924382E+01  0.49504921E-11
  0.95638959E+01  0.49430604E-11
  0.99503638E+01  0.49355094E-11
  0.10352449E+02  0.49278467E-11
  0.10770781E+02  0.49200807E-11
  0.11206018E+02  0.49122165E-11
  0.11658843E+02  0.49042493E-11
  0.12129965E+02  0.48961707E-11
  0.12620126E+02  0.48879688E-11
  0.13130093E+02  0.48796275E-11
  0.13660667E+02  0.48711254E-11
  0.14212682E+02  0.48624356E-11
  0.14787003E+02  0.48535391E-11
  0.15384532E+02  0.48444348E-11
  0.16006206E+02  0.48351232E-11
  0.16653001E+02  0.48256055E-11
  0.17325933E+02  0.48158829E-11
  0.18026058E+02  0.48059569E-11
  0.18754474E+02  0.47958296E-11
  0.19512324E+02  0.47855025E-11
  0.20300798E+02  0.47749710E-11
  0.21121134E+02  0.47642220E-11
  0.21974619E+02  0.47532386E-11
  0.22862593E+02  0.47419992E-11
  0.23786448E+02  0.47304767E-11
  0.24747636E+02  0.47186376E-11
  0.25747664E+02  0.47064480E-11
  0.26788103E+02  0.46938901E-11
  0.27870585E+02  0.46809485E-11
  0.28996808E+02  0.46676055E-11
  0.30168542E+02  0.46538410E-11
  0.31387624E+02  0.46396332E-11
  0.32655968E+02  0.46249626E-11
  0.33975564E+02  0.46098089E-11
  0.35348484E+02  0.45941493E-11
  0.36776883E+02  0.45779583E-11
  0.38263002E+02  0.45612072E-11
  0.39809173E+02  0.45438699E-11
  0.41417824E+02  0.45259285E-11
  0.43091479E+02  0.45073658E-11
  0.44832764E+02  0.44881647E-11
  0.46644414E+02  0.44683102E-11
  0.48529270E+02  0.44477900E-11
  0.50490292E+02  0.44265931E-11
  0.52530556E+02  0.44047099E-11
  0.54653266E+02  0.43821300E-11
  0.56861752E+02  0.43588292E-11
  0.59159481E+02  0.43347760E-11
  0.61550060E+02  0.43099350E-11
  0.64037239E+02  0.42842809E-11
  0.66624923E+02  0.42578226E-11
  0.69317172E+02  0.42305810E-11
  0.72118213E+02  0.42025837E-11
  0.75032441E+02  0.41738257E-11
  0.78064431E+02  0.41442733E-11
  0.81218940E+02  0.41138864E-11
  0.84500920E+02  0.40826267E-11
  0.87915522E+02  0.40505126E-11
  0.91468104E+02  0.40175977E-11
  0.95164243E+02  0.39839221E-11
  0.99009740E+02  0.39494833E-11
  0.10301063E+03  0.39142727E-11
  0.10717319E+03  0.38782842E-11
  0.11150396E+03  0.38415303E-11
  0.11600973E+03  0.38040320E-11
  0.12069757E+03  0.37658054E-11
  0.12557484E+03  0.37268573E-11
  0.13064920E+03  0.36871952E-11
  0.13592861E+03  0.36468425E-11
  0.14142136E+03  0.36058372E-11
  0.14713606E+03  0.35642175E-11
  0.15308169E+03  0.35219843E-11
  0.15926757E+03  0.34791183E-11
  0.16570342E+03  0.34356190E-11
  0.17239934E+03  0.33914909E-11
  0.17936583E+03  0.33467336E-11
  0.18661383E+03  0.33013401E-11
  0.19415472E+03  0.32553158E-11
  0.20200033E+03  0.32086841E-11
  0.21016297E+03  0.31614608E-11
  0.21865546E+03  0.31136363E-11
  0.22749111E+03  0.30651785E-11
  0.23668381E+03  0.30160009E-11
  0.24624798E+03  0.29660665E-11
  0.25619863E+03  0.29154927E-11
  0.26655137E+03  0.28643321E-11
  0.27732246E+03  0.28124002E-11
  0.28852879E+03  0.27596946E-11
  0.30018797E+03  0.27063582E-11
  0.31231828E+03  0.26523577E-11
  0.32493876E+03  0.25975837E-11
  0.33806922E+03  0.25421016E-11
  0.35173028E+03  0.24859896E-11
  0.36594337E+03  0.24292852E-11
  0.38073079E+03  0.23719836E-11
  0.39611576E+03  0.23141016E-11
  0.41212242E+03  0.22557071E-11
  0.42877589E+03  0.21968729E-11
  0.44610232E+03  0.21376662E-11
  0.46412888E+03  0.20781397E-11
  0.48288389E+03  0.20183276E-11
  0.50239677E+03  0.19583499E-11
  0.52269814E+03  0.18983274E-11
  0.54381988E+03  0.18382941E-11
  0.56579512E+03  0.17783724E-11
  0.58865836E+03  0.17185119E-11
  0.61244548E+03  0.16588793E-11
  0.63719382E+03  0.15997114E-11
  0.66294222E+03  0.15409223E-11
  0.68973108E+03  0.14826353E-11
  0.71760246E+03  0.14247968E-11
  0.74660009E+03  0.13676833E-11
  0.77676949E+03  0.13113097E-11
  0.80815800E+03  0.12557149E-11
  0.84081490E+03  0.12009487E-11
  0.87479142E+03  0.11471121E-11
  0.91014091E+03  0.10942820E-11
  0.94691884E+03  0.10425023E-11
  0.98518293E+03  0.99183601E-12
  0.10249932E+04  0.94233353E-12
  0.10664122E+04  0.89404962E-12
  0.11095049E+04  0.84704086E-12
  0.11543390E+04  0.80135357E-12
  0.12009847E+04  0.75703107E-12
  0.12495154E+04  0.71410930E-12
  0.13000071E+04  0.67263595E-12
  0.13525391E+04  0.63260383E-12
  0.14071939E+04  0.59405098E-12
  0.14640573E+04  0.55699640E-12
  0.15232185E+04  0.52144505E-12
  0.15847703E+04  0.48744584E-12
  0.16488093E+04  0.45490913E-12
  0.17154361E+04  0.42388473E-12
  0.17847553E+04  0.39434872E-12
  0.18568755E+04  0.36628934E-12
  0.19319101E+04  0.33970918E-12
  0.20099768E+04  0.31452987E-12
  0.20911980E+04  0.29074993E-12
  0.21757013E+04  0.26833543E-12
  0.22636193E+04  0.24725181E-12
  0.23550900E+04  0.22746598E-12
  0.24502570E+04  0.20893092E-12
  0.25492695E+04  0.19158953E-12
  0.26522831E+04  0.17540569E-12
  0.27594593E+04  0.16033247E-12
  0.28709664E+04  0.14632178E-12
  0.29869795E+04  0.13333340E-12
  0.31076805E+04  0.12129906E-12
  0.32332589E+04  0.11017717E-12
  0.33639118E+04  0.99918871E-13
  0.34998442E+04  0.90475120E-13
  0.36412696E+04  0.81796749E-13
  0.37884098E+04  0.73841873E-13
  0.39414959E+04  0.66560491E-13
  0.41007680E+04  0.59903868E-13
  0.42664761E+04  0.53833484E-13
  0.44388803E+04  0.48306545E-13
  0.46182512E+04  0.43283818E-13
  0.48048704E+04  0.38728687E-13
  0.49990306E+04  0.34602783E-13
  0.52010367E+04  0.30872842E-13
  0.54112056E+04  0.27506448E-13
  0.56298673E+04  0.24473483E-13
  0.58573648E+04  0.21745226E-13
  0.60940554E+04  0.19295183E-13
  0.63403103E+04  0.17098640E-13
  0.65965162E+04  0.15132552E-13
  0.68630752E+04  0.13375362E-13
  0.71404055E+04  0.11807223E-13
  0.74289425E+04  0.10409965E-13
  0.77291390E+04  0.91667061E-14
  0.80414661E+04  0.80619099E-14
  0.83664141E+04  0.70822694E-14
  0.87044929E+04  0.62144168E-14
  0.90562332E+04  0.54466651E-14
  0.94221869E+04  0.47684095E-14
  0.98029285E+04  0.41700020E-14
  0.10199056E+05  0.36424359E-14
  0.10611190E+05  0.31785488E-14
  0.11039978E+05  0.27707848E-14
  0.11486093E+05  0.24129388E-14
  0.11950235E+05  0.20991493E-14
  0.12433132E+05  0.18244132E-14
  0.12935543E+05  0.15840682E-14
  0.13458256E+05  0.13740274E-14
  0.14002092E+05  0.11907972E-14
  0.14567903E+05  0.10310524E-14
  0.15156578E+05  0.89195848E-15
  0.15769041E+05  0.77096299E-15
  0.16406253E+05  0.66579327E-15
  0.17069214E+05  0.57448403E-15
  0.17758964E+05  0.49526147E-15
  0.18476587E+05  0.42663817E-15
  0.19223208E+05  0.36721567E-15
  0.20000000E+05  0.31582346E-15
  Principal QN n  Azimuthal QN l
               2               0
 Electron Energy Probability dst
  0.10000000E+01  0.21579171E-09
  0.10404090E+01  0.21566396E-09
  0.10824510E+01  0.21553058E-09
  0.11261918E+01  0.21539139E-09
  0.11717001E+01  0.21524623E-09
  0.12190474E+01  0.21509495E-09
  0.12683080E+01  0.21493743E-09
  0.13195591E+01  0.21477354E-09
  0.13728812E+01  0.21460320E-09
  0.14283580E+01  0.21442637E-09
  0.14860766E+01  0.21424303E-09
  0.15461276E+01  0.21405321E-09
  0.16086051E+01  0.21385701E-09
  0.16736073E+01  0.21365444E-09
  0.17412362E+01  0.21344523E-09
  0.18115979E+01  0.21322903E-09
  0.18848028E+01  0.21300546E-09
  0.19609659E+01  0.21277407E-09
  0.20402067E+01  0.21253436E-09
  0.21226495E+01  0.21228576E-09
  0.22084237E+01  0.21202760E-09
  0.22976640E+01  0.21175915E-09
  0.23905104E+01  0.21147951E-09
  0.24871087E+01  0.21118772E-09
  0.25876104E+01  0.21088300E-09
  0.26921732E+01  0.21056504E-09
  0.28009614E+01  0.21023354E-09
  0.29141456E+01  0.20988832E-09
  0.30319034E+01  0.20952921E-09
  0.31544197E+01  0.20915615E-09
  0.32818868E+01  0.20876918E-09
  0.34145047E+01  0.20836846E-09
  0.35524816E+01  0.20795429E-09
  0.36960340E+01  0.20752706E-09
  0.38453872E+01  0.20708664E-09
  0.40007757E+01  0.20663264E-09
  0.41624432E+01  0.20616464E-09
  0.43306436E+01  0.20568215E-09
  0.45056407E+01  0.20518468E-09
  0.46877094E+01  0.20467166E-09
  0.48771352E+01  0.20414247E-09
  0.50742156E+01  0.20359641E-09
  0.52792599E+01  0.20303272E-09
  0.54925897E+01  0.20245051E-09
  0.57145400E+01  0.20184894E-09
  0.59454591E+01  0.20122747E-09
  0.61857095E+01  0.20058563E-09
  0.64356681E+01  0.19992296E-09
  0.66957273E+01  0.19923900E-09
  0.69662953E+01  0.19853331E-09
  0.72477966E+01  0.19780545E-09
  0.75406732E+01  0.19705502E-09
  0.78453846E+01  0.19628165E-09
  0.81624091E+01  0.19548499E-09
  0.84922443E+01  0.19466471E-09
  0.88354078E+01  0.19382053E-09
  0.91924382E+01  0.19295210E-09
  0.95638959E+01  0.19205894E-09
  0.99503638E+01  0.19114055E-09
  0.10352449E+02  0.19019642E-09
  0.10770781E+02  0.18922600E-09
  0.11206018E+02  0.18822864E-09
  0.11658843E+02  0.18720354E-09
  0.12129965E+02  0.18614976E-09
  0.12620126E+02  0.18506626E-09
  0.13130093E+02  0.18395182E-09
  0.13660667E+02  0.18280506E-09
  0.14212682E+02  0.18162445E-09
  0.14787003E+02  0.18040898E-09
  0.15384532E+02  0.17915786E-09
  0.16006206E+02  0.17787029E-09
  0.16653001E+02  0.17654543E-09
  0.17325933E+02  0.17518279E-09
  0.18026058E+02  0.17378230E-09
  0.18754474E+02  0.17234403E-09
  0.19512324E+02  0.17086800E-09
  0.20300798E+02  0.16935309E-09
  0.21121134E+02  0.16779755E-09
  0.21974619E+02  0.16619934E-09
  0.22862593E+02  0.16455686E-09
  0.23786448E+02  0.16286952E-09
  0.24747636E+02  0.16113687E-09
  0.25747664E+02  0.15935852E-09
  0.26788103E+02  0.15753403E-09
  0.27870585E+02  0.15566260E-09
  0.28996808E+02  0.15374320E-09
  0.30168542E+02  0.15177472E-09
  0.31387624E+02  0.14975669E-09
  0.32655968E+02  0.14768929E-09
  0.33975564E+02  0.14557281E-09
  0.35348484E+02  0.14340755E-09
  0.36776883E+02  0.14119380E-09
  0.38263002E+02  0.13893202E-09
  0.39809173E+02  0.13662276E-09
  0.41417824E+02  0.13426673E-09
  0.43091479E+02  0.13186469E-09
  0.44832764E+02  0.12941736E-09
  0.46644414E+02  0.12692538E-09
  0.48529270E+02  0.12438997E-09
  0.50490292E+02  0.12181431E-09
  0.52530556E+02  0.11920209E-09
  0.54653266E+02  0.11655470E-09
  0.56861752E+02  0.11387259E-09
  0.59159481E+02  0.11115824E-09
  0.61550060E+02  0.10841562E-09
  0.64037239E+02  0.10564862E-09
  0.66624923E+02  0.10285892E-09
  0.69317172E+02  0.10004766E-09
  0.72118213E+02  0.97220498E-10
  0.75032441E+02  0.94385636E-10
  0.78064431E+02  0.91544673E-10
  0.81218940E+02  0.88697237E-10
  0.84500920E+02  0.85848334E-10
  0.87915522E+02  0.83004373E-10
  0.91468104E+02  0.80170270E-10
  0.95164243E+02  0.77350042E-10
  0.99009740E+02  0.74547688E-10
  0.10301063E+03  0.71767201E-10
  0.10717319E+03  0.69012700E-10
  0.11150396E+03  0.66288249E-10
  0.11600973E+03  0.63597764E-10
  0.12069757E+03  0.60946152E-10
  0.12557484E+03  0.58338353E-10
  0.13064920E+03  0.55777199E-10
  0.13592861E+03  0.53264514E-10
  0.14142136E+03  0.50802825E-10
  0.14713606E+03  0.48396979E-10
  0.15308169E+03  0.46050383E-10
  0.15926757E+03  0.43764637E-10
  0.16570342E+03  0.41541742E-10
  0.17239934E+03  0.39383628E-10
  0.17936583E+03  0.37291927E-10
  0.18661383E+03  0.35267489E-10
  0.19415472E+03  0.33309915E-10
  0.20200033E+03  0.31424890E-10
  0.21016297E+03  0.29610503E-10
  0.21865546E+03  0.27861209E-10
  0.22749111E+03  0.26186645E-10
  0.23668381E+03  0.24580089E-10
  0.24624798E+03  0.23041212E-10
  0.25619863E+03  0.21570955E-10
  0.26655137E+03  0.20170414E-10
  0.27732246E+03  0.18837175E-10
  0.28852879E+03  0.17567137E-10
  0.30018797E+03  0.16361367E-10
  0.31231828E+03  0.15219392E-10
  0.32493876E+03  0.14139540E-10
  0.33806922E+03  0.13117606E-10
  0.35173028E+03  0.12153557E-10
  0.36594337E+03  0.11246325E-10
  0.38073079E+03  0.10393456E-10
  0.39611576E+03  0.95919204E-11
  0.41212242E+03  0.88408661E-11
  0.42877589E+03  0.81386483E-11
  0.44610232E+03  0.74821361E-11
  0.46412888E+03  0.68699251E-11
  0.48288389E+03  0.62997215E-11
  0.50239677E+03  0.57697841E-11
  0.52269814E+03  0.52779511E-11
  0.54381988E+03  0.48221012E-11
  0.56579512E+03  0.44003098E-11
  0.58865836E+03  0.40105349E-11
  0.61244548E+03  0.36509464E-11
  0.63719382E+03  0.33199194E-11
  0.66294222E+03  0.30153478E-11
  0.68973108E+03  0.27356318E-11
  0.71760246E+03  0.24786430E-11
  0.74660009E+03  0.22436332E-11
  0.77676949E+03  0.20285904E-11
  0.80815800E+03  0.18321173E-11
  0.84081490E+03  0.16526454E-11
  0.87479142E+03  0.14891463E-11
  0.91014091E+03  0.13403557E-11
  0.94691884E+03  0.12051933E-11
  0.98518293E+03  0.10824539E-11
  0.10249932E+04  0.97101663E-12
  0.10664122E+04  0.87013240E-12
  0.11095049E+04  0.77890109E-12
  0.11543390E+04  0.69656349E-12
  0.12009847E+04  0.62221671E-12
  0.12495154E+04  0.55521314E-12
  0.13000071E+04  0.49484337E-12
  0.13525391E+04  0.44059365E-12
  0.14071939E+04  0.39190455E-12
  0.14640573E+04  0.34826961E-12
  0.15232185E+04  0.30914544E-12
  0.15847703E+04  0.27415261E-12
  0.16488093E+04  0.24289901E-12
  0.17154361E+04  0.21501306E-12
  0.17847553E+04  0.19014435E-12
  0.18568755E+04  0.16799318E-12
  0.19319101E+04  0.14829240E-12
  0.20099768E+04  0.13078335E-12
  0.20911980E+04  0.11524456E-12
  0.21757013E+04  0.10146625E-12
  0.22636193E+04  0.89255956E-13
  0.23550900E+04  0.78452829E-13
  0.24502570E+04  0.68904812E-13
  0.25492695E+04  0.60468854E-13
  0.26522831E+04  0.53024239E-13
  0.27594593E+04  0.46461243E-13
  0.28709664E+04  0.40679835E-13
  0.29869795E+04  0.35592004E-13
  0.31076805E+04  0.31117834E-13
  0.32332589E+04  0.27185659E-13
  0.33639118E+04  0.23732323E-13
  0.34998442E+04  0.20702055E-13
  0.36412696E+04  0.18047279E-13
  0.37884098E+04  0.15720087E-13
  0.39414959E+04  0.13684299E-13
  0.41007680E+04  0.11906731E-13
  0.42664761E+04  0.10350687E-13
  0.44388803E+04  0.89919430E-14
  0.46182512E+04  0.78075111E-14
  0.48048704E+04  0.67731183E-14
  0.49990306E+04  0.58726801E-14
  0.52010367E+04  0.50894947E-14
  0.54112056E+04  0.44082158E-14
  0.56298673E+04  0.38162181E-14
  0.58573648E+04  0.32990196E-14
  0.60940554E+04  0.28524589E-14
  0.63403103E+04  0.24650967E-14
  0.65965162E+04  0.21279987E-14
  0.68630752E+04  0.18352839E-14
  0.71404055E+04  0.15830704E-14
  0.74289425E+04  0.13646193E-14
  0.77291390E+04  0.11753982E-14
  0.80414661E+04  0.10115619E-14
  0.83664141E+04  0.87074428E-15
  0.87044929E+04  0.74852258E-15
  0.90562332E+04  0.64315152E-15
  0.94221869E+04  0.55243483E-15
  0.98029285E+04  0.47408617E-15
  0.10199056E+05  0.40681815E-15
  0.10611190E+05  0.34888664E-15
  0.11039978E+05  0.29892534E-15
  0.11486093E+05  0.25590780E-15
  0.11950235E+05  0.21931377E-15
  0.12433132E+05  0.18755825E-15
  0.12935543E+05  0.16053570E-15
  0.13458256E+05  0.13720786E-15
  0.14002092E+05  0.11726765E-15
  0.14567903E+05  0.10017196E-15
  0.15156578E+05  0.85475801E-16
  0.15769041E+05  0.72899884E-16
  0.16406253E+05  0.62220316E-16
  0.17069214E+05  0.53003319E-16
  0.17758964E+05  0.45167597E-16
  0.18476587E+05  0.38440618E-16
  0.19223208E+05  0.32754013E-16
  0.20000000E+05  0.27848081E-16
  Principal QN n  Azimuthal QN l
               2               1
 Electron Energy Probability dst
  0.10000000E+01  0.18663609E-08
  0.10404090E+01  0.18799761E-08
  0.10824510E+01  0.18940315E-08
  0.11261918E+01  0.19085354E-08
  0.11717001E+01  0.19234956E-08
  0.12190474E+01  0.19389190E-08
  0.12683080E+01  0.19548123E-08
  0.13195591E+01  0.19711809E-08
  0.13728812E+01  0.19880295E-08
  0.14283580E+01  0.20053616E-08
  0.14860766E+01  0.20231793E-08
  0.15461276E+01  0.20414834E-08
  0.16086051E+01  0.20602730E-08
  0.16736073E+01  0.20795464E-08
  0.17412362E+01  0.20993026E-08
  0.18115979E+01  0.21195397E-08
  0.18848028E+01  0.21402541E-08
  0.19609659E+01  0.21614406E-08
  0.20402067E+01  0.21830923E-08
  0.21226495E+01  0.22052003E-08
  0.22084237E+01  0.22277538E-08
  0.22976640E+01  0.22507395E-08
  0.23905104E+01  0.22741421E-08
  0.24871087E+01  0.22979434E-08
  0.25876104E+01  0.23221215E-08
  0.26921732E+01  0.23466496E-08
  0.28009614E+01  0.23714968E-08
  0.29141456E+01  0.23966285E-08
  0.30319034E+01  0.24220055E-08
  0.31544197E+01  0.24475841E-08
  0.32818868E+01  0.24733154E-08
  0.34145047E+01  0.24991455E-08
  0.35524816E+01  0.25250146E-08
  0.36960340E+01  0.25508586E-08
  0.38453872E+01  0.25766163E-08
  0.40007757E+01  0.26022268E-08
  0.41624432E+01  0.26276267E-08
  0.43306436E+01  0.26527504E-08
  0.45056407E+01  0.26775307E-08
  0.46877094E+01  0.27018996E-08
  0.48771352E+01  0.27257890E-08
  0.50742156E+01  0.27491322E-08
  0.52792599E+01  0.27718651E-08
  0.54925897E+01  0.27939278E-08
  0.57145400E+01  0.28152584E-08
  0.59454591E+01  0.28357740E-08
  0.61857095E+01  0.28553893E-08
  0.64356681E+01  0.28740216E-08
  0.66957273E+01  0.28915938E-08
  0.69662953E+01  0.29080358E-08
  0.72477966E+01  0.29232843E-08
  0.75406732E+01  0.29372647E-08
  0.78453846E+01  0.29499047E-08
  0.81624091E+01  0.29611439E-08
  0.84922443E+01  0.29709382E-08
  0.88354078E+01  0.29792634E-08
  0.91924382E+01  0.29860789E-08
  0.95638959E+01  0.29913073E-08
  0.99503638E+01  0.29948793E-08
  0.10352449E+02  0.29967413E-08
  0.10770781E+02  0.29968594E-08
  0.11206018E+02  0.29952004E-08
  0.11658843E+02  0.29916990E-08
  0.12129965E+02  0.29862991E-08
  0.12620126E+02  0.29789647E-08
  0.13130093E+02  0.29696850E-08
  0.13660667E+02  0.29584807E-08
  0.14212682E+02  0.29453960E-08
  0.14787003E+02  0.29304063E-08
  0.15384532E+02  0.29134605E-08
  0.16006206E+02  0.28945247E-08
  0.16653001E+02  0.28735861E-08
  0.17325933E+02  0.28506374E-08
  0.18026058E+02  0.28256795E-08
  0.18754474E+02  0.27987421E-08
  0.19512324E+02  0.27698750E-08
  0.20300798E+02  0.27390758E-08
  0.21121134E+02  0.27063335E-08
  0.21974619E+02  0.26716583E-08
  0.22862593E+02  0.26350667E-08
  0.23786448E+02  0.25965720E-08
  0.24747636E+02  0.25562095E-08
  0.25747664E+02  0.25140438E-08
  0.26788103E+02  0.24701613E-08
  0.27870585E+02  0.24246049E-08
  0.28996808E+02  0.23774116E-08
  0.30168542E+02  0.23286403E-08
  0.31387624E+02  0.22783662E-08
  0.32655968E+02  0.22266860E-08
  0.33975564E+02  0.21737183E-08
  0.35348484E+02  0.21195532E-08
  0.36776883E+02  0.20642800E-08
  0.38263002E+02  0.20080031E-08
  0.39809173E+02  0.19508315E-08
  0.41417824E+02  0.18928945E-08
  0.43091479E+02  0.18343408E-08
  0.44832764E+02  0.17752996E-08
  0.46644414E+02  0.17158946E-08
  0.48529270E+02  0.16562594E-08
  0.50490292E+02  0.15965254E-08
  0.52530556E+02  0.15368309E-08
  0.54653266E+02  0.14773152E-08
  0.56861752E+02  0.14181207E-08
  0.59159481E+02  0.13593779E-08
  0.61550060E+02  0.13012070E-08
  0.64037239E+02  0.12437309E-08
  0.66624923E+02  0.11870919E-08
  0.69317172E+02  0.11314312E-08
  0.72118213E+02  0.10768259E-08
  0.75032441E+02  0.10233114E-08
  0.78064431E+02  0.97101253E-09
  0.81218940E+02  0.92007314E-09
  0.84500920E+02  0.87055947E-09
  0.87915522E+02  0.82249956E-09
  0.91468104E+02  0.77594225E-09
  0.95164243E+02  0.73093491E-09
  0.99009740E+02  0.68753734E-09
  0.10301063E+03  0.64579076E-09
  0.10717319E+03  0.60568384E-09
  0.11150396E+03  0.56722735E-09
  0.11600973E+03  0.53044232E-09
  0.12069757E+03  0.49532900E-09
  0.12557484E+03  0.46186209E-09
  0.13064920E+03  0.43001976E-09
  0.13592861E+03  0.39978628E-09
  0.14142136E+03  0.37114034E-09
  0.14713606E+03  0.34403354E-09
  0.15308169E+03  0.31842841E-09
  0.15926757E+03  0.29429481E-09
  0.16570342E+03  0.27158400E-09
  0.17239934E+03  0.25023947E-09
  0.17936583E+03  0.23021829E-09
  0.18661383E+03  0.21148161E-09
  0.19415472E+03  0.19396053E-09
  0.20200033E+03  0.17760800E-09
  0.21016297E+03  0.16238445E-09
  0.21865546E+03  0.14822501E-09
  0.22749111E+03  0.13507903E-09
  0.23668381E+03  0.12290081E-09
  0.24624798E+03  0.11163841E-09
  0.25619863E+03  0.10124128E-09
  0.26655137E+03  0.91660021E-10
  0.27732246E+03  0.82847793E-10
  0.28852879E+03  0.74759814E-10
  0.30018797E+03  0.67352071E-10
  0.31231828E+03  0.60576704E-10
  0.32493876E+03  0.54394618E-10
  0.33806922E+03  0.48765031E-10
  0.35173028E+03  0.43649106E-10
  0.36594337E+03  0.39008497E-10
  0.38073079E+03  0.34807076E-10
  0.39611576E+03  0.31011974E-10
  0.41212242E+03  0.27589337E-10
  0.42877589E+03  0.24508945E-10
  0.44610232E+03  0.21741496E-10
  0.46412888E+03  0.19259567E-10
  0.48288389E+03  0.17037944E-10
  0.50239677E+03  0.15052541E-10
  0.52269814E+03  0.13280629E-10
  0.54381988E+03  0.11701827E-10
  0.56579512E+03  0.10298170E-10
  0.58865836E+03  0.90511412E-11
  0.61244548E+03  0.79449028E-11
  0.63719382E+03  0.69651088E-11
  0.66294222E+03  0.60982860E-11
  0.68973108E+03  0.53333165E-11
  0.71760246E+03  0.46581355E-11
  0.74660009E+03  0.40633331E-11
  0.77676949E+03  0.35399036E-11
  0.80815800E+03  0.30802610E-11
  0.84081490E+03  0.26768172E-11
  0.87479142E+03  0.23238288E-11
  0.91014091E+03  0.20146112E-11
  0.94691884E+03  0.17443589E-11
  0.98518293E+03  0.15086647E-11
  0.10249932E+04  0.13032176E-11
  0.10664122E+04  0.11246113E-11
  0.11095049E+04  0.96914806E-12
  0.11543390E+04  0.83430973E-12
  0.12009847E+04  0.71733322E-12
  0.12495154E+04  0.61616454E-12
  0.13000071E+04  0.52861259E-12
  0.13525391E+04  0.45305337E-12
  0.14071939E+04  0.38783335E-12
  0.14640573E+04  0.33169773E-12
  0.15232185E+04  0.28338324E-12
  0.15847703E+04  0.24189119E-12
  0.16488093E+04  0.20624781E-12
  0.17154361E+04  0.17568878E-12
  0.17847553E+04  0.14951330E-12
  0.18568755E+04  0.12711941E-12
  0.19319101E+04  0.10799202E-12
  0.20099768E+04  0.91657217E-13
  0.20911980E+04  0.77726609E-13
  0.21757013E+04  0.65855158E-13
  0.22636193E+04  0.55746936E-13
  0.23550900E+04  0.47151152E-13
  0.24502570E+04  0.39844547E-13
  0.25492695E+04  0.33637899E-13
  0.26522831E+04  0.28379477E-13
  0.27594593E+04  0.23927451E-13
  0.28709664E+04  0.20153493E-13
  0.29869795E+04  0.16962566E-13
  0.31076805E+04  0.14262908E-13
  0.32332589E+04  0.11979962E-13
  0.33639118E+04  0.10057669E-13
  0.34998442E+04  0.84395800E-14
  0.36412696E+04  0.70747372E-14
  0.37884098E+04  0.59232938E-14
  0.39414959E+04  0.49556573E-14
  0.41007680E+04  0.41445036E-14
  0.42664761E+04  0.34626768E-14
  0.44388803E+04  0.28906357E-14
  0.46182512E+04  0.24127723E-14
  0.48048704E+04  0.20109485E-14
  0.49990306E+04  0.16760304E-14
  0.52010367E+04  0.13948885E-14
  0.54112056E+04  0.11602874E-14
  0.56298673E+04  0.96466003E-15
  0.58573648E+04  0.80232957E-15
  0.60940554E+04  0.66605025E-15
  0.63403103E+04  0.55225377E-15
  0.65965162E+04  0.45750230E-15
  0.68630752E+04  0.37891088E-15
  0.71404055E+04  0.31387759E-15
  0.74289425E+04  0.25973795E-15
  0.77291390E+04  0.21487946E-15
  0.80414661E+04  0.17736943E-15
  0.83664141E+04  0.14659689E-15
  0.87044929E+04  0.12090574E-15
  0.90562332E+04  0.99582921E-16
  0.94221869E+04  0.82159695E-16
  0.98029285E+04  0.67630384E-16
  0.10199056E+05  0.55706691E-16
  0.10611190E+05  0.45812428E-16
  0.11039978E+05  0.37651772E-16
  0.11486093E+05  0.30933141E-16
  0.11950235E+05  0.25421906E-16
  0.12433132E+05  0.21000945E-16
  0.12935543E+05  0.17135043E-16
  0.13458256E+05  0.14127374E-16
  0.14002092E+05  0.11505801E-16
  0.14567903E+05  0.94971809E-17
  0.15156578E+05  0.77437775E-17
  0.15769041E+05  0.63633382E-17
  0.16406253E+05  0.52410476E-17
  0.17069214E+05  0.42737476E-17
  0.17758964E+05  0.34753408E-17
  0.18476587E+05  0.28639455E-17
  0.19223208E+05  0.23653188E-17
  0.20000000E+05  0.19153573E-17
  Principal QN n  Azimuthal QN l
               3               0
 Electron Energy Probability dst
  0.10000000E+01  0.45674172E-11
  0.10404090E+01  0.60654172E-11
  0.10824510E+01  0.78748209E-11
  0.11261918E+01  0.10017196E-10
  0.11717001E+01  0.12514245E-10
  0.12190474E+01  0.15387919E-10
  0.12683080E+01  0.18662366E-10
  0.13195591E+01  0.22362794E-10
  0.13728812E+01  0.26514355E-10
  0.14283580E+01  0.31141813E-10
  0.14860766E+01  0.36269163E-10
  0.15461276E+01  0.41919162E-10
  0.16086051E+01  0.48114567E-10
  0.16736073E+01  0.54880665E-10
  0.17412362E+01  0.62241836E-10
  0.18115979E+01  0.70220393E-10
  0.18848028E+01  0.78836688E-10
  0.19609659E+01  0.88111602E-10
  0.20402067E+01  0.98063729E-10
  0.21226495E+01  0.10870755E-09
  0.22084237E+01  0.12005568E-09
  0.22976640E+01  0.13212136E-09
  0.23905104E+01  0.14491297E-09
  0.24871087E+01  0.15843329E-09
  0.25876104E+01  0.17268675E-09
  0.26921732E+01  0.18767578E-09
  0.28009614E+01  0.20339535E-09
  0.29141456E+01  0.21983138E-09
  0.30319034E+01  0.23696584E-09
  0.31544197E+01  0.25478430E-09
  0.32818868E+01  0.27326434E-09
  0.34145047E+01  0.29237231E-09
  0.35524816E+01  0.31206462E-09
  0.36960340E+01  0.33230437E-09
  0.38453872E+01  0.35305082E-09
  0.40007757E+01  0.37425107E-09
  0.41624432E+01  0.39584072E-09
  0.43306436E+01  0.41775776E-09
  0.45056407E+01  0.43993377E-09
  0.46877094E+01  0.46228623E-09
  0.48771352E+01  0.48472541E-09
  0.50742156E+01  0.50717145E-09
  0.52792599E+01  0.52953713E-09
  0.54925897E+01  0.55172415E-09
  0.57145400E+01  0.57363829E-09
  0.59454591E+01  0.59518695E-09
  0.61857095E+01  0.61626935E-09
  0.64356681E+01  0.63678253E-09
  0.66957273E+01  0.65662487E-09
  0.69662953E+01  0.67568974E-09
  0.72477966E+01  0.69387012E-09
  0.75406732E+01  0.71106285E-09
  0.78453846E+01  0.72716879E-09
  0.81624091E+01  0.74210426E-09
  0.84922443E+01  0.75579124E-09
  0.88354078E+01  0.76815285E-09
  0.91924382E+01  0.77911630E-09
  0.95638959E+01  0.78861455E-09
  0.99503638E+01  0.79659136E-09
  0.10352449E+02  0.80299945E-09
  0.10770781E+02  0.80780916E-09
  0.11206018E+02  0.81099716E-09
  0.11658843E+02  0.81255508E-09
  0.12129965E+02  0.81247732E-09
  0.12620126E+02  0.81074796E-09
  0.13130093E+02  0.80737241E-09
  0.13660667E+02  0.80238006E-09
  0.14212682E+02  0.79582380E-09
  0.14787003E+02  0.78774300E-09
  0.15384532E+02  0.77819239E-09
  0.16006206E+02  0.76723256E-09
  0.16653001E+02  0.75494169E-09
  0.17325933E+02  0.74138737E-09
  0.18026058E+02  0.72666000E-09
  0.18754474E+02  0.71086739E-09
  0.19512324E+02  0.69408143E-09
  0.20300798E+02  0.67640596E-09
  0.21121134E+02  0.65794521E-09
  0.21974619E+02  0.63878465E-09
  0.22862593E+02  0.61903040E-09
  0.23786448E+02  0.59880019E-09
  0.24747636E+02  0.57818499E-09
  0.25747664E+02  0.55727448E-09
  0.26788103E+02  0.53616217E-09
  0.27870585E+02  0.51494301E-09
  0.28996808E+02  0.49370494E-09
  0.30168542E+02  0.47252630E-09
  0.31387624E+02  0.45149835E-09
  0.32655968E+02  0.43069006E-09
  0.33975564E+02  0.41014756E-09
  0.35348484E+02  0.38993913E-09
  0.36776883E+02  0.37015451E-09
  0.38263002E+02  0.35082808E-09
  0.39809173E+02  0.33197079E-09
  0.41417824E+02  0.31367251E-09
  0.43091479E+02  0.29592977E-09
  0.44832764E+02  0.27877743E-09
  0.46644414E+02  0.26224876E-09
  0.48529270E+02  0.24634940E-09
  0.50490292E+02  0.23108596E-09
  0.52530556E+02  0.21647413E-09
  0.54653266E+02  0.20253196E-09
  0.56861752E+02  0.18921661E-09
  0.59159481E+02  0.17654838E-09
  0.61550060E+02  0.16455552E-09
  0.64037239E+02  0.15315489E-09
  0.66624923E+02  0.14241442E-09
  0.69317172E+02  0.13223142E-09
  0.72118213E+02  0.12263451E-09
  0.75032441E+02  0.11365226E-09
  0.78064431E+02  0.10516265E-09
  0.81218940E+02  0.97213038E-10
  0.84500920E+02  0.89763331E-10
  0.87915522E+02  0.82800061E-10
  0.91468104E+02  0.76308753E-10
  0.95164243E+02  0.70277180E-10
  0.99009740E+02  0.64679838E-10
  0.10301063E+03  0.59473480E-10
  0.10717319E+03  0.54610486E-10
  0.11150396E+03  0.50084902E-10
  0.11600973E+03  0.45895232E-10
  0.12069757E+03  0.42031209E-10
  0.12557484E+03  0.38471777E-10
  0.13064920E+03  0.35182909E-10
  0.13592861E+03  0.32134916E-10
  0.14142136E+03  0.29325087E-10
  0.14713606E+03  0.26749018E-10
  0.15308169E+03  0.24395440E-10
  0.15926757E+03  0.22244692E-10
  0.16570342E+03  0.20267320E-10
  0.17239934E+03  0.18441137E-10
  0.17936583E+03  0.16763721E-10
  0.18661383E+03  0.15230771E-10
  0.19415472E+03  0.13833345E-10
  0.20200033E+03  0.12556850E-10
  0.21016297E+03  0.11385448E-10
  0.21865546E+03  0.10314984E-10
  0.22749111E+03  0.93415654E-11
  0.23668381E+03  0.84579379E-11
  0.24624798E+03  0.76528404E-11
  0.25619863E+03  0.69165148E-11
  0.26655137E+03  0.62464323E-11
  0.27732246E+03  0.56389811E-11
  0.28852879E+03  0.50880925E-11
  0.30018797E+03  0.45861999E-11
  0.31231828E+03  0.41302679E-11
  0.32493876E+03  0.37178822E-11
  0.33806922E+03  0.33449511E-11
  0.35173028E+03  0.30062591E-11
  0.36594337E+03  0.26994924E-11
  0.38073079E+03  0.24227558E-11
  0.39611576E+03  0.21729437E-11
  0.41212242E+03  0.19467974E-11
  0.42877589E+03  0.17429359E-11
  0.44610232E+03  0.15595939E-11
  0.46412888E+03  0.13942439E-11
  0.48288389E+03  0.12453263E-11
  0.50239677E+03  0.11117526E-11
  0.52269814E+03  0.99183479E-12
  0.54381988E+03  0.88414135E-12
  0.56579512E+03  0.78779366E-12
  0.58865836E+03  0.70150053E-12
  0.61244548E+03  0.62412781E-12
  0.63719382E+03  0.55503770E-12
  0.66294222E+03  0.49332501E-12
  0.68973108E+03  0.43822171E-12
  0.71760246E+03  0.38915036E-12
  0.74660009E+03  0.34533940E-12
  0.77676949E+03  0.30629763E-12
  0.80815800E+03  0.27158309E-12
  0.84081490E+03  0.24069524E-12
  0.87479142E+03  0.21327135E-12
  0.91014091E+03  0.18885765E-12
  0.94691884E+03  0.16714148E-12
  0.98518293E+03  0.14784694E-12
  0.10249932E+04  0.13070931E-12
  0.10664122E+04  0.11553094E-12
  0.11095049E+04  0.10208544E-12
  0.11543390E+04  0.90191989E-13
  0.12009847E+04  0.79644950E-13
  0.12495154E+04  0.70295693E-13
  0.13000071E+04  0.61989241E-13
  0.13525391E+04  0.54625867E-13
  0.14071939E+04  0.48106778E-13
  0.14640573E+04  0.42347558E-13
  0.15232185E+04  0.37256562E-13
  0.15847703E+04  0.32756046E-13
  0.16488093E+04  0.28773235E-13
  0.17154361E+04  0.25262896E-13
  0.17847553E+04  0.22171830E-13
  0.18568755E+04  0.19437405E-13
  0.19319101E+04  0.17022153E-13
  0.20099768E+04  0.14899628E-13
  0.20911980E+04  0.13037729E-13
  0.21757013E+04  0.11402484E-13
  0.22636193E+04  0.99621859E-14
  0.23550900E+04  0.86965787E-14
  0.24502570E+04  0.75901827E-14
  0.25492695E+04  0.66262429E-14
  0.26522831E+04  0.57738126E-14
  0.27594593E+04  0.50234321E-14
  0.28709664E+04  0.43779327E-14
  0.29869795E+04  0.38100693E-14
  0.31076805E+04  0.33108059E-14
  0.32332589E+04  0.28781101E-14
  0.33639118E+04  0.25034113E-14
  0.34998442E+04  0.21741183E-14
  0.36412696E+04  0.18862177E-14
  0.37884098E+04  0.16368817E-14
  0.39414959E+04  0.14194206E-14
  0.41007680E+04  0.12290541E-14
  0.42664761E+04  0.10640864E-14
  0.44388803E+04  0.92064853E-15
  0.46182512E+04  0.79794211E-15
  0.48048704E+04  0.68964588E-15
  0.49990306E+04  0.59669251E-15
  0.52010367E+04  0.51437016E-15
  0.54112056E+04  0.44456380E-15
  0.56298673E+04  0.38336798E-15
  0.58573648E+04  0.33080883E-15
  0.60940554E+04  0.28503819E-15
  0.63403103E+04  0.24571158E-15
  0.65965162E+04  0.21160195E-15
  0.68630752E+04  0.18220115E-15
  0.71404055E+04  0.15674493E-15
  0.74289425E+04  0.13465027E-15
  0.77291390E+04  0.11577795E-15
  0.80414661E+04  0.99494756E-16
  0.83664141E+04  0.85423924E-16
  0.87044929E+04  0.73339095E-16
  0.90562332E+04  0.62891299E-16
  0.94221869E+04  0.53913402E-16
  0.98029285E+04  0.46274304E-16
  0.10199056E+05  0.39601490E-16
  0.10611190E+05  0.33854119E-16
  0.11039978E+05  0.29067258E-16
  0.11486093E+05  0.24831263E-16
  0.11950235E+05  0.21203555E-16
  0.12433132E+05  0.18128419E-16
  0.12935543E+05  0.15477764E-16
  0.13458256E+05  0.13214636E-16
  0.14002092E+05  0.11279156E-16
  0.14567903E+05  0.96059454E-17
  0.15156578E+05  0.82101825E-17
  0.15769041E+05  0.69814940E-17
  0.16406253E+05  0.59633732E-17
  0.17069214E+05  0.50714891E-17
  0.17758964E+05  0.43103348E-17
  0.18476587E+05  0.36768732E-17
  0.19223208E+05  0.31247607E-17
  0.20000000E+05  0.26605778E-17
  Principal QN n  Azimuthal QN l
               3               1
 Electron Energy Probability dst
  0.10000000E+01  0.21697785E-06
  0.10404090E+01  0.21245876E-06
  0.10824510E+01  0.20785629E-06
  0.11261918E+01  0.20317323E-06
  0.11717001E+01  0.19841276E-06
  0.12190474E+01  0.19357841E-06
  0.12683080E+01  0.18867403E-06
  0.13195591E+01  0.18370371E-06
  0.13728812E+01  0.17867184E-06
  0.14283580E+01  0.17358310E-06
  0.14860766E+01  0.16844245E-06
  0.15461276E+01  0.16325568E-06
  0.16086051E+01  0.15802914E-06
  0.16736073E+01  0.15276941E-06
  0.17412362E+01  0.14748349E-06
  0.18115979E+01  0.14217962E-06
  0.18848028E+01  0.13686691E-06
  0.19609659E+01  0.13155447E-06
  0.20402067E+01  0.12625054E-06
  0.21226495E+01  0.12096319E-06
  0.22084237E+01  0.11570141E-06
  0.22976640E+01  0.11047465E-06
  0.23905104E+01  0.10529237E-06
  0.24871087E+01  0.10016397E-06
  0.25876104E+01  0.95098221E-07
  0.26921732E+01  0.90104606E-07
  0.28009614E+01  0.85194092E-07
  0.29141456E+01  0.80377075E-07
  0.30319034E+01  0.75663321E-07
  0.31544197E+01  0.71061929E-07
  0.32818868E+01  0.66580435E-07
  0.34145047E+01  0.62226309E-07
  0.35524816E+01  0.58007244E-07
  0.36960340E+01  0.53929122E-07
  0.38453872E+01  0.49998956E-07
  0.40007757E+01  0.46223374E-07
  0.41624432E+01  0.42607385E-07
  0.43306436E+01  0.39155955E-07
  0.45056407E+01  0.35871608E-07
  0.46877094E+01  0.32756946E-07
  0.48771352E+01  0.29813269E-07
  0.50742156E+01  0.27040547E-07
  0.52792599E+01  0.24438770E-07
  0.54925897E+01  0.22005773E-07
  0.57145400E+01  0.19740332E-07
  0.59454591E+01  0.17638945E-07
  0.61857095E+01  0.15698621E-07
  0.64356681E+01  0.13914228E-07
  0.66957273E+01  0.12281078E-07
  0.69662953E+01  0.10792696E-07
  0.72477966E+01  0.94434818E-08
  0.75406732E+01  0.82262789E-08
  0.78453846E+01  0.71340293E-08
  0.81624091E+01  0.61592467E-08
  0.84922443E+01  0.52943147E-08
  0.88354078E+01  0.45314431E-08
  0.91924382E+01  0.38629172E-08
  0.95638959E+01  0.32812656E-08
  0.99503638E+01  0.27786522E-08
  0.10352449E+02  0.23479047E-08
  0.10770781E+02  0.19818622E-08
  0.11206018E+02  0.16736357E-08
  0.11658843E+02  0.14168221E-08
  0.12129965E+02  0.12052414E-08
  0.12620126E+02  0.10331638E-08
  0.13130093E+02  0.89532346E-09
  0.13660667E+02  0.78679486E-09
  0.14212682E+02  0.70305849E-09
  0.14787003E+02  0.64004249E-09
  0.15384532E+02  0.59416654E-09
  0.16006206E+02  0.56220005E-09
  0.16653001E+02  0.54122568E-09
  0.17325933E+02  0.52875121E-09
  0.18026058E+02  0.52266039E-09
  0.18754474E+02  0.52107898E-09
  0.19512324E+02  0.52247244E-09
  0.20300798E+02  0.52556057E-09
  0.21121134E+02  0.52927514E-09
  0.21974619E+02  0.53279634E-09
  0.22862593E+02  0.53549851E-09
  0.23786448E+02  0.53688826E-09
  0.24747636E+02  0.53658522E-09
  0.25747664E+02  0.53445160E-09
  0.26788103E+02  0.53027601E-09
  0.27870585E+02  0.52414376E-09
  0.28996808E+02  0.51597596E-09
  0.30168542E+02  0.50597704E-09
  0.31387624E+02  0.49419957E-09
  0.32655968E+02  0.48082778E-09
  0.33975564E+02  0.46606801E-09
  0.35348484E+02  0.45002549E-09
  0.36776883E+02  0.43289493E-09
  0.38263002E+02  0.41493153E-09
  0.39809173E+02  0.39646556E-09
  0.41417824E+02  0.37776657E-09
  0.43091479E+02  0.35891934E-09
  0.44832764E+02  0.34000258E-09
  0.46644414E+02  0.32110956E-09
  0.48529270E+02  0.30235017E-09
  0.50490292E+02  0.28385323E-09
  0.52530556E+02  0.26576912E-09
  0.54653266E+02  0.24823656E-09
  0.56861752E+02  0.23132016E-09
  0.59159481E+02  0.21506796E-09
  0.61550060E+02  0.19952099E-09
  0.64037239E+02  0.18471087E-09
  0.66624923E+02  0.17065701E-09
  0.69317172E+02  0.15736318E-09
  0.72118213E+02  0.14481367E-09
  0.75032441E+02  0.13297197E-09
  0.78064431E+02  0.12183098E-09
  0.81218940E+02  0.11141350E-09
  0.84500920E+02  0.10173141E-09
  0.87915522E+02  0.92781216E-10
  0.91468104E+02  0.84540333E-10
  0.95164243E+02  0.76962689E-10
  0.99009740E+02  0.69973613E-10
  0.10301063E+03  0.63483923E-10
  0.10717319E+03  0.57476974E-10
  0.11150396E+03  0.51956602E-10
  0.11600973E+03  0.46915794E-10
  0.12069757E+03  0.42334098E-10
  0.12557484E+03  0.38174617E-10
  0.13064920E+03  0.34380756E-10
  0.13592861E+03  0.30903465E-10
  0.14142136E+03  0.27736837E-10
  0.14713606E+03  0.24873591E-10
  0.15308169E+03  0.22297319E-10
  0.15926757E+03  0.19980483E-10
  0.16570342E+03  0.17882573E-10
  0.17239934E+03  0.15972691E-10
  0.17936583E+03  0.14246103E-10
  0.18661383E+03  0.12695651E-10
  0.19415472E+03  0.11308140E-10
  0.20200033E+03  0.10063044E-10
  0.21016297E+03  0.89384115E-11
  0.21865546E+03  0.79280560E-11
  0.22749111E+03  0.70265140E-11
  0.23668381E+03  0.62243358E-11
  0.24624798E+03  0.55073378E-11
  0.25619863E+03  0.48632519E-11
  0.26655137E+03  0.42886414E-11
  0.27732246E+03  0.37789569E-11
  0.28852879E+03  0.33269367E-11
  0.30018797E+03  0.29236982E-11
  0.31231828E+03  0.25655131E-11
  0.32493876E+03  0.22494516E-11
  0.33806922E+03  0.19708368E-11
  0.35173028E+03  0.17238403E-11
  0.36594337E+03  0.15057427E-11
  0.38073079E+03  0.13143303E-11
  0.39611576E+03  0.11461958E-11
  0.41212242E+03  0.99783809E-12
  0.42877589E+03  0.86776521E-12
  0.44610232E+03  0.75419419E-12
  0.46412888E+03  0.65466558E-12
  0.48288389E+03  0.56761488E-12
  0.50239677E+03  0.49193031E-12
  0.52269814E+03  0.42599235E-12
  0.54381988E+03  0.36846263E-12
  0.56579512E+03  0.31856619E-12
  0.58865836E+03  0.27522555E-12
  0.61244548E+03  0.23750088E-12
  0.63719382E+03  0.20485858E-12
  0.66294222E+03  0.17658234E-12
  0.68973108E+03  0.15208589E-12
  0.71760246E+03  0.13096020E-12
  0.74660009E+03  0.11267738E-12
  0.77676949E+03  0.96888445E-13
  0.80815800E+03  0.83278759E-13
  0.84081490E+03  0.71516062E-13
  0.87479142E+03  0.61398233E-13
  0.91014091E+03  0.52684175E-13
  0.94691884E+03  0.45183484E-13
  0.98518293E+03  0.38709411E-13
  0.10249932E+04  0.33107000E-13
  0.10664122E+04  0.28300324E-13
  0.11095049E+04  0.24196912E-13
  0.11543390E+04  0.20694849E-13
  0.12009847E+04  0.17679616E-13
  0.12495154E+04  0.15087054E-13
  0.13000071E+04  0.12857781E-13
  0.13525391E+04  0.10949026E-13
  0.14071939E+04  0.93169182E-14
  0.14640573E+04  0.79239339E-14
  0.15232185E+04  0.67316547E-14
  0.15847703E+04  0.57127399E-14
  0.16488093E+04  0.48418433E-14
  0.17154361E+04  0.41000405E-14
  0.17847553E+04  0.34692958E-14
  0.18568755E+04  0.29330409E-14
  0.19319101E+04  0.24779419E-14
  0.20099768E+04  0.20919634E-14
  0.20911980E+04  0.17640279E-14
  0.21757013E+04  0.14862636E-14
  0.22636193E+04  0.12536245E-14
  0.23550900E+04  0.10563342E-14
  0.24502570E+04  0.88768951E-15
  0.25492695E+04  0.74631347E-15
  0.26522831E+04  0.62596636E-15
  0.27594593E+04  0.52425094E-15
  0.28709664E+04  0.44113538E-15
  0.29869795E+04  0.36999135E-15
  0.31076805E+04  0.30944630E-15
  0.32332589E+04  0.25937871E-15
  0.33639118E+04  0.21762543E-15
  0.34998442E+04  0.18178961E-15
  0.36412696E+04  0.15149763E-15
  0.37884098E+04  0.12668301E-15
  0.39414959E+04  0.10582957E-15
  0.41007680E+04  0.87971116E-16
  0.42664761E+04  0.73391520E-16
  0.44388803E+04  0.61138180E-16
  0.46182512E+04  0.50931382E-16
  0.48048704E+04  0.42577976E-16
  0.49990306E+04  0.35229051E-16
  0.52010367E+04  0.29270151E-16
  0.54112056E+04  0.24282286E-16
  0.56298673E+04  0.20171731E-16
  0.58573648E+04  0.16756654E-16
  0.60940554E+04  0.13831006E-16
  0.63403103E+04  0.11454048E-16
  0.65965162E+04  0.94842071E-17
  0.68630752E+04  0.78458023E-17
  0.71404055E+04  0.64928732E-17
  0.74289425E+04  0.53708120E-17
  0.77291390E+04  0.44295296E-17
  0.80414661E+04  0.36547255E-17
  0.83664141E+04  0.30075090E-17
  0.87044929E+04  0.24732216E-17
  0.90562332E+04  0.20377632E-17
  0.94221869E+04  0.16790912E-17
  0.98029285E+04  0.13823950E-17
  0.10199056E+05  0.11397993E-17
  0.10611190E+05  0.93222760E-18
  0.11039978E+05  0.76970504E-18
  0.11486093E+05  0.63029088E-18
  0.11950235E+05  0.51613365E-18
  0.12433132E+05  0.42342852E-18
  0.12935543E+05  0.34836754E-18
  0.13458256E+05  0.28559284E-18
  0.14002092E+05  0.23416152E-18
  0.14567903E+05  0.19163338E-18
  0.15156578E+05  0.15660954E-18
  0.15769041E+05  0.12755419E-18
  0.16406253E+05  0.10640974E-18
  0.17069214E+05  0.85630753E-19
  0.17758964E+05  0.70419370E-19
  0.18476587E+05  0.57748402E-19
  0.19223208E+05  0.47247129E-19
  0.20000000E+05  0.38653952E-19
