# Format: omega [eV], pDOS [1/eV] Si: x,y,z,x+y,x+z,y+z. Redundant atoms removed
-6.265436054029786817e-03 0.000000000000000000e+00 0.000000000000000000e+00 0.000000000000000000e+00 0.000000000000000000e+00 0.000000000000000000e+00 0.000000000000000000e+00
-5.890380379914268195e-03 0.000000000000000000e+00 0.000000000000000000e+00 0.000000000000000000e+00 0.000000000000000000e+00 0.000000000000000000e+00 0.000000000000000000e+00
-5.515324705385184559e-03 0.000000000000000000e+00 0.000000000000000000e+00 0.000000000000000000e+00 0.000000000000000000e+00 0.000000000000000000e+00 0.000000000000000000e+00
-5.140269030856100055e-03 0.000000000000000000e+00 0.000000000000000000e+00 0.000000000000000000e+00 0.000000000000000000e+00 0.000000000000000000e+00 0.000000000000000000e+00
-4.765213356740582301e-03 0.000000000000000000e+00 0.000000000000000000e+00 0.000000000000000000e+00 0.000000000000000000e+00 0.000000000000000000e+00 0.000000000000000000e+00
-4.390157682211498665e-03 0.000000000000000000e+00 0.000000000000000000e+00 0.000000000000000000e+00 0.000000000000000000e+00 0.000000000000000000e+00 0.000000000000000000e+00
-4.015102007682414161e-03 0.000000000000000000e+00 0.000000000000000000e+00 0.000000000000000000e+00 0.000000000000000000e+00 0.000000000000000000e+00 0.000000000000000000e+00
-3.640046333566896407e-03 0.000000000000000000e+00 0.000000000000000000e+00 0.000000000000000000e+00 0.000000000000000000e+00 0.000000000000000000e+00 0.000000000000000000e+00
-3.264990659037811903e-03 0.000000000000000000e+00 0.000000000000000000e+00 0.000000000000000000e+00 0.000000000000000000e+00 0.000000000000000000e+00 0.000000000000000000e+00
-2.889934984922294149e-03 0.000000000000000000e+00 0.000000000000000000e+00 0.000000000000000000e+00 0.000000000000000000e+00 0.000000000000000000e+00 0.000000000000000000e+00
-2.514879310393210079e-03 0.000000000000000000e+00 0.000000000000000000e+00 0.000000000000000000e+00 0.000000000000000000e+00 0.000000000000000000e+00 0.000000000000000000e+00
-2.139823635864126009e-03 0.000000000000000000e+00 0.000000000000000000e+00 0.000000000000000000e+00 0.000000000000000000e+00 0.000000000000000000e+00 0.000000000000000000e+00
-1.764767961748608038e-03 0.000000000000000000e+00 0.000000000000000000e+00 0.000000000000000000e+00 0.000000000000000000e+00 0.000000000000000000e+00 0.000000000000000000e+00
-1.389712287219524185e-03 0.000000000000000000e+00 0.000000000000000000e+00 0.000000000000000000e+00 0.000000000000000000e+00 0.000000000000000000e+00 0.000000000000000000e+00
-1.014656612690440114e-03 0.000000000000000000e+00 0.000000000000000000e+00 0.000000000000000000e+00 0.000000000000000000e+00 0.000000000000000000e+00 0.000000000000000000e+00
-6.396009385749220353e-04 0.000000000000000000e+00 0.000000000000000000e+00 0.000000000000000000e+00 0.000000000000000000e+00 0.000000000000000000e+00 0.000000000000000000e+00
-2.645452640458380192e-04 0.000000000000000000e+00 0.000000000000000000e+00 0.000000000000000000e+00 0.000000000000000000e+00 0.000000000000000000e+00 0.000000000000000000e+00
1.105104100696800056e-04 1.615945217933775877e-04 1.057098504229071062e-03 1.067278257883868620e-03 7.055222141085097697e-04 6.198526958212231775e-04 1.061595972589623018e-03
4.855660845987640217e-04 6.595900049810670372e-03 1.494216158968580434e-02 1.503706784406841704e-02 1.166548990971211404e-02 1.086699583621477533e-02 1.498425886073806793e-02
8.606217591278480378e-04 3.248216729615104048e-02 3.972340569582605979e-02 3.980573838274906184e-02 3.688054627314624190e-02 3.618776688605929853e-02 3.975991740133376362e-02
1.235677433243366008e-03 1.169356039906568612e-01 1.107063685119182850e-01 1.204482234999975643e-01 1.158177171237480818e-01 1.189323590430547833e-01 1.151718468152604369e-01
1.610733107772450079e-03 1.910948433865453100e-01 1.905977280530797846e-01 1.888291348901988964e-01 1.893439257579201118e-01 1.889820729943950950e-01 1.885795495761256879e-01
1.985788782301534366e-03 3.078653951243573994e-01 3.008319591068898124e-01 3.040647683803794354e-01 3.033529835624785287e-01 3.055296615292359963e-01 3.026849402513746012e-01
2.360844456417052553e-03 4.317466619596388444e-01 4.201373662244961560e-01 4.230244991125962639e-01 4.259745965577440563e-01 4.273652572987141074e-01 4.205541799857821506e-01
2.735900130946136190e-03 5.795407988084125828e-01 5.805064971491853409e-01 5.796609489174642249e-01 5.806276144557337426e-01 5.798607961002596456e-01 5.802484972168892030e-01
3.110955805061654377e-03 7.512203614417045650e-01 7.545699356330065610e-01 7.518629432787027334e-01 7.529336067278257216e-01 7.517119395695003314e-01 7.536986357679306137e-01
3.486011479590738014e-03 9.514156869762020463e-01 9.638149896268067840e-01 9.401356978088140082e-01 9.568437685883268706e-01 9.475207101164022649e-01 9.546342784464872944e-01
3.861067154119822084e-03 1.165714686410391332e+00 1.162740288128134347e+00 1.163778937340110176e+00 1.163689060512711260e+00 1.164781340825889799e+00 1.163113698901746984e+00
4.236122828235339838e-03 1.409138517189517437e+00 1.404296895779633791e+00 1.406328590841606774e+00 1.406643413626845529e+00 1.406588452629084385e+00 1.403643844029731635e+00
4.611178502764424342e-03 1.673984128289075946e+00 1.669808712515052029e+00 1.670896374460182798e+00 1.673047324973522931e+00 1.671211535764545397e+00 1.668890503571376804e+00
4.986234177293507978e-03 1.954763254232698033e+00 1.956022980612526219e+00 1.957149257917720320e+00 1.955469912903865293e+00 1.956071896625931394e+00 1.956674097967434633e+00
5.361289851409026599e-03 2.260637310610640327e+00 2.276598656562676570e+00 2.287507096811633112e+00 2.268287528471875980e+00 2.275391739166178873e+00 2.282930511695835829e+00
5.736345525938110236e-03 2.601992330123849673e+00 2.602859543579501000e+00 2.602872141326898259e+00 2.602623087971448257e+00 2.602394877722056687e+00 2.602862783691115567e+00
6.111401200053627990e-03 2.977882804679301554e+00 2.962699544933577567e+00 2.963989979833931976e+00 2.970511599115980950e+00 2.970530967245856857e+00 2.962937789856999515e+00
6.486456874582712494e-03 3.368608807300406571e+00 3.359911453069159393e+00 3.360547143623992206e+00 3.363548405816725317e+00 3.364584516135272096e+00 3.360066519007848473e+00
6.861512549111796130e-03 3.775576304628523339e+00 3.778877905823979866e+00 3.777961897254609624e+00 3.777210312259712044e+00 3.777453755869679686e+00 3.778251113486117863e+00
7.236568223227314751e-03 4.220986251287581759e+00 4.232424377245711966e+00 4.229562995990965746e+00 4.227069536664038729e+00 4.227657423482588328e+00 4.230303554934399912e+00
7.611623897756398388e-03 4.726901800438140455e+00 4.730138841200678179e+00 4.728898023531914241e+00 4.727301083744794852e+00 4.727926207666974356e+00 4.729828926942737155e+00
7.986679572285482892e-03 5.222268658448711243e+00 5.227216212164442766e+00 5.233771610819070830e+00 5.223923170666833649e+00 5.225312380611558893e+00 5.230766745815661700e+00
8.361735246401000646e-03 5.797635588999095368e+00 5.794892447638344990e+00 5.792513190155863967e+00 5.796273629843844866e+00 5.794962835436181514e+00 5.793479879874070981e+00
8.736790920930083415e-03 6.408037411199178912e+00 6.411442284907366229e+00 6.405686734402730842e+00 6.414415643452314519e+00 6.404119995357452133e+00 6.412886504209726724e+00
9.111846595045602903e-03 7.029775054042159965e+00 7.031426205248981098e+00 7.030656654560577756e+00 7.030512687213164469e+00 7.030229685225573455e+00 7.031086573847946219e+00
9.486902269574687407e-03 7.762394103964059155e+00 7.748512280990216716e+00 7.754940880053002417e+00 7.752884182935734003e+00 7.761697963565668879e+00 7.747123530464302910e+00
9.861957944103770177e-03 8.513311611689548641e+00 8.510460724527643350e+00 8.515177674180179679e+00 8.512141592877558338e+00 8.514367718816343356e+00 8.512830769453968216e+00
1.023701361821928967e-02 9.324482428439475612e+00 9.322395458040555027e+00 9.316522102880798073e+00 9.324153919809655022e+00 9.320841872881233670e+00 9.321521014783613168e+00
1.061206929274837243e-02 1.023291017636846334e+01 1.023516577765096613e+01 1.023769175899372819e+01 1.023484587707886995e+01 1.023521476620418547e+01 1.023667378362824643e+01
1.098712496727745694e-02 1.124763870821102252e+01 1.124588196321747802e+01 1.124803789479792648e+01 1.124133681202033053e+01 1.124754878302374905e+01 1.124519805786742666e+01
1.136218064139297469e-02 1.233546130484614167e+01 1.233235872871560801e+01 1.233240580705377099e+01 1.233393588931391882e+01 1.233388680404095084e+01 1.233262758543980908e+01
1.173723631592205746e-02 1.358519984718279439e+01 1.359840267333388120e+01 1.359317032831519079e+01 1.359557098504228989e+01 1.358677915979553319e+01 1.359915082477766468e+01
1.211229199003757695e-02 1.503892604807938582e+01 1.505104904658506548e+01 1.505764015900726882e+01 1.504499555089151386e+01 1.505143101705652775e+01 1.505221314131238941e+01
1.248734766456665972e-02 1.668196795674692723e+01 1.668360002998311842e+01 1.667831395714348020e+01 1.668484353162493861e+01 1.667964994704593451e+01 1.668047665910640731e+01
1.286240333909574596e-02 1.873537075098049698e+01 1.873500355445080245e+01 1.873477181393054636e+01 1.873581989331811570e+01 1.873448639394921145e+01 1.873510206351586049e+01
1.323745901321126198e-02 2.141412998167160353e+01 2.142067326617758738e+01 2.142594715232876723e+01 2.141601703234791998e+01 2.141832433033663108e+01 2.142430586653641811e+01
1.361251468774034648e-02 2.571204334979180928e+01 2.563710977207990993e+01 2.565114726549087720e+01 2.568408370127137985e+01 2.567623595750134058e+01 2.562187450128879007e+01
1.398757036226943098e-02 3.112219993906655446e+01 3.112879816039035674e+01 3.113112973503624659e+01 3.112654952292983523e+01 3.112641537263701608e+01 3.112837460042652893e+01
1.436262603638494874e-02 3.054663420107068816e+01 3.054780356702436706e+01 3.054676885914219397e+01 3.054695714831489539e+01 3.054669697218823643e+01 3.054604643515182261e+01
1.473768171091403324e-02 2.972639348979364726e+01 2.972609085369686710e+01 2.972660714372070956e+01 2.972633816609682356e+01 2.972649521479038270e+01 2.972670512082714467e+01
1.511273738502955100e-02 2.928003692276444170e+01 2.927361311132926858e+01 2.927493174003665644e+01 2.927657285656944453e+01 2.927717994225830722e+01 2.927335090408785945e+01
1.548779305955863377e-02 2.885578807252046829e+01 2.885439617860268768e+01 2.885446182713279129e+01 2.885498181668705797e+01 2.885505237374445642e+01 2.885403227054448294e+01
1.586284873408772000e-02 2.857526612439126623e+01 2.857922875671597396e+01 2.858321382802261112e+01 2.857795041178433593e+01 2.857915089731747571e+01 2.858540307955682636e+01
1.623790440820323602e-02 2.823800034335510745e+01 2.823761622086922074e+01 2.823833554982759608e+01 2.823789059061915196e+01 2.823808521493546309e+01 2.823843650106633518e+01
1.661296008273232053e-02 2.794063556965514294e+01 2.794510187007635693e+01 2.793252138715464739e+01 2.794552192394926138e+01 2.793674073787496681e+01 2.793519646199155559e+01
1.698801575726140503e-02 2.762944695647127702e+01 2.762820928219437633e+01 2.764191802517614960e+01 2.762551982029470565e+01 2.763503339249357893e+01 2.763700811962298687e+01
1.736307143137692452e-02 2.742910055468776420e+01 2.743538852323450072e+01 2.743949874989723270e+01 2.743187399351010569e+01 2.743271811512551750e+01 2.743556007989051437e+01
1.773812710590600555e-02 2.708907023304623252e+01 2.709823948293621498e+01 2.709749592568054055e+01 2.709434416755729202e+01 2.709322526513301099e+01 2.709516800220520949e+01
1.811318278002152504e-02 2.682365827945237058e+01 2.678868869781365092e+01 2.665047738450452641e+01 2.678877414971249848e+01 2.673470278020920432e+01 2.676095310059337251e+01
1.848823845455060955e-02 2.207732042769472969e+01 2.207732042769472969e+01 2.207732042769472969e+01 2.207732042769472969e+01 2.207732042769472969e+01 2.207732042769472969e+01
1.886329412907969405e-02 1.993803511410512641e+01 1.993803511410512641e+01 1.993803511410512641e+01 1.993803511410512641e+01 1.993803511410512641e+01 1.993803511410512641e+01
1.923834980319521007e-02 1.851384838212038630e+01 1.851384838212038630e+01 1.851384838212038630e+01 1.851384838212038630e+01 1.851384838212038630e+01 1.851384838212038630e+01
1.961340547772429457e-02 1.729864244159335840e+01 1.729864244159335840e+01 1.729864244159335840e+01 1.729864244159335840e+01 1.729864244159335840e+01 1.729864244159335840e+01
1.998846115225337908e-02 1.651137424256345909e+01 1.651137424256345909e+01 1.651137424256345909e+01 1.651137424256345909e+01 1.651137424256345909e+01 1.651137424256345909e+01
2.036351682636889510e-02 1.564137956214969272e+01 1.564137956214969272e+01 1.564137956214969272e+01 1.564137956214969272e+01 1.564137956214969272e+01 1.564137956214969272e+01
2.073857250089797960e-02 1.507234228635816287e+01 1.507234228635816287e+01 1.507234228635816287e+01 1.507234228635816287e+01 1.507234228635816287e+01 1.507234228635816287e+01
2.111362817501349909e-02 1.466340081147869867e+01 1.466340081147869867e+01 1.466340081147869867e+01 1.466340081147869867e+01 1.466340081147869867e+01 1.466340081147869867e+01
2.148868384954258359e-02 1.407299030868107970e+01 1.407299030868107970e+01 1.407299030868107970e+01 1.407299030868107970e+01 1.407299030868107970e+01 1.407299030868107970e+01
2.186373952407166463e-02 1.377823278509355021e+01 1.377823278509355021e+01 1.377823278509355021e+01 1.377823278509355021e+01 1.377823278509355021e+01 1.377823278509355021e+01
2.223879519818718412e-02 1.348670553188608245e+01 1.348670553188608245e+01 1.348670553188608245e+01 1.348670553188608245e+01 1.348670553188608245e+01 1.348670553188608245e+01
2.261385087271627209e-02 1.321376960388426447e+01 1.321376960388426447e+01 1.321376960388426447e+01 1.321376960388426447e+01 1.321376960388426447e+01 1.321376960388426447e+01
2.298890654724535312e-02 1.314543734252815632e+01 1.314543734252815632e+01 1.314543734252815632e+01 1.314543734252815632e+01 1.314543734252815632e+01 1.314543734252815632e+01
2.336396222136087261e-02 1.306583058085045579e+01 1.306583058085045579e+01 1.306583058085045579e+01 1.306583058085045579e+01 1.306583058085045579e+01 1.306583058085045579e+01
2.373901789588995712e-02 1.307158576865603017e+01 1.307158576865603017e+01 1.307158576865603017e+01 1.307158576865603017e+01 1.307158576865603017e+01 1.307158576865603017e+01
2.411407357000547313e-02 1.337501808659319025e+01 1.337501808659319025e+01 1.337501808659319025e+01 1.337501808659319025e+01 1.337501808659319025e+01 1.337501808659319025e+01
2.448912924453455764e-02 1.390805218514094399e+01 1.390805218514094399e+01 1.390805218514094399e+01 1.390805218514094399e+01 1.390805218514094399e+01 1.390805218514094399e+01
2.486418491906364214e-02 1.425593987416760555e+01 1.425593987416760555e+01 1.425593987416760555e+01 1.425593987416760555e+01 1.425593987416760555e+01 1.425593987416760555e+01
2.523924059317916163e-02 1.460246270244652678e+01 1.460246270244652678e+01 1.460246270244652678e+01 1.460246270244652678e+01 1.460246270244652678e+01 1.460246270244652678e+01
2.561429626770824267e-02 1.502000082211787202e+01 1.502000082211787202e+01 1.502000082211787202e+01 1.502000082211787202e+01 1.502000082211787202e+01 1.502000082211787202e+01
2.598935194223732717e-02 1.535760367148169614e+01 1.535760367148169614e+01 1.535760367148169614e+01 1.535760367148169614e+01 1.535760367148169614e+01 1.535760367148169614e+01
2.636440761635284666e-02 1.499959331763249359e+01 1.499959331763249359e+01 1.499959331763249359e+01 1.499959331763249359e+01 1.499959331763249359e+01 1.499959331763249359e+01
2.673946329088192769e-02 1.117317168239168446e+01 1.117317168239168446e+01 1.117317168239168446e+01 1.117317168239168446e+01 1.117317168239168446e+01 1.117317168239168446e+01
2.711451896499744718e-02 9.333350251229550310e+00 9.333350251229550310e+00 9.333350251229550310e+00 9.333350251229550310e+00 9.333350251229550310e+00 9.333350251229550310e+00
2.748957463952653169e-02 7.814385563610160901e+00 7.814385563610160901e+00 7.814385563610160901e+00 7.814385563610160901e+00 7.814385563610160901e+00 7.814385563610160901e+00
2.786463031405561272e-02 6.294018947398963171e+00 6.294018947398963171e+00 6.294018947398963171e+00 6.294018947398963171e+00 6.294018947398963171e+00 6.294018947398963171e+00
2.823968598817113221e-02 4.374746086477127704e+00 4.374746086477127704e+00 4.374746086477127704e+00 4.374746086477127704e+00 4.374746086477127704e+00 4.374746086477127704e+00
2.861474166270021671e-02 2.686229501458050173e+00 2.686229501458050173e+00 2.686229501458050173e+00 2.686229501458050173e+00 2.686229501458050173e+00 2.686229501458050173e+00
2.898979733722930122e-02 2.800436012631598803e+00 2.800436012631598803e+00 2.800436012631598803e+00 2.800436012631598803e+00 2.800436012631598803e+00 2.800436012631598803e+00
2.936485301134481724e-02 2.911201041671704015e+00 2.911201041671704015e+00 2.911201041671704015e+00 2.911201041671704015e+00 2.911201041671704015e+00 2.911201041671704015e+00
2.973990868587390174e-02 3.019178244826702162e+00 3.019178244826702162e+00 3.019178244826702162e+00 3.019178244826702162e+00 3.019178244826702162e+00 3.019178244826702162e+00
3.011496435998942123e-02 3.129633262889115475e+00 3.129633262889115475e+00 3.129633262889115475e+00 3.129633262889115475e+00 3.129633262889115475e+00 3.129633262889115475e+00
3.049002003451850226e-02 3.261304362544309665e+00 3.261304362544309665e+00 3.261304362544309665e+00 3.261304362544309665e+00 3.261304362544309665e+00 3.261304362544309665e+00
3.086507570904759024e-02 3.389400555171363294e+00 3.389400555171363294e+00 3.389400555171363294e+00 3.389400555171363294e+00 3.389400555171363294e+00 3.389400555171363294e+00
3.124013138316310972e-02 3.514873031148594951e+00 3.514873031148594951e+00 3.514873031148594951e+00 3.514873031148594951e+00 3.514873031148594951e+00 3.514873031148594951e+00
3.161518705769219423e-02 3.650735698776011340e+00 3.650735698776011340e+00 3.650735698776011340e+00 3.650735698776011340e+00 3.650735698776011340e+00 3.650735698776011340e+00
3.199024273180770678e-02 3.802282731172291541e+00 3.802282731172291541e+00 3.802282731172291541e+00 3.802282731172291541e+00 3.802282731172291541e+00 3.802282731172291541e+00
3.236529840633679128e-02 3.949902361412688023e+00 3.949902361412688023e+00 3.949902361412688023e+00 3.949902361412688023e+00 3.949902361412688023e+00 3.949902361412688023e+00
3.274035408086587579e-02 4.094699951156526296e+00 4.094699951156526296e+00 4.094699951156526296e+00 4.094699951156526296e+00 4.094699951156526296e+00 4.094699951156526296e+00
3.311540975498139527e-02 4.267696764240773710e+00 4.267696764240773710e+00 4.267696764240773710e+00 4.267696764240773710e+00 4.267696764240773710e+00 4.267696764240773710e+00
3.349046542951047978e-02 4.441507111319595857e+00 4.441507111319595857e+00 4.441507111319595857e+00 4.441507111319595857e+00 4.441507111319595857e+00 4.441507111319595857e+00
3.386552110403956428e-02 4.611542680007543638e+00 4.611542680007543638e+00 4.611542680007543638e+00 4.611542680007543638e+00 4.611542680007543638e+00 4.611542680007543638e+00
3.424057677815508377e-02 4.799279582944438793e+00 4.799279582944438793e+00 4.799279582944438793e+00 4.799279582944438793e+00 4.799279582944438793e+00 4.799279582944438793e+00
3.461563245268416827e-02 5.003271569713176881e+00 5.003271569713176881e+00 5.003271569713176881e+00 5.003271569713176881e+00 5.003271569713176881e+00 5.003271569713176881e+00
3.499068812679968082e-02 5.202032492999907554e+00 5.202032492999907554e+00 5.202032492999907554e+00 5.202032492999907554e+00 5.202032492999907554e+00 5.202032492999907554e+00
3.536574380132877227e-02 5.415578093943892668e+00 5.415578093943892668e+00 5.415578093943892668e+00 5.415578093943892668e+00 5.415578093943892668e+00 5.415578093943892668e+00
3.574079947585784983e-02 5.653297563145906146e+00 5.653297563145906146e+00 5.653297563145906146e+00 5.653297563145906146e+00 5.653297563145906146e+00 5.653297563145906146e+00
3.611585514997336932e-02 5.887538337290782131e+00 5.887538337290782131e+00 5.887538337290782131e+00 5.887538337290782131e+00 5.887538337290782131e+00 5.887538337290782131e+00
3.649091082450245382e-02 6.133070005754825083e+00 6.133070005754825083e+00 6.133070005754825083e+00 6.133070005754825083e+00 6.133070005754825083e+00 6.133070005754825083e+00
3.686596649903153833e-02 6.414901805274127788e+00 6.414901805274127788e+00 6.414901805274127788e+00 6.414901805274127788e+00 6.414901805274127788e+00 6.414901805274127788e+00
3.724102217314705782e-02 6.691187573446559789e+00 6.691187573446559789e+00 6.691187573446559789e+00 6.691187573446559789e+00 6.691187573446559789e+00 6.691187573446559789e+00
3.761607784767614232e-02 6.992593395008293022e+00 6.992593395008293022e+00 6.992593395008293022e+00 6.992593395008293022e+00 6.992593395008293022e+00 6.992593395008293022e+00
3.799113352179165487e-02 7.325049593051653041e+00 7.325049593051653041e+00 7.325049593051653041e+00 7.325049593051653041e+00 7.325049593051653041e+00 7.325049593051653041e+00
3.836618919632074631e-02 7.655980544822349465e+00 7.655980544822349465e+00 7.655980544822349465e+00 7.655980544822349465e+00 7.655980544822349465e+00 7.655980544822349465e+00
3.874124487084982388e-02 8.037573639999420649e+00 8.037573639999420649e+00 8.037573639999420649e+00 8.037573639999420649e+00 8.037573639999420649e+00 8.037573639999420649e+00
3.911630054496534337e-02 8.439781969504261738e+00 8.439781969504261738e+00 8.439781969504261738e+00 8.439781969504261738e+00 8.439781969504261738e+00 8.439781969504261738e+00
3.949135621949442787e-02 8.852299487868924288e+00 8.852299487868924288e+00 8.852299487868924288e+00 8.852299487868924288e+00 8.852299487868924288e+00 8.852299487868924288e+00
3.986641189402351237e-02 9.352702591605693172e+00 9.352702591605693172e+00 9.352702591605693172e+00 9.352702591605693172e+00 9.352702591605693172e+00 9.352702591605693172e+00
4.024146756813902492e-02 9.863020388523233706e+00 9.863020388523233706e+00 9.863020388523233706e+00 9.863020388523233706e+00 9.863020388523233706e+00 9.863020388523233706e+00
4.061652324266811637e-02 1.045760884598830565e+01 1.045760884598830565e+01 1.045760884598830565e+01 1.045760884598830565e+01 1.045760884598830565e+01 1.045760884598830565e+01
4.099157891678362892e-02 1.112587299246069428e+01 1.112587299246069428e+01 1.112587299246069428e+01 1.112587299246069428e+01 1.112587299246069428e+01 1.112587299246069428e+01
4.136663459131271342e-02 1.188384398137177556e+01 1.188384398137177556e+01 1.188384398137177556e+01 1.188384398137177556e+01 1.188384398137177556e+01 1.188384398137177556e+01
4.174169026584180486e-02 1.282795157242133044e+01 1.282795157242133044e+01 1.282795157242133044e+01 1.282795157242133044e+01 1.282795157242133044e+01 1.282795157242133044e+01
4.211674593995731741e-02 1.396277854078913627e+01 1.396277854078913627e+01 1.396277854078913627e+01 1.396277854078913627e+01 1.396277854078913627e+01 1.396277854078913627e+01
4.249180161448640192e-02 1.558744950020069275e+01 1.558744950020069275e+01 1.558744950020069275e+01 1.558744950020069275e+01 1.558744950020069275e+01 1.558744950020069275e+01
4.286685728901548642e-02 1.813827514834391508e+01 1.813827514834391508e+01 1.813827514834391508e+01 1.813827514834391508e+01 1.813827514834391508e+01 1.813827514834391508e+01
4.324191296313100591e-02 2.618541250973242285e+01 2.618541250973242285e+01 2.618541250973242285e+01 2.618541250973242285e+01 2.618541250973242285e+01 2.618541250973242285e+01
4.361696863766009041e-02 1.996260845910930826e+01 1.996260845910930826e+01 1.996260845910930826e+01 1.996260845910930826e+01 1.996260845910930826e+01 1.996260845910930826e+01
4.399202431177560990e-02 1.539916733967492490e+01 1.539916733967492490e+01 1.539916733967492490e+01 1.539916733967492490e+01 1.539916733967492490e+01 1.539916733967492490e+01
4.436707998630468747e-02 1.271391552980660933e+01 1.271391552980660933e+01 1.271391552980660933e+01 1.271391552980660933e+01 1.271391552980660933e+01 1.271391552980660933e+01
4.474213566083377891e-02 1.071232915665214236e+01 1.071232915665214236e+01 1.071232915665214236e+01 1.071232915665214236e+01 1.071232915665214236e+01 1.071232915665214236e+01
4.511719133494929146e-02 9.113474173408839363e+00 9.113474173408839363e+00 9.113474173408839363e+00 9.113474173408839363e+00 9.113474173408839363e+00 9.113474173408839363e+00
4.549224700947837596e-02 7.205580632837321531e+00 7.205580632837321531e+00 7.205580632837321531e+00 7.205580632837321531e+00 7.205580632837321531e+00 7.205580632837321531e+00
4.586730268400746047e-02 4.885255775378053222e+00 4.885255775378053222e+00 4.885255775378053222e+00 4.885255775378053222e+00 4.885255775378053222e+00 4.885255775378053222e+00
4.624235835812297996e-02 3.523306582262565101e+00 3.523306582262565101e+00 3.523306582262565101e+00 3.523306582262565101e+00 3.523306582262565101e+00 3.523306582262565101e+00
4.661741403265205752e-02 3.821643824685781343e+00 3.821643824685781343e+00 3.821643824685781343e+00 3.821643824685781343e+00 3.821643824685781343e+00 3.821643824685781343e+00
4.699246970676758395e-02 4.447314793769313823e+00 4.447314793769313823e+00 4.447314793769313823e+00 4.447314793769313823e+00 4.447314793769313823e+00 4.447314793769313823e+00
4.736752538129666151e-02 5.967047750540420914e+00 5.967047750540420914e+00 5.967047750540420914e+00 5.967047750540420914e+00 5.967047750540420914e+00 5.967047750540420914e+00
4.774258105582574602e-02 8.483290986202927542e+00 8.483290986202927542e+00 8.483290986202927542e+00 8.483290986202927542e+00 8.483290986202927542e+00 8.483290986202927542e+00
4.811763672994126551e-02 1.441164496114284077e+01 1.441164496114284077e+01 1.441164496114284077e+01 1.441164496114284077e+01 1.441164496114284077e+01 1.441164496114284077e+01
4.849269240447035001e-02 1.724027715044273279e+01 1.724027715044273279e+01 1.724027715044273279e+01 1.724027715044273279e+01 1.724027715044273279e+01 1.724027715044273279e+01
4.886774807899942757e-02 1.874798375591803890e+01 1.874798375591803890e+01 1.874798375591803890e+01 1.874798375591803890e+01 1.874798375591803890e+01 1.874798375591803890e+01
4.924280375311495400e-02 2.065320009381815680e+01 2.065320009381815680e+01 2.065320009381815680e+01 2.065320009381815680e+01 2.065320009381815680e+01 2.065320009381815680e+01
4.961785942764403851e-02 2.236765993819607701e+01 2.236765993819607701e+01 2.236765993819607701e+01 2.236765993819607701e+01 2.236765993819607701e+01 2.236765993819607701e+01
4.999291510175955799e-02 1.866630230724962658e+01 1.866630230724962658e+01 1.866630230724962658e+01 1.866630230724962658e+01 1.866630230724962658e+01 1.866630230724962658e+01
5.036797077628864250e-02 1.636126550538487123e+01 1.636126550538487123e+01 1.636126550538487123e+01 1.636126550538487123e+01 1.636126550538487123e+01 1.636126550538487123e+01
5.074302645081772006e-02 1.512830331797101380e+01 1.512830331797101380e+01 1.512830331797101380e+01 1.512830331797101380e+01 1.512830331797101380e+01 1.512830331797101380e+01
5.111808212493324649e-02 1.422715240130958492e+01 1.422715240130958492e+01 1.422715240130958492e+01 1.422715240130958492e+01 1.422715240130958492e+01 1.422715240130958492e+01
5.149313779946232406e-02 1.362225424720600664e+01 1.362225424720600664e+01 1.362225424720600664e+01 1.362225424720600664e+01 1.362225424720600664e+01 1.362225424720600664e+01
5.186819347399140856e-02 1.305973619688272080e+01 1.305973619688272080e+01 1.305973619688272080e+01 1.305973619688272080e+01 1.305973619688272080e+01 1.305973619688272080e+01
5.224324914810692805e-02 1.264320942727400165e+01 1.264320942727400165e+01 1.264320942727400165e+01 1.264320942727400165e+01 1.264320942727400165e+01 1.264320942727400165e+01
5.261830482263601255e-02 1.225744347939627410e+01 1.225744347939627410e+01 1.225744347939627410e+01 1.225744347939627410e+01 1.225744347939627410e+01 1.225744347939627410e+01
5.299336049675152510e-02 1.191263737831446434e+01 1.191263737831446434e+01 1.191263737831446434e+01 1.191263737831446434e+01 1.191263737831446434e+01 1.191263737831446434e+01
5.336841617128061654e-02 1.161801680989249519e+01 1.161801680989249519e+01 1.161801680989249519e+01 1.161801680989249519e+01 1.161801680989249519e+01 1.161801680989249519e+01
5.374347184580969411e-02 1.132957912400922673e+01 1.132957912400922673e+01 1.132957912400922673e+01 1.132957912400922673e+01 1.132957912400922673e+01 1.132957912400922673e+01
5.411852751992521360e-02 1.108209536083720614e+01 1.108209536083720614e+01 1.108209536083720614e+01 1.108209536083720614e+01 1.108209536083720614e+01 1.108209536083720614e+01
5.449358319445429810e-02 1.084471143662680070e+01 1.084471143662680070e+01 1.084471143662680070e+01 1.084471143662680070e+01 1.084471143662680070e+01 1.084471143662680070e+01
5.486863886898338261e-02 1.061904515845112940e+01 1.061904515845112940e+01 1.061904515845112940e+01 1.061904515845112940e+01 1.061904515845112940e+01 1.061904515845112940e+01
5.524369454309889516e-02 1.040917130518466216e+01 1.040917130518466216e+01 1.040917130518466216e+01 1.040917130518466216e+01 1.040917130518466216e+01 1.040917130518466216e+01
5.561875021762798660e-02 1.536567009860578281e+01 1.531548524298419167e+01 1.534371602114293509e+01 1.534119453726853699e+01 1.535107639409429225e+01 1.533886467939820797e+01
5.599380589174349915e-02 2.530657904663342705e+01 2.527922288099118475e+01 2.528481630501540067e+01 2.529290096381230413e+01 2.529592065111735266e+01 2.527636423206936556e+01
5.636886156627259059e-02 3.517595351165230966e+01 3.517790754075528525e+01 3.517375601475942659e+01 3.517701793667757926e+01 3.517409042329398261e+01 3.517711596214388692e+01
5.674391724080167509e-02 4.950302805356339064e+01 4.948688347204557658e+01 4.951925832877944345e+01 4.949478491945662739e+01 4.951127399254290395e+01 4.949993473834889812e+01
5.711897291491718764e-02 7.927696701372937582e+01 7.925256865893230440e+01 7.926587971448330450e+01 7.926476784842080292e+01 7.927196742478830060e+01 7.925572484198410450e+01
5.749402858944627909e-02 8.334167438812669104e+01 8.336920701895223829e+01 8.334922600020310313e+01 8.335544070353945756e+01 8.334477568272052395e+01 8.336479867784102282e+01
5.786908426397535665e-02 8.891169789102585241e+01 8.892264148890383524e+01 8.892285393383401981e+01 8.891781084518552802e+01 8.891722399810427646e+01 8.892399406624335256e+01
5.824413993809087614e-02 9.499871829405705626e+01 9.499712882587060392e+01 9.499740544435469758e+01 9.499746848145156264e+01 9.499801378740031055e+01 9.499765386903177955e+01
5.861919561261996064e-02 1.009865466455172793e+02 1.009792821460177947e+02 1.009778748978397687e+02 1.009829099345690793e+02 1.009822976501936864e+02 1.009769285434489205e+02
5.899425128673548013e-02 1.053695859185716444e+02 1.053659584443595492e+02 1.053631060338615839e+02 1.053674028571013963e+02 1.053663483942103483e+02 1.053642358414376332e+02
5.936930696126455770e-02 8.620147478274324726e+01 8.648361429614620022e+01 8.645641571115612578e+01 8.635907637475034448e+01 8.634311471445911934e+01 8.646417589937276205e+01
5.974436263579364914e-02 6.254137767611457122e+01 6.258521036545556626e+01 6.258233612047411754e+01 6.254611694384934850e+01 6.257791392425875188e+01 6.260367871149949082e+01
6.011941830990916169e-02 5.042299645038518463e+01 5.040770711325399134e+01 5.042181044863455242e+01 5.042056402122030789e+01 5.042727160840107103e+01 5.040044749810187596e+01
6.049447398443824619e-02 4.186753033373149435e+01 4.187804589835720748e+01 4.187172492419589531e+01 4.187269444296677534e+01 4.186623665871952227e+01 4.187356402605629313e+01
6.086952965896733070e-02 3.515129321559315656e+01 3.515851851941407347e+01 3.515403430165923027e+01 3.513164612177983059e+01 3.514784356064085813e+01 3.512978883660648677e+01
6.124458533308285019e-02 2.929273637097827176e+01 2.929335610277440693e+01 2.929577707064894199e+01 2.929454532045670945e+01 2.929469511516904134e+01 2.929664735495664374e+01
6.161964100761192775e-02 2.374215003167571680e+01 2.373870013492404851e+01 2.373360143241949061e+01 2.373493398877083393e+01 2.373529506777636300e+01 2.377786991677265149e+01
6.199469668172745418e-02 1.766103149195049582e+01 1.776398120251664992e+01 1.770135228718027776e+01 1.775782503880880014e+01 1.765507969707374158e+01 1.768851772147613488e+01
6.236975235625653174e-02 8.945494866599284833e+00 8.782107523345729305e+00 8.849696130726414367e+00 8.860505989370498270e+00 8.911251964619916421e+00 8.820266873969329069e+00
6.274480803078562319e-02 0.000000000000000000e+00 0.000000000000000000e+00 0.000000000000000000e+00 0.000000000000000000e+00 0.000000000000000000e+00 0.000000000000000000e+00
6.311986370490113574e-02 0.000000000000000000e+00 0.000000000000000000e+00 0.000000000000000000e+00 0.000000000000000000e+00 0.000000000000000000e+00 0.000000000000000000e+00
6.349491937943022024e-02 0.000000000000000000e+00 0.000000000000000000e+00 0.000000000000000000e+00 0.000000000000000000e+00 0.000000000000000000e+00 0.000000000000000000e+00
6.386997505395930474e-02 0.000000000000000000e+00 0.000000000000000000e+00 0.000000000000000000e+00 0.000000000000000000e+00 0.000000000000000000e+00 0.000000000000000000e+00
6.424503072807481729e-02 0.000000000000000000e+00 0.000000000000000000e+00 0.000000000000000000e+00 0.000000000000000000e+00 0.000000000000000000e+00 0.000000000000000000e+00
6.462008640260390180e-02 0.000000000000000000e+00 0.000000000000000000e+00 0.000000000000000000e+00 0.000000000000000000e+00 0.000000000000000000e+00 0.000000000000000000e+00
6.499514207671942823e-02 0.000000000000000000e+00 0.000000000000000000e+00 0.000000000000000000e+00 0.000000000000000000e+00 0.000000000000000000e+00 0.000000000000000000e+00
6.537019775124851273e-02 0.000000000000000000e+00 0.000000000000000000e+00 0.000000000000000000e+00 0.000000000000000000e+00 0.000000000000000000e+00 0.000000000000000000e+00
6.574525342577759723e-02 0.000000000000000000e+00 0.000000000000000000e+00 0.000000000000000000e+00 0.000000000000000000e+00 0.000000000000000000e+00 0.000000000000000000e+00
6.612030909989310978e-02 0.000000000000000000e+00 0.000000000000000000e+00 0.000000000000000000e+00 0.000000000000000000e+00 0.000000000000000000e+00 0.000000000000000000e+00
6.649536477442219429e-02 0.000000000000000000e+00 0.000000000000000000e+00 0.000000000000000000e+00 0.000000000000000000e+00 0.000000000000000000e+00 0.000000000000000000e+00
6.687042044895127879e-02 0.000000000000000000e+00 0.000000000000000000e+00 0.000000000000000000e+00 0.000000000000000000e+00 0.000000000000000000e+00 0.000000000000000000e+00
6.724547612306680522e-02 0.000000000000000000e+00 0.000000000000000000e+00 0.000000000000000000e+00 0.000000000000000000e+00 0.000000000000000000e+00 0.000000000000000000e+00
6.762053179759588972e-02 0.000000000000000000e+00 0.000000000000000000e+00 0.000000000000000000e+00 0.000000000000000000e+00 0.000000000000000000e+00 0.000000000000000000e+00
6.799558747171140227e-02 0.000000000000000000e+00 0.000000000000000000e+00 0.000000000000000000e+00 0.000000000000000000e+00 0.000000000000000000e+00 0.000000000000000000e+00
6.837064314624047290e-02 0.000000000000000000e+00 0.000000000000000000e+00 0.000000000000000000e+00 0.000000000000000000e+00 0.000000000000000000e+00 0.000000000000000000e+00
6.874569882076957128e-02 0.000000000000000000e+00 0.000000000000000000e+00 0.000000000000000000e+00 0.000000000000000000e+00 0.000000000000000000e+00 0.000000000000000000e+00
