  Principal QN n  Azimuthal QN l
               1               0
 Electron Energy Probability dst
  0.10000000E+01  0.11972468E-12
  0.10456357E+01  0.11968774E-12
  0.10933540E+01  0.11964926E-12
  0.11432499E+01  0.11960915E-12
  0.11954229E+01  0.11956737E-12
  0.12499768E+01  0.11952384E-12
  0.13070204E+01  0.11947851E-12
  0.13666671E+01  0.11943131E-12
  0.14290359E+01  0.11938217E-12
  0.14942509E+01  0.11933102E-12
  0.15624421E+01  0.11927779E-12
  0.16337452E+01  0.11922242E-12
  0.17083022E+01  0.11916482E-12
  0.17862617E+01  0.11910492E-12
  0.18677790E+01  0.11904265E-12
  0.19530164E+01  0.11897793E-12
  0.20421436E+01  0.11891068E-12
  0.21353382E+01  0.11884083E-12
  0.22327858E+01  0.11876830E-12
  0.23346805E+01  0.11869302E-12
  0.24412252E+01  0.11861489E-12
  0.25526322E+01  0.11853386E-12
  0.26691232E+01  0.11844984E-12
  0.27909305E+01  0.11836275E-12
  0.29182965E+01  0.11827253E-12
  0.30514749E+01  0.11817911E-12
  0.31907310E+01  0.11808241E-12
  0.33363422E+01  0.11798238E-12
  0.34885984E+01  0.11787895E-12
  0.36478030E+01  0.11777206E-12
  0.38142729E+01  0.11766168E-12
  0.39883398E+01  0.11754774E-12
  0.41703504E+01  0.11743022E-12
  0.43606672E+01  0.11730909E-12
  0.45596692E+01  0.11718432E-12
  0.47677528E+01  0.11705590E-12
  0.49853324E+01  0.11692384E-12
  0.52128414E+01  0.11678814E-12
  0.54507329E+01  0.11664884E-12
  0.56994808E+01  0.11650597E-12
  0.59595804E+01  0.11635958E-12
  0.62315499E+01  0.11620975E-12
  0.65159309E+01  0.11605657E-12
  0.68132898E+01  0.11590014E-12
  0.71242189E+01  0.11574060E-12
  0.74493374E+01  0.11557810E-12
  0.77892930E+01  0.11541281E-12
  0.81447626E+01  0.11524493E-12
  0.85164544E+01  0.11507467E-12
  0.89051085E+01  0.11490229E-12
  0.93114992E+01  0.11472805E-12
  0.97364357E+01  0.11455224E-12
  0.10180765E+02  0.11437517E-12
  0.10645371E+02  0.11419718E-12
  0.11131179E+02  0.11401863E-12
  0.11639158E+02  0.11383986E-12
  0.12170319E+02  0.11366127E-12
  0.12725720E+02  0.11348321E-12
  0.13306467E+02  0.11330605E-12
  0.13913716E+02  0.11313016E-12
  0.14548678E+02  0.11295585E-12
  0.15212617E+02  0.11278338E-12
  0.15906855E+02  0.11261296E-12
  0.16632775E+02  0.11244471E-12
  0.17391823E+02  0.11227860E-12
  0.18185510E+02  0.11211445E-12
  0.19015418E+02  0.11195189E-12
  0.19883200E+02  0.11179032E-12
  0.20790583E+02  0.11162953E-12
  0.21739375E+02  0.11146989E-12
  0.22731466E+02  0.11131174E-12
  0.23768832E+02  0.11115543E-12
  0.24853539E+02  0.11100123E-12
  0.25987747E+02  0.11084937E-12
  0.27173715E+02  0.11070002E-12
  0.28413806E+02  0.11055321E-12
  0.29710489E+02  0.11040884E-12
  0.31066348E+02  0.11026663E-12
  0.32484081E+02  0.11012608E-12
  0.33966514E+02  0.10998638E-12
  0.35516599E+02  0.10984649E-12
  0.37137423E+02  0.10970607E-12
  0.38832214E+02  0.10956533E-12
  0.40604349E+02  0.10942450E-12
  0.42457356E+02  0.10928379E-12
  0.44394926E+02  0.10914337E-12
  0.46420918E+02  0.10900340E-12
  0.48539368E+02  0.10886397E-12
  0.50754495E+02  0.10872512E-12
  0.53070711E+02  0.10858688E-12
  0.55492628E+02  0.10844915E-12
  0.58025072E+02  0.10831173E-12
  0.60673085E+02  0.10817425E-12
  0.63441942E+02  0.10803616E-12
  0.66337158E+02  0.10789664E-12
  0.69364499E+02  0.10775462E-12
  0.72529995E+02  0.10760897E-12
  0.75839950E+02  0.10745943E-12
  0.79300958E+02  0.10730598E-12
  0.82919910E+02  0.10714857E-12
  0.86704016E+02  0.10698714E-12
  0.90660813E+02  0.10682165E-12
  0.94798180E+02  0.10665201E-12
  0.99124359E+02  0.10647807E-12
  0.10364797E+03  0.10629967E-12
  0.10837801E+03  0.10611659E-12
  0.11332391E+03  0.10592855E-12
  0.11849553E+03  0.10573519E-12
  0.12390315E+03  0.10553613E-12
  0.12955756E+03  0.10533097E-12
  0.13547000E+03  0.10511924E-12
  0.14165227E+03  0.10490034E-12
  0.14811666E+03  0.10467358E-12
  0.15487607E+03  0.10443857E-12
  0.16194394E+03  0.10419519E-12
  0.16933436E+03  0.10394334E-12
  0.17706205E+03  0.10368295E-12
  0.18514240E+03  0.10341374E-12
  0.19359150E+03  0.10313475E-12
  0.20242617E+03  0.10284468E-12
  0.21166403E+03  0.10254196E-12
  0.22132346E+03  0.10222501E-12
  0.23142371E+03  0.10189342E-12
  0.24198488E+03  0.10154720E-12
  0.25302803E+03  0.10118653E-12
  0.26457513E+03  0.10081129E-12
  0.27664920E+03  0.10042092E-12
  0.28927427E+03  0.10001482E-12
  0.30247550E+03  0.99592292E-13
  0.31627917E+03  0.99152184E-13
  0.33071278E+03  0.98692916E-13
  0.34580508E+03  0.98212992E-13
  0.36158613E+03  0.97712587E-13
  0.37808736E+03  0.97192752E-13
  0.39534163E+03  0.96654962E-13
  0.41338331E+03  0.96099274E-13
  0.43224834E+03  0.95523709E-13
  0.45197428E+03  0.94926394E-13
  0.47260044E+03  0.94306585E-13
  0.49416788E+03  0.93663711E-13
  0.51671956E+03  0.92997200E-13
  0.54030041E+03  0.92306418E-13
  0.56495738E+03  0.91591062E-13
  0.59073959E+03  0.90851914E-13
  0.61769839E+03  0.90090320E-13
  0.64588748E+03  0.89305822E-13
  0.67536299E+03  0.88491869E-13
  0.70618363E+03  0.87646282E-13
  0.73841080E+03  0.86772757E-13
  0.77210867E+03  0.85874984E-13
  0.80734438E+03  0.84948587E-13
  0.84418808E+03  0.83989744E-13
  0.88271317E+03  0.83000764E-13
  0.92299639E+03  0.81984068E-13
  0.96511795E+03  0.80937413E-13
  0.10091618E+04  0.79859285E-13
  0.10552155E+04  0.78750783E-13
  0.11033710E+04  0.77612112E-13
  0.11537241E+04  0.76442079E-13
  0.12063751E+04  0.75242005E-13
  0.12614288E+04  0.74013776E-13
  0.13189950E+04  0.72756818E-13
  0.13791882E+04  0.71469549E-13
  0.14421284E+04  0.70151096E-13
  0.15079409E+04  0.68806238E-13
  0.15767568E+04  0.67437431E-13
  0.16487131E+04  0.66042348E-13
  0.17239533E+04  0.64619205E-13
  0.18026270E+04  0.63172069E-13
  0.18848911E+04  0.61705518E-13
  0.19709094E+04  0.60217581E-13
  0.20608532E+04  0.58710084E-13
  0.21549016E+04  0.57183657E-13
  0.22532420E+04  0.55640244E-13
  0.23560703E+04  0.54083890E-13
  0.24635911E+04  0.52514795E-13
  0.25760188E+04  0.50935404E-13
  0.26935771E+04  0.49347848E-13
  0.28165003E+04  0.47754012E-13
  0.29450332E+04  0.46156106E-13
  0.30794318E+04  0.44556902E-13
  0.32199637E+04  0.42957887E-13
  0.33669090E+04  0.41365145E-13
  0.35205601E+04  0.39777314E-13
  0.36812233E+04  0.38196409E-13
  0.38492184E+04  0.36627259E-13
  0.40248800E+04  0.35071769E-13
  0.42085582E+04  0.33532608E-13
  0.44006186E+04  0.32014210E-13
  0.46014438E+04  0.30515021E-13
  0.48114338E+04  0.29039966E-13
  0.50310068E+04  0.27590990E-13
  0.52606002E+04  0.26170555E-13
  0.55006712E+04  0.24781398E-13
  0.57516981E+04  0.23426505E-13
  0.60141807E+04  0.22105295E-13
  0.62886419E+04  0.20820930E-13
  0.65756283E+04  0.19575311E-13
  0.68757115E+04  0.18369889E-13
  0.71894893E+04  0.17206116E-13
  0.75175865E+04  0.16085971E-13
  0.78606566E+04  0.15008872E-13
  0.82193830E+04  0.13976401E-13
  0.85944801E+04  0.12989062E-13
  0.89866950E+04  0.12047250E-13
  0.93968089E+04  0.11151039E-13
  0.98256386E+04  0.10300531E-13
  0.10274038E+05  0.94952077E-14
  0.10742901E+05  0.87347586E-14
  0.11233160E+05  0.80183933E-14
  0.11745793E+05  0.73453114E-14
  0.12281820E+05  0.67144955E-14
  0.12842310E+05  0.61248459E-14
  0.13428377E+05  0.55752433E-14
  0.14041190E+05  0.50641664E-14
  0.14681969E+05  0.45901068E-14
  0.15351991E+05  0.41515519E-14
  0.16052589E+05  0.37469048E-14
  0.16785160E+05  0.33743889E-14
  0.17551162E+05  0.30325808E-14
  0.18352121E+05  0.27196200E-14
  0.19189633E+05  0.24337999E-14
  0.20065365E+05  0.21734560E-14
  0.20981061E+05  0.19369000E-14
  0.21938546E+05  0.17224809E-14
  0.22939727E+05  0.15285623E-14
  0.23986596E+05  0.13537761E-14
  0.25081241E+05  0.11965142E-14
  0.26225840E+05  0.10553995E-14
  0.27422674E+05  0.92904905E-15
  0.28674126E+05  0.81621148E-15
  0.29982690E+05  0.71560136E-15
  0.31350970E+05  0.62622194E-15
  0.32781693E+05  0.54693895E-15
  0.34277707E+05  0.47678576E-15
  0.35841994E+05  0.41484570E-15
  0.37477667E+05  0.36027973E-15
  0.39187986E+05  0.31230159E-15
  0.40976356E+05  0.27021875E-15
  0.42846340E+05  0.23338991E-15
  0.44801661E+05  0.20121847E-15
  0.46846215E+05  0.17318093E-15
  0.48984074E+05  0.14879120E-15
  0.51219495E+05  0.12761751E-15
  0.53556932E+05  0.10927007E-15
  0.56001038E+05  0.93401394E-16
  0.58556683E+05  0.79708121E-16
  0.61228957E+05  0.67911357E-16
  0.64023182E+05  0.57769355E-16
  0.66944923E+05  0.49064098E-16
  0.70000000E+05  0.41606226E-16
  Principal QN n  Azimuthal QN l
               2               0
 Electron Energy Probability dst
  0.10000000E+01  0.42168493E-11
  0.10456357E+01  0.42153322E-11
  0.10933540E+01  0.42137486E-11
  0.11432499E+01  0.42120955E-11
  0.11954229E+01  0.42103703E-11
  0.12499768E+01  0.42085698E-11
  0.13070204E+01  0.42066910E-11
  0.13666671E+01  0.42047307E-11
  0.14290359E+01  0.42026857E-11
  0.14942509E+01  0.42005524E-11
  0.15624421E+01  0.41983274E-11
  0.16337452E+01  0.41960071E-11
  0.17083022E+01  0.41935877E-11
  0.17862617E+01  0.41910655E-11
  0.18677790E+01  0.41884364E-11
  0.19530164E+01  0.41856964E-11
  0.20421436E+01  0.41828415E-11
  0.21353382E+01  0.41798673E-11
  0.22327858E+01  0.41767697E-11
  0.23346805E+01  0.41735441E-11
  0.24412252E+01  0.41701861E-11
  0.25526322E+01  0.41666913E-11
  0.26691232E+01  0.41630550E-11
  0.27909305E+01  0.41592727E-11
  0.29182965E+01  0.41553399E-11
  0.30514749E+01  0.41512519E-11
  0.31907310E+01  0.41470043E-11
  0.33363422E+01  0.41425925E-11
  0.34885984E+01  0.41380123E-11
  0.36478030E+01  0.41332595E-11
  0.38142729E+01  0.41283300E-11
  0.39883398E+01  0.41232202E-11
  0.41703504E+01  0.41179266E-11
  0.43606672E+01  0.41124461E-11
  0.45596692E+01  0.41067762E-11
  0.47677528E+01  0.41009149E-11
  0.49853324E+01  0.40948608E-11
  0.52128414E+01  0.40886133E-11
  0.54507329E+01  0.40821728E-11
  0.56994808E+01  0.40755408E-11
  0.59595804E+01  0.40687198E-11
  0.62315499E+01  0.40617141E-11
  0.65159309E+01  0.40545294E-11
  0.68132898E+01  0.40471736E-11
  0.71242189E+01  0.40396566E-11
  0.74493374E+01  0.40319902E-11
  0.77892930E+01  0.40241822E-11
  0.81447626E+01  0.40162382E-11
  0.85164544E+01  0.40081645E-11
  0.89051085E+01  0.39999675E-11
  0.93114992E+01  0.39916537E-11
  0.97364357E+01  0.39832293E-11
  0.10180765E+02  0.39747005E-11
  0.10645371E+02  0.39660726E-11
  0.11131179E+02  0.39573496E-11
  0.11639158E+02  0.39485342E-11
  0.12170319E+02  0.39396266E-11
  0.12725720E+02  0.39306241E-11
  0.13306467E+02  0.39215200E-11
  0.13913716E+02  0.39123027E-11
  0.14548678E+02  0.39029543E-11
  0.15212617E+02  0.38934495E-11
  0.15906855E+02  0.38837745E-11
  0.16632775E+02  0.38739339E-11
  0.17391823E+02  0.38639332E-11
  0.18185510E+02  0.38537776E-11
  0.19015418E+02  0.38434713E-11
  0.19883200E+02  0.38330179E-11
  0.20790583E+02  0.38224189E-11
  0.21739375E+02  0.38116738E-11
  0.22731466E+02  0.38007802E-11
  0.23768832E+02  0.37897394E-11
  0.24853539E+02  0.37785537E-11
  0.25987747E+02  0.37672227E-11
  0.27173715E+02  0.37557427E-11
  0.28413806E+02  0.37441058E-11
  0.29710489E+02  0.37322984E-11
  0.31066348E+02  0.37202999E-11
  0.32484081E+02  0.37080808E-11
  0.33966514E+02  0.36956013E-11
  0.35516599E+02  0.36828299E-11
  0.37137423E+02  0.36697597E-11
  0.38832214E+02  0.36563844E-11
  0.40604349E+02  0.36426955E-11
  0.42457356E+02  0.36286813E-11
  0.44394926E+02  0.36143263E-11
  0.46420918E+02  0.35996100E-11
  0.48539368E+02  0.35845124E-11
  0.50754495E+02  0.35690177E-11
  0.53070711E+02  0.35531073E-11
  0.55492628E+02  0.35367574E-11
  0.58025072E+02  0.35199382E-11
  0.60673085E+02  0.35026126E-11
  0.63441942E+02  0.34847419E-11
  0.66337158E+02  0.34663066E-11
  0.69364499E+02  0.34472901E-11
  0.72529995E+02  0.34276742E-11
  0.75839950E+02  0.34074381E-11
  0.79300958E+02  0.33865579E-11
  0.82919910E+02  0.33650071E-11
  0.86704016E+02  0.33427590E-11
  0.90660813E+02  0.33197845E-11
  0.94798180E+02  0.32960501E-11
  0.99124359E+02  0.32715188E-11
  0.10364797E+03  0.32461710E-11
  0.10837801E+03  0.32200005E-11
  0.11332391E+03  0.31930045E-11
  0.11849553E+03  0.31651836E-11
  0.12390315E+03  0.31365380E-11
  0.12955756E+03  0.31070422E-11
  0.13547000E+03  0.30766555E-11
  0.14165227E+03  0.30453289E-11
  0.14811666E+03  0.30130115E-11
  0.15487607E+03  0.29797040E-11
  0.16194394E+03  0.29454401E-11
  0.16933436E+03  0.29102668E-11
  0.17706205E+03  0.28742000E-11
  0.18514240E+03  0.28371784E-11
  0.19359150E+03  0.27991150E-11
  0.20242617E+03  0.27599050E-11
  0.21166403E+03  0.27195325E-11
  0.22132346E+03  0.26780977E-11
  0.23142371E+03  0.26357207E-11
  0.24198488E+03  0.25924196E-11
  0.25302803E+03  0.25481471E-11
  0.26457513E+03  0.25028432E-11
  0.27664920E+03  0.24565002E-11
  0.28927427E+03  0.24091716E-11
  0.30247550E+03  0.23609240E-11
  0.31627917E+03  0.23118118E-11
  0.33071278E+03  0.22618771E-11
  0.34580508E+03  0.22111575E-11
  0.36158613E+03  0.21596770E-11
  0.37808736E+03  0.21074548E-11
  0.39534163E+03  0.20545299E-11
  0.41338331E+03  0.20009650E-11
  0.43224834E+03  0.19468472E-11
  0.45197428E+03  0.18922928E-11
  0.47260044E+03  0.18374073E-11
  0.49416788E+03  0.17822227E-11
  0.51671956E+03  0.17267492E-11
  0.54030041E+03  0.16710722E-11
  0.56495738E+03  0.16153183E-11
  0.59073959E+03  0.15595747E-11
  0.61769839E+03  0.15039211E-11
  0.64588748E+03  0.14484887E-11
  0.67536299E+03  0.13933743E-11
  0.70618363E+03  0.13385472E-11
  0.73841080E+03  0.12840558E-11
  0.77210867E+03  0.12301426E-11
  0.80734438E+03  0.11769147E-11
  0.84418808E+03  0.11243113E-11
  0.88271317E+03  0.10724498E-11
  0.92299639E+03  0.10214826E-11
  0.96511795E+03  0.97152527E-12
  0.10091618E+04  0.92259587E-12
  0.10552155E+04  0.87471801E-12
  0.11033710E+04  0.82800658E-12
  0.11537241E+04  0.78255662E-12
  0.12063751E+04  0.73841497E-12
  0.12614288E+04  0.69560144E-12
  0.13189950E+04  0.65418173E-12
  0.13791882E+04  0.61420132E-12
  0.14421284E+04  0.57567996E-12
  0.15079409E+04  0.53864213E-12
  0.15767568E+04  0.50314202E-12
  0.16487131E+04  0.46917401E-12
  0.17239533E+04  0.43670970E-12
  0.18026270E+04  0.40579021E-12
  0.18848911E+04  0.37642043E-12
  0.19709094E+04  0.34855987E-12
  0.20608532E+04  0.32219732E-12
  0.21549016E+04  0.29729517E-12
  0.22532420E+04  0.27382970E-12
  0.23560703E+04  0.25178686E-12
  0.24635911E+04  0.23110784E-12
  0.25760188E+04  0.21175890E-12
  0.26935771E+04  0.19368746E-12
  0.28165003E+04  0.17685000E-12
  0.29450332E+04  0.16119881E-12
  0.30794318E+04  0.14667884E-12
  0.32199637E+04  0.13324015E-12
  0.33669090E+04  0.12082234E-12
  0.35205601E+04  0.10937795E-12
  0.36812233E+04  0.98851705E-13
  0.38492184E+04  0.89188983E-13
  0.40248800E+04  0.80337792E-13
  0.42085582E+04  0.72244046E-13
  0.44006186E+04  0.64865669E-13
  0.46014438E+04  0.58141094E-13
  0.48114338E+04  0.52031885E-13
  0.50310068E+04  0.46490976E-13
  0.52606002E+04  0.41475303E-13
  0.55006712E+04  0.36943335E-13
  0.57516981E+04  0.32856695E-13
  0.60141807E+04  0.29176136E-13
  0.62886419E+04  0.25869724E-13
  0.65756283E+04  0.22903792E-13
  0.68757115E+04  0.20248586E-13
  0.71894893E+04  0.17874922E-13
  0.75175865E+04  0.15756981E-13
  0.78606566E+04  0.13870674E-13
  0.82193830E+04  0.12191583E-13
  0.85944801E+04  0.10702755E-13
  0.89866950E+04  0.93824211E-14
  0.93968089E+04  0.82134968E-14
  0.98256386E+04  0.71808967E-14
  0.10274038E+05  0.62701273E-14
  0.10742901E+05  0.54671510E-14
  0.11233160E+05  0.47612862E-14
  0.11745793E+05  0.41408876E-14
  0.12281820E+05  0.35968840E-14
  0.12842310E+05  0.31206725E-14
  0.13428377E+05  0.27038655E-14
  0.14041190E+05  0.23399391E-14
  0.14681969E+05  0.20224257E-14
  0.15351991E+05  0.17459359E-14
  0.16052589E+05  0.15053871E-14
  0.16785160E+05  0.12963866E-14
  0.17551162E+05  0.11151515E-14
  0.18352121E+05  0.95813203E-15
  0.19189633E+05  0.82228589E-15
  0.20065365E+05  0.70471733E-15
  0.20981061E+05  0.60337960E-15
  0.21938546E+05  0.51611220E-15
  0.22939727E+05  0.44082096E-15
  0.23986596E+05  0.37615079E-15
  0.25081241E+05  0.32066962E-15
  0.26225840E+05  0.27303556E-15
  0.27422674E+05  0.23223157E-15
  0.28674126E+05  0.19736106E-15
  0.29982690E+05  0.16750129E-15
  0.31350970E+05  0.14202806E-15
  0.32781693E+05  0.12031158E-15
  0.34277707E+05  0.10183253E-15
  0.35841994E+05  0.86098438E-16
  0.37477667E+05  0.72708636E-16
  0.39187986E+05  0.61361515E-16
  0.40976356E+05  0.51717397E-16
  0.42846340E+05  0.43540613E-16
  0.44801661E+05  0.36658627E-16
  0.46846215E+05  0.30800663E-16
  0.48984074E+05  0.25861619E-16
  0.51219495E+05  0.21702115E-16
  0.53556932E+05  0.18179078E-16
  0.56001038E+05  0.15221854E-16
  0.58556683E+05  0.12743788E-16
  0.61228957E+05  0.10644292E-16
  0.64023182E+05  0.88854552E-17
  0.66944923E+05  0.74097171E-17
  0.70000000E+05  0.61798313E-17
  Principal QN n  Azimuthal QN l
               2               1
 Electron Energy Probability dst
  0.10000000E+01  0.17801135E-10
  0.10456357E+01  0.17939184E-10
  0.10933540E+01  0.18082490E-10
  0.11432499E+01  0.18231201E-10
  0.11954229E+01  0.18385466E-10
  0.12499768E+01  0.18545431E-10
  0.13070204E+01  0.18711240E-10
  0.13666671E+01  0.18883035E-10
  0.14290359E+01  0.19060953E-10
  0.14942509E+01  0.19245127E-10
  0.15624421E+01  0.19435686E-10
  0.16337452E+01  0.19632749E-10
  0.17083022E+01  0.19836430E-10
  0.17862617E+01  0.20046833E-10
  0.18677790E+01  0.20264052E-10
  0.19530164E+01  0.20488167E-10
  0.20421436E+01  0.20719249E-10
  0.21353382E+01  0.20957351E-10
  0.22327858E+01  0.21202510E-10
  0.23346805E+01  0.21454747E-10
  0.24412252E+01  0.21714060E-10
  0.25526322E+01  0.21980429E-10
  0.26691232E+01  0.22253808E-10
  0.27909305E+01  0.22534127E-10
  0.29182965E+01  0.22821290E-10
  0.30514749E+01  0.23115172E-10
  0.31907310E+01  0.23415619E-10
  0.33363422E+01  0.23722446E-10
  0.34885984E+01  0.24035435E-10
  0.36478030E+01  0.24354340E-10
  0.38142729E+01  0.24678879E-10
  0.39883398E+01  0.25008742E-10
  0.41703504E+01  0.25343587E-10
  0.43606672E+01  0.25683046E-10
  0.45596692E+01  0.26026730E-10
  0.47677528E+01  0.26374185E-10
  0.49853324E+01  0.26724866E-10
  0.52128414E+01  0.27078187E-10
  0.54507329E+01  0.27433530E-10
  0.56994808E+01  0.27790252E-10
  0.59595804E+01  0.28147698E-10
  0.62315499E+01  0.28505207E-10
  0.65159309E+01  0.28862136E-10
  0.68132898E+01  0.29217875E-10
  0.71242189E+01  0.29571875E-10
  0.74493374E+01  0.29923678E-10
  0.77892930E+01  0.30272956E-10
  0.81447626E+01  0.30619511E-10
  0.85164544E+01  0.30962705E-10
  0.89051085E+01  0.31301507E-10
  0.93114992E+01  0.31634876E-10
  0.97364357E+01  0.31961790E-10
  0.10180765E+02  0.32281280E-10
  0.10645371E+02  0.32592463E-10
  0.11131179E+02  0.32894582E-10
  0.11639158E+02  0.33187067E-10
  0.12170319E+02  0.33469592E-10
  0.12725720E+02  0.33742159E-10
  0.13306467E+02  0.34005157E-10
  0.13913716E+02  0.34258432E-10
  0.14548678E+02  0.34500837E-10
  0.15212617E+02  0.34731219E-10
  0.15906855E+02  0.34948511E-10
  0.16632775E+02  0.35151787E-10
  0.17391823E+02  0.35340318E-10
  0.18185510E+02  0.35513636E-10
  0.19015418E+02  0.35671626E-10
  0.19883200E+02  0.35814620E-10
  0.20790583E+02  0.35943293E-10
  0.21739375E+02  0.36057240E-10
  0.22731466E+02  0.36155578E-10
  0.23768832E+02  0.36237604E-10
  0.24853539E+02  0.36302865E-10
  0.25987747E+02  0.36351233E-10
  0.27173715E+02  0.36382996E-10
  0.28413806E+02  0.36398363E-10
  0.29710489E+02  0.36396729E-10
  0.31066348E+02  0.36377567E-10
  0.32484081E+02  0.36340619E-10
  0.33966514E+02  0.36285979E-10
  0.35516599E+02  0.36214187E-10
  0.37137423E+02  0.36125901E-10
  0.38832214E+02  0.36020759E-10
  0.40604349E+02  0.35898296E-10
  0.42457356E+02  0.35758268E-10
  0.44394926E+02  0.35600716E-10
  0.46420918E+02  0.35426043E-10
  0.48539368E+02  0.35235002E-10
  0.50754495E+02  0.35027776E-10
  0.53070711E+02  0.34804195E-10
  0.55492628E+02  0.34564309E-10
  0.58025072E+02  0.34308445E-10
  0.60673085E+02  0.34037002E-10
  0.63441942E+02  0.33750171E-10
  0.66337158E+02  0.33448349E-10
  0.69364499E+02  0.33132256E-10
  0.72529995E+02  0.32802744E-10
  0.75839950E+02  0.32460057E-10
  0.79300958E+02  0.32104383E-10
  0.82919910E+02  0.31736081E-10
  0.86704016E+02  0.31355627E-10
  0.90660813E+02  0.30963332E-10
  0.94798180E+02  0.30559554E-10
  0.99124359E+02  0.30144807E-10
  0.10364797E+03  0.29719724E-10
  0.10837801E+03  0.29284806E-10
  0.11332391E+03  0.28840598E-10
  0.11849553E+03  0.28387741E-10
  0.12390315E+03  0.27926629E-10
  0.12955756E+03  0.27457496E-10
  0.13547000E+03  0.26980567E-10
  0.14165227E+03  0.26496164E-10
  0.14811666E+03  0.26004692E-10
  0.15487607E+03  0.25506561E-10
  0.16194394E+03  0.25002034E-10
  0.16933436E+03  0.24491077E-10
  0.17706205E+03  0.23973540E-10
  0.18514240E+03  0.23449806E-10
  0.19359150E+03  0.22920647E-10
  0.20242617E+03  0.22386709E-10
  0.21166403E+03  0.21848165E-10
  0.22132346E+03  0.21304972E-10
  0.23142371E+03  0.20757146E-10
  0.24198488E+03  0.20204879E-10
  0.25302803E+03  0.19648511E-10
  0.26457513E+03  0.19088927E-10
  0.27664920E+03  0.18526954E-10
  0.28927427E+03  0.17962811E-10
  0.30247550E+03  0.17396579E-10
  0.31627917E+03  0.16828964E-10
  0.33071278E+03  0.16260811E-10
  0.34580508E+03  0.15692835E-10
  0.36158613E+03  0.15125659E-10
  0.37808736E+03  0.14560077E-10
  0.39534163E+03  0.13996960E-10
  0.41338331E+03  0.13437357E-10
  0.43224834E+03  0.12882242E-10
  0.45197428E+03  0.12332363E-10
  0.47260044E+03  0.11788328E-10
  0.49416788E+03  0.11250757E-10
  0.51671956E+03  0.10720990E-10
  0.54030041E+03  0.10200332E-10
  0.56495738E+03  0.96892735E-11
  0.59073959E+03  0.91881782E-11
  0.61769839E+03  0.86977936E-11
  0.64588748E+03  0.82195530E-11
  0.67536299E+03  0.77540742E-11
  0.70618363E+03  0.73017132E-11
  0.73841080E+03  0.68631502E-11
  0.77210867E+03  0.64389359E-11
  0.80734438E+03  0.60295233E-11
  0.84418808E+03  0.56352549E-11
  0.88271317E+03  0.52564493E-11
  0.92299639E+03  0.48934423E-11
  0.96511795E+03  0.45465946E-11
  0.10091618E+04  0.42157225E-11
  0.10552155E+04  0.39008261E-11
  0.11033710E+04  0.36021936E-11
  0.11537241E+04  0.33195863E-11
  0.12063751E+04  0.30526017E-11
  0.12614288E+04  0.28011901E-11
  0.13189950E+04  0.25650387E-11
  0.13791882E+04  0.23438247E-11
  0.14421284E+04  0.21372205E-11
  0.15079409E+04  0.19446915E-11
  0.15767568E+04  0.17655931E-11
  0.16487131E+04  0.15995758E-11
  0.17239533E+04  0.14461395E-11
  0.18026270E+04  0.13045738E-11
  0.18848911E+04  0.11743228E-11
  0.19709094E+04  0.10548020E-11
  0.20608532E+04  0.94542759E-12
  0.21549016E+04  0.84560944E-12
  0.22532420E+04  0.75470598E-12
  0.23560703E+04  0.67213847E-12
  0.24635911E+04  0.59734410E-12
  0.25760188E+04  0.52975823E-12
  0.26935771E+04  0.46883545E-12
  0.28165003E+04  0.41405731E-12
  0.29450332E+04  0.36492543E-12
  0.30794318E+04  0.32095787E-12
  0.32199637E+04  0.28171814E-12
  0.33669090E+04  0.24677605E-12
  0.35205601E+04  0.21573323E-12
  0.36812233E+04  0.18822340E-12
  0.38492184E+04  0.16389732E-12
  0.40248800E+04  0.14244099E-12
  0.42085582E+04  0.12355863E-12
  0.44006186E+04  0.10697634E-12
  0.46014438E+04  0.92443790E-13
  0.48114338E+04  0.79738237E-13
  0.50310068E+04  0.68654032E-13
  0.52606002E+04  0.59009025E-13
  0.55006712E+04  0.50633581E-13
  0.57516981E+04  0.43364854E-13
  0.60141807E+04  0.37075859E-13
  0.62886419E+04  0.31647128E-13
  0.65756283E+04  0.26967427E-13
  0.68757115E+04  0.22945756E-13
  0.71894893E+04  0.19494758E-13
  0.75175865E+04  0.16531725E-13
  0.78606566E+04  0.13996904E-13
  0.82193830E+04  0.11833287E-13
  0.85944801E+04  0.99891159E-14
  0.89866950E+04  0.84232167E-14
  0.93968089E+04  0.70895530E-14
  0.98256386E+04  0.59566906E-14
  0.10274038E+05  0.49982896E-14
  0.10742901E+05  0.41877418E-14
  0.11233160E+05  0.35038880E-14
  0.11745793E+05  0.29274468E-14
  0.12281820E+05  0.24441782E-14
  0.12842310E+05  0.20363418E-14
  0.13428377E+05  0.16939188E-14
  0.14041190E+05  0.14072413E-14
  0.14681969E+05  0.11675766E-14
  0.15351991E+05  0.96731122E-15
  0.16052589E+05  0.80134409E-15
  0.16785160E+05  0.66225423E-15
  0.17551162E+05  0.54649131E-15
  0.18352121E+05  0.45033587E-15
  0.19189633E+05  0.37072571E-15
  0.20065365E+05  0.30476622E-15
  0.20981061E+05  0.25065804E-15
  0.21938546E+05  0.20566813E-15
  0.22939727E+05  0.16850753E-15
  0.23986596E+05  0.13782047E-15
  0.25081241E+05  0.11266888E-15
  0.26225840E+05  0.91990649E-16
  0.27422674E+05  0.75138021E-16
  0.28674126E+05  0.61274491E-16
  0.29982690E+05  0.49872070E-16
  0.31350970E+05  0.40539699E-16
  0.32781693E+05  0.32918270E-16
  0.34277707E+05  0.26716211E-16
  0.35841994E+05  0.21643571E-16
  0.37477667E+05  0.17598670E-16
  0.39187986E+05  0.14230482E-16
  0.40976356E+05  0.11501920E-16
  0.42846340E+05  0.92811905E-17
  0.44801661E+05  0.74834220E-17
  0.46846215E+05  0.60322704E-17
  0.48984074E+05  0.48720087E-17
  0.51219495E+05  0.39200965E-17
  0.53556932E+05  0.31504424E-17
  0.56001038E+05  0.25298148E-17
  0.58556683E+05  0.20246510E-17
  0.61228957E+05  0.16237005E-17
  0.64023182E+05  0.13001020E-17
  0.66944923E+05  0.10475452E-17
  0.70000000E+05  0.83756393E-18
  Principal QN n  Azimuthal QN l
               3               0
 Electron Energy Probability dst
  0.10000000E+01  0.82589216E-10
  0.10456357E+01  0.82542380E-10
  0.10933540E+01  0.82493372E-10
  0.11432499E+01  0.82442077E-10
  0.11954229E+01  0.82388373E-10
  0.12499768E+01  0.82332129E-10
  0.13070204E+01  0.82273207E-10
  0.13666671E+01  0.82211475E-10
  0.14290359E+01  0.82146808E-10
  0.14942509E+01  0.82079078E-10
  0.15624421E+01  0.82008157E-10
  0.16337452E+01  0.81933911E-10
  0.17083022E+01  0.81856206E-10
  0.17862617E+01  0.81774908E-10
  0.18677790E+01  0.81689884E-10
  0.19530164E+01  0.81600999E-10
  0.20421436E+01  0.81508125E-10
  0.21353382E+01  0.81411137E-10
  0.22327858E+01  0.81309917E-10
  0.23346805E+01  0.81204356E-10
  0.24412252E+01  0.81094359E-10
  0.25526322E+01  0.80979846E-10
  0.26691232E+01  0.80860757E-10
  0.27909305E+01  0.80737002E-10
  0.29182965E+01  0.80608430E-10
  0.30514749E+01  0.80474883E-10
  0.31907310E+01  0.80336197E-10
  0.33363422E+01  0.80192205E-10
  0.34885984E+01  0.80042734E-10
  0.36478030E+01  0.79887609E-10
  0.38142729E+01  0.79726646E-10
  0.39883398E+01  0.79559658E-10
  0.41703504E+01  0.79386449E-10
  0.43606672E+01  0.79206818E-10
  0.45596692E+01  0.79020552E-10
  0.47677528E+01  0.78827445E-10
  0.49853324E+01  0.78627316E-10
  0.52128414E+01  0.78419987E-10
  0.54507329E+01  0.78205286E-10
  0.56994808E+01  0.77983039E-10
  0.59595804E+01  0.77753081E-10
  0.62315499E+01  0.77515248E-10
  0.65159309E+01  0.77269424E-10
  0.68132898E+01  0.77015529E-10
  0.71242189E+01  0.76753509E-10
  0.74493374E+01  0.76483342E-10
  0.77892930E+01  0.76205039E-10
  0.81447626E+01  0.75918626E-10
  0.85164544E+01  0.75624006E-10
  0.89051085E+01  0.75321013E-10
  0.93114992E+01  0.75009458E-10
  0.97364357E+01  0.74689120E-10
  0.10180765E+02  0.74359742E-10
  0.10645371E+02  0.74021067E-10
  0.11131179E+02  0.73672866E-10
  0.11639158E+02  0.73314871E-10
  0.12170319E+02  0.72946764E-10
  0.12725720E+02  0.72568162E-10
  0.13306467E+02  0.72178599E-10
  0.13913716E+02  0.71777546E-10
  0.14548678E+02  0.71364708E-10
  0.15212617E+02  0.70939916E-10
  0.15906855E+02  0.70502996E-10
  0.16632775E+02  0.70053762E-10
  0.17391823E+02  0.69592010E-10
  0.18185510E+02  0.69117502E-10
  0.19015418E+02  0.68629938E-10
  0.19883200E+02  0.68128949E-10
  0.20790583E+02  0.67614087E-10
  0.21739375E+02  0.67084804E-10
  0.22731466E+02  0.66540436E-10
  0.23768832E+02  0.65980275E-10
  0.24853539E+02  0.65403528E-10
  0.25987747E+02  0.64809239E-10
  0.27173715E+02  0.64196774E-10
  0.28413806E+02  0.63566368E-10
  0.29710489E+02  0.62918485E-10
  0.31066348E+02  0.62253043E-10
  0.32484081E+02  0.61568824E-10
  0.33966514E+02  0.60864244E-10
  0.35516599E+02  0.60138394E-10
  0.37137423E+02  0.59391298E-10
  0.38832214E+02  0.58623122E-10
  0.40604349E+02  0.57834085E-10
  0.42457356E+02  0.57024108E-10
  0.44394926E+02  0.56192952E-10
  0.46420918E+02  0.55340337E-10
  0.48539368E+02  0.54465975E-10
  0.50754495E+02  0.53569613E-10
  0.53070711E+02  0.52650945E-10
  0.55492628E+02  0.51709949E-10
  0.58025072E+02  0.50748315E-10
  0.60673085E+02  0.49768395E-10
  0.63441942E+02  0.48769504E-10
  0.66337158E+02  0.47748527E-10
  0.69364499E+02  0.46706068E-10
  0.72529995E+02  0.45645534E-10
  0.75839950E+02  0.44568420E-10
  0.79300958E+02  0.43475003E-10
  0.82919910E+02  0.42365853E-10
  0.86704016E+02  0.41242269E-10
  0.90660813E+02  0.40105777E-10
  0.94798180E+02  0.38958590E-10
  0.99124359E+02  0.37803463E-10
  0.10364797E+03  0.36641643E-10
  0.10837801E+03  0.35471446E-10
  0.11332391E+03  0.34295993E-10
  0.11849553E+03  0.33121921E-10
  0.12390315E+03  0.31947598E-10
  0.12955756E+03  0.30773807E-10
  0.13547000E+03  0.29605203E-10
  0.14165227E+03  0.28443938E-10
  0.14811666E+03  0.27290638E-10
  0.15487607E+03  0.26148050E-10
  0.16194394E+03  0.25019584E-10
  0.16933436E+03  0.23905031E-10
  0.17706205E+03  0.22807411E-10
  0.18514240E+03  0.21731332E-10
  0.19359150E+03  0.20671822E-10
  0.20242617E+03  0.19635631E-10
  0.21166403E+03  0.18625483E-10
  0.22132346E+03  0.17638635E-10
  0.23142371E+03  0.16678974E-10
  0.24198488E+03  0.15748731E-10
  0.25302803E+03  0.14846328E-10
  0.26457513E+03  0.13974208E-10
  0.27664920E+03  0.13133546E-10
  0.28927427E+03  0.12324095E-10
  0.30247550E+03  0.11546608E-10
  0.31627917E+03  0.10801433E-10
  0.33071278E+03  0.10088702E-10
  0.34580508E+03  0.94089606E-11
  0.36158613E+03  0.87607469E-11
  0.37808736E+03  0.81446139E-11
  0.39534163E+03  0.75619034E-11
  0.41338331E+03  0.70094546E-11
  0.43224834E+03  0.64862279E-11
  0.45197428E+03  0.59949662E-11
  0.47260044E+03  0.55329004E-11
  0.49416788E+03  0.50971130E-11
  0.51671956E+03  0.46900133E-11
  0.54030041E+03  0.43099157E-11
  0.56495738E+03  0.39548269E-11
  0.59073959E+03  0.36228197E-11
  0.61769839E+03  0.33146473E-11
  0.64588748E+03  0.30289950E-11
  0.67536299E+03  0.27641437E-11
  0.70618363E+03  0.25182040E-11
  0.73841080E+03  0.22917908E-11
  0.77210867E+03  0.20831120E-11
  0.80734438E+03  0.18905383E-11
  0.84418808E+03  0.17137630E-11
  0.88271317E+03  0.15516202E-11
  0.92299639E+03  0.14030468E-11
  0.96511795E+03  0.12670945E-11
  0.10091618E+04  0.11428121E-11
  0.10552155E+04  0.10294573E-11
  0.11033710E+04  0.92620346E-12
  0.11537241E+04  0.83248577E-12
  0.12063751E+04  0.74737981E-12
  0.12614288E+04  0.67003468E-12
  0.13189950E+04  0.60008894E-12
  0.13791882E+04  0.53692563E-12
  0.14421284E+04  0.47975485E-12
  0.15079409E+04  0.42821701E-12
  0.15767568E+04  0.38187081E-12
  0.16487131E+04  0.34010687E-12
  0.17239533E+04  0.30260462E-12
  0.18026270E+04  0.26900086E-12
  0.18848911E+04  0.23883531E-12
  0.19709094E+04  0.21185993E-12
  0.20608532E+04  0.18775484E-12
  0.21549016E+04  0.16620512E-12
  0.22532420E+04  0.14701267E-12
  0.23560703E+04  0.12990121E-12
  0.24635911E+04  0.11467979E-12
  0.25760188E+04  0.10115357E-12
  0.26935771E+04  0.89130300E-13
  0.28165003E+04  0.78474979E-13
  0.29450332E+04  0.69024827E-13
  0.30794318E+04  0.60669175E-13
  0.32199637E+04  0.53276601E-13
  0.33669090E+04  0.46748586E-13
  0.35205601E+04  0.40978175E-13
  0.36812233E+04  0.35890373E-13
  0.38492184E+04  0.31411893E-13
  0.40248800E+04  0.27474467E-13
  0.42085582E+04  0.24004369E-13
  0.44006186E+04  0.20954405E-13
  0.46014438E+04  0.18279143E-13
  0.48114338E+04  0.15934182E-13
  0.50310068E+04  0.13876789E-13
  0.52606002E+04  0.12075660E-13
  0.55006712E+04  0.10501298E-13
  0.57516981E+04  0.91247512E-14
  0.60141807E+04  0.79219907E-14
  0.62886419E+04  0.68716777E-14
  0.65756283E+04  0.59559865E-14
  0.68757115E+04  0.51589577E-14
  0.71894893E+04  0.44651882E-14
  0.75175865E+04  0.38606909E-14
  0.78606566E+04  0.33352168E-14
  0.82193830E+04  0.28796935E-14
  0.85944801E+04  0.24849787E-14
  0.89866950E+04  0.21421376E-14
  0.93968089E+04  0.18450942E-14
  0.98256386E+04  0.15881057E-14
  0.10274038E+05  0.13659095E-14
  0.10742901E+05  0.11739831E-14
  0.11233160E+05  0.10082238E-14
  0.11745793E+05  0.86529731E-15
  0.12281820E+05  0.74196190E-15
  0.12842310E+05  0.63563258E-15
  0.13428377E+05  0.54440606E-15
  0.14041190E+05  0.46585448E-15
  0.14681969E+05  0.39819246E-15
  0.15351991E+05  0.34005832E-15
  0.16052589E+05  0.29048907E-15
  0.16785160E+05  0.24778939E-15
  0.17551162E+05  0.21115704E-15
  0.18352121E+05  0.17982705E-15
  0.19189633E+05  0.15300368E-15
  0.20065365E+05  0.13020352E-15
  0.20981061E+05  0.11061243E-15
  0.21938546E+05  0.93883395E-16
  0.22939727E+05  0.79613419E-16
  0.23986596E+05  0.67539150E-16
  0.25081241E+05  0.57185931E-16
  0.26225840E+05  0.48373496E-16
  0.27422674E+05  0.40912158E-16
  0.28674126E+05  0.34529022E-16
  0.29982690E+05  0.29157995E-16
  0.31350970E+05  0.24582642E-16
  0.32781693E+05  0.20721434E-16
  0.34277707E+05  0.17460379E-16
  0.35841994E+05  0.14682600E-16
  0.37477667E+05  0.12349557E-16
  0.39187986E+05  0.10358710E-16
  0.40976356E+05  0.87038753E-17
  0.42846340E+05  0.73033449E-17
  0.44801661E+05  0.61207116E-17
  0.46846215E+05  0.51240264E-17
  0.48984074E+05  0.42841050E-17
  0.51219495E+05  0.35873037E-17
  0.53556932E+05  0.29931929E-17
  0.56001038E+05  0.25055628E-17
  0.58556683E+05  0.20805169E-17
  0.61228957E+05  0.17387040E-17
  0.64023182E+05  0.14438210E-17
  0.66944923E+05  0.12076906E-17
  0.70000000E+05  0.99879825E-18
  Principal QN n  Azimuthal QN l
               3               1
 Electron Energy Probability dst
  0.10000000E+01  0.21664630E-09
  0.10456357E+01  0.21645857E-09
  0.10933540E+01  0.21626278E-09
  0.11432499E+01  0.21605860E-09
  0.11954229E+01  0.21584570E-09
  0.12499768E+01  0.21562377E-09
  0.13070204E+01  0.21539246E-09
  0.13666671E+01  0.21515142E-09
  0.14290359E+01  0.21490030E-09
  0.14942509E+01  0.21463874E-09
  0.15624421E+01  0.21436638E-09
  0.16337452E+01  0.21408286E-09
  0.17083022E+01  0.21378781E-09
  0.17862617E+01  0.21348085E-09
  0.18677790E+01  0.21316163E-09
  0.19530164E+01  0.21282978E-09
  0.20421436E+01  0.21248494E-09
  0.21353382E+01  0.21212678E-09
  0.22327858E+01  0.21175495E-09
  0.23346805E+01  0.21136913E-09
  0.24412252E+01  0.21096902E-09
  0.25526322E+01  0.21055433E-09
  0.26691232E+01  0.21012482E-09
  0.27909305E+01  0.20968027E-09
  0.29182965E+01  0.20922053E-09
  0.30514749E+01  0.20874548E-09
  0.31907310E+01  0.20825508E-09
  0.33363422E+01  0.20774935E-09
  0.34885984E+01  0.20722843E-09
  0.36478030E+01  0.20669253E-09
  0.38142729E+01  0.20614185E-09
  0.39883398E+01  0.20557654E-09
  0.41703504E+01  0.20499679E-09
  0.43606672E+01  0.20440289E-09
  0.45596692E+01  0.20379518E-09
  0.47677528E+01  0.20317413E-09
  0.49853324E+01  0.20254028E-09
  0.52128414E+01  0.20189429E-09
  0.54507329E+01  0.20123697E-09
  0.56994808E+01  0.20056983E-09
  0.59595804E+01  0.19989486E-09
  0.62315499E+01  0.19921449E-09
  0.65159309E+01  0.19853160E-09
  0.68132898E+01  0.19784959E-09
  0.71242189E+01  0.19717121E-09
  0.74493374E+01  0.19649803E-09
  0.77892930E+01  0.19583144E-09
  0.81447626E+01  0.19517270E-09
  0.85164544E+01  0.19452287E-09
  0.89051085E+01  0.19388391E-09
  0.93114992E+01  0.19325969E-09
  0.97364357E+01  0.19265473E-09
  0.10180765E+02  0.19207404E-09
  0.10645371E+02  0.19152322E-09
  0.11131179E+02  0.19100797E-09
  0.11639158E+02  0.19053261E-09
  0.12170319E+02  0.19010110E-09
  0.12725720E+02  0.18971722E-09
  0.13306467E+02  0.18938448E-09
  0.13913716E+02  0.18910596E-09
  0.14548678E+02  0.18888478E-09
  0.15212617E+02  0.18872517E-09
  0.15906855E+02  0.18863126E-09
  0.16632775E+02  0.18860674E-09
  0.17391823E+02  0.18865465E-09
  0.18185510E+02  0.18877743E-09
  0.19015418E+02  0.18897787E-09
  0.19883200E+02  0.18925821E-09
  0.20790583E+02  0.18961955E-09
  0.21739375E+02  0.19006148E-09
  0.22731466E+02  0.19058276E-09
  0.23768832E+02  0.19118222E-09
  0.24853539E+02  0.19185697E-09
  0.25987747E+02  0.19260211E-09
  0.27173715E+02  0.19341242E-09
  0.28413806E+02  0.19428113E-09
  0.29710489E+02  0.19519973E-09
  0.31066348E+02  0.19615964E-09
  0.32484081E+02  0.19714990E-09
  0.33966514E+02  0.19815894E-09
  0.35516599E+02  0.19917407E-09
  0.37137423E+02  0.20017949E-09
  0.38832214E+02  0.20115987E-09
  0.40604349E+02  0.20210047E-09
  0.42457356E+02  0.20298375E-09
  0.44394926E+02  0.20379068E-09
  0.46420918E+02  0.20450265E-09
  0.48539368E+02  0.20509864E-09
  0.50754495E+02  0.20555718E-09
  0.53070711E+02  0.20586082E-09
  0.55492628E+02  0.20599194E-09
  0.58025072E+02  0.20593147E-09
  0.60673085E+02  0.20565851E-09
  0.63441942E+02  0.20515552E-09
  0.66337158E+02  0.20441226E-09
  0.69364499E+02  0.20341508E-09
  0.72529995E+02  0.20214743E-09
  0.75839950E+02  0.20059917E-09
  0.79300958E+02  0.19876504E-09
  0.82919910E+02  0.19664008E-09
  0.86704016E+02  0.19422053E-09
  0.90660813E+02  0.19150700E-09
  0.94798180E+02  0.18850541E-09
  0.99124359E+02  0.18522360E-09
  0.10364797E+03  0.18166173E-09
  0.10837801E+03  0.17782715E-09
  0.11332391E+03  0.17374494E-09
  0.11849553E+03  0.16942431E-09
  0.12390315E+03  0.16487945E-09
  0.12955756E+03  0.16013773E-09
  0.13547000E+03  0.15521437E-09
  0.14165227E+03  0.15012928E-09
  0.14811666E+03  0.14491207E-09
  0.15487607E+03  0.13958272E-09
  0.16194394E+03  0.13415512E-09
  0.16933436E+03  0.12867290E-09
  0.17706205E+03  0.12315317E-09
  0.18514240E+03  0.11760210E-09
  0.19359150E+03  0.11206471E-09
  0.20242617E+03  0.10656367E-09
  0.21166403E+03  0.10110349E-09
  0.22132346E+03  0.95712429E-10
  0.23142371E+03  0.90419886E-10
  0.24198488E+03  0.85225306E-10
  0.25302803E+03  0.80151538E-10
  0.26457513E+03  0.75217582E-10
  0.27664920E+03  0.70438588E-10
  0.28927427E+03  0.65813837E-10
  0.30247550E+03  0.61361231E-10
  0.31627917E+03  0.57086914E-10
  0.33071278E+03  0.52993261E-10
  0.34580508E+03  0.49087970E-10
  0.36158613E+03  0.45375235E-10
  0.37808736E+03  0.41854414E-10
  0.39534163E+03  0.38525296E-10
  0.41338331E+03  0.35383658E-10
  0.43224834E+03  0.32434661E-10
  0.45197428E+03  0.29670142E-10
  0.47260044E+03  0.27084264E-10
  0.49416788E+03  0.24672309E-10
  0.51671956E+03  0.22433669E-10
  0.54030041E+03  0.20356301E-10
  0.56495738E+03  0.18435972E-10
  0.59073959E+03  0.16659075E-10
  0.61769839E+03  0.15030485E-10
  0.64588748E+03  0.13533042E-10
  0.67536299E+03  0.12161585E-10
  0.70618363E+03  0.10907352E-10
  0.73841080E+03  0.97660077E-11
  0.77210867E+03  0.87277931E-11
  0.80734438E+03  0.77846459E-11
  0.84418808E+03  0.69313333E-11
  0.88271317E+03  0.61600305E-11
  0.92299639E+03  0.54639650E-11
  0.96511795E+03  0.48395482E-11
  0.10091618E+04  0.42803588E-11
  0.10552155E+04  0.37777423E-11
  0.11033710E+04  0.33280281E-11
  0.11537241E+04  0.29279623E-11
  0.12063751E+04  0.25718509E-11
  0.12614288E+04  0.22544860E-11
  0.13189950E+04  0.19735344E-11
  0.13791882E+04  0.17253393E-11
  0.14421284E+04  0.15053638E-11
  0.15079409E+04  0.13114651E-11
  0.15767568E+04  0.11411576E-11
  0.16487131E+04  0.99113849E-12
  0.17239533E+04  0.85962493E-12
  0.18026270E+04  0.74468667E-12
  0.18848911E+04  0.64395901E-12
  0.19709094E+04  0.55615404E-12
  0.20608532E+04  0.47969900E-12
  0.21549016E+04  0.41307106E-12
  0.22532420E+04  0.35531571E-12
  0.23560703E+04  0.30516572E-12
  0.24635911E+04  0.26175860E-12
  0.25760188E+04  0.22425665E-12
  0.26935771E+04  0.19184337E-12
  0.28165003E+04  0.16394444E-12
  0.29450332E+04  0.13989246E-12
  0.30794318E+04  0.11924267E-12
  0.32199637E+04  0.10149268E-12
  0.33669090E+04  0.86289380E-13
  0.35205601E+04  0.73268291E-13
  0.36812233E+04  0.62148404E-13
  0.38492184E+04  0.52649560E-13
  0.40248800E+04  0.44554664E-13
  0.42085582E+04  0.37652492E-13
  0.44006186E+04  0.31785346E-13
  0.46014438E+04  0.26799756E-13
  0.48114338E+04  0.22573032E-13
  0.50310068E+04  0.18990299E-13
  0.52606002E+04  0.15961419E-13
  0.55006712E+04  0.13402326E-13
  0.57516981E+04  0.11235687E-13
  0.60141807E+04  0.94113573E-14
  0.62886419E+04  0.78792895E-14
  0.65756283E+04  0.65863209E-14
  0.68757115E+04  0.54989267E-14
  0.71894893E+04  0.45883415E-14
  0.75175865E+04  0.38251617E-14
  0.78606566E+04  0.31846935E-14
  0.82193830E+04  0.26486934E-14
  0.85944801E+04  0.22018650E-14
  0.89866950E+04  0.18283717E-14
  0.93968089E+04  0.15170946E-14
  0.98256386E+04  0.12573401E-14
  0.10274038E+05  0.10408516E-14
  0.10742901E+05  0.86123818E-15
  0.11233160E+05  0.71154134E-15
  0.11745793E+05  0.58735574E-15
  0.12281820E+05  0.48509859E-15
  0.12842310E+05  0.40005760E-15
  0.13428377E+05  0.32935119E-15
  0.14041190E+05  0.27101748E-15
  0.14681969E+05  0.22264062E-15
  0.15351991E+05  0.18305035E-15
  0.16052589E+05  0.15040814E-15
  0.16785160E+05  0.12312487E-15
  0.17551162E+05  0.10099539E-15
  0.18352121E+05  0.82519726E-16
  0.19189633E+05  0.67492915E-16
  0.20065365E+05  0.55102989E-16
  0.20981061E+05  0.44988862E-16
  0.21938546E+05  0.36683296E-16
  0.22939727E+05  0.29855574E-16
  0.23986596E+05  0.24297345E-16
  0.25081241E+05  0.19758505E-16
  0.26225840E+05  0.16041183E-16
  0.27422674E+05  0.13032338E-16
  0.28674126E+05  0.10565574E-16
  0.29982690E+05  0.85545808E-17
  0.31350970E+05  0.69206492E-17
  0.32781693E+05  0.55800344E-17
  0.34277707E+05  0.45191632E-17
  0.35841994E+05  0.36406565E-17
  0.37477667E+05  0.29509189E-17
  0.39187986E+05  0.23742430E-17
  0.40976356E+05  0.19071791E-17
  0.42846340E+05  0.15416819E-17
  0.44801661E+05  0.12346712E-17
  0.46846215E+05  0.99433974E-18
  0.48984074E+05  0.79537616E-18
  0.51219495E+05  0.64450686E-18
  0.53556932E+05  0.51442018E-18
  0.56001038E+05  0.41226809E-18
  0.58556683E+05  0.32789874E-18
  0.61228957E+05  0.26315361E-18
  0.64023182E+05  0.21017528E-18
  0.66944923E+05  0.16939408E-18
  0.70000000E+05  0.13426716E-18
  Principal QN n  Azimuthal QN l
               3               2
 Electron Energy Probability dst
  0.10000000E+01  0.29220216E-08
  0.10456357E+01  0.29165028E-08
  0.10933540E+01  0.29108584E-08
  0.11432499E+01  0.29050963E-08
  0.11954229E+01  0.28992249E-08
  0.12499768E+01  0.28932516E-08
  0.13070204E+01  0.28871848E-08
  0.13666671E+01  0.28810339E-08
  0.14290359E+01  0.28748098E-08
  0.14942509E+01  0.28685247E-08
  0.15624421E+01  0.28621923E-08
  0.16337452E+01  0.28558277E-08
  0.17083022E+01  0.28494480E-08
  0.17862617E+01  0.28430716E-08
  0.18677790E+01  0.28367233E-08
  0.19530164E+01  0.28304334E-08
  0.20421436E+01  0.28242366E-08
  0.21353382E+01  0.28181719E-08
  0.22327858E+01  0.28122835E-08
  0.23346805E+01  0.28066209E-08
  0.24412252E+01  0.28012395E-08
  0.25526322E+01  0.27962012E-08
  0.26691232E+01  0.27915684E-08
  0.27909305E+01  0.27874054E-08
  0.29182965E+01  0.27837813E-08
  0.30514749E+01  0.27807708E-08
  0.31907310E+01  0.27784539E-08
  0.33363422E+01  0.27769164E-08
  0.34885984E+01  0.27762503E-08
  0.36478030E+01  0.27765599E-08
  0.38142729E+01  0.27779592E-08
  0.39883398E+01  0.27805708E-08
  0.41703504E+01  0.27845255E-08
  0.43606672E+01  0.27899625E-08
  0.45596692E+01  0.27970298E-08
  0.47677528E+01  0.28058836E-08
  0.49853324E+01  0.28166886E-08
  0.52128414E+01  0.28296168E-08
  0.54507329E+01  0.28448471E-08
  0.56994808E+01  0.28625654E-08
  0.59595804E+01  0.28829738E-08
  0.62315499E+01  0.29062877E-08
  0.65159309E+01  0.29327287E-08
  0.68132898E+01  0.29624974E-08
  0.71242189E+01  0.29957513E-08
  0.74493374E+01  0.30326265E-08
  0.77892930E+01  0.30732966E-08
  0.81447626E+01  0.31180022E-08
  0.85164544E+01  0.31669867E-08
  0.89051085E+01  0.32204547E-08
  0.93114992E+01  0.32785631E-08
  0.97364357E+01  0.33414332E-08
  0.10180765E+02  0.34091512E-08
  0.10645371E+02  0.34818022E-08
  0.11131179E+02  0.35594348E-08
  0.11639158E+02  0.36420345E-08
  0.12170319E+02  0.37295475E-08
  0.12725720E+02  0.38218975E-08
  0.13306467E+02  0.39189241E-08
  0.13913716E+02  0.40203854E-08
  0.14548678E+02  0.41260173E-08
  0.15212617E+02  0.42354573E-08
  0.15906855E+02  0.43482343E-08
  0.16632775E+02  0.44638707E-08
  0.17391823E+02  0.45817863E-08
  0.18185510E+02  0.47012781E-08
  0.19015418E+02  0.48215986E-08
  0.19883200E+02  0.49418545E-08
  0.20790583E+02  0.50610743E-08
  0.21739375E+02  0.51782683E-08
  0.22731466E+02  0.52923100E-08
  0.23768832E+02  0.54021010E-08
  0.24853539E+02  0.55064843E-08
  0.25987747E+02  0.56041886E-08
  0.27173715E+02  0.56938611E-08
  0.28413806E+02  0.57743726E-08
  0.29710489E+02  0.58447032E-08
  0.31066348E+02  0.59034585E-08
  0.32484081E+02  0.59494844E-08
  0.33966514E+02  0.59818891E-08
  0.35516599E+02  0.59997845E-08
  0.37137423E+02  0.60023581E-08
  0.38832214E+02  0.59889946E-08
  0.40604349E+02  0.59592756E-08
  0.42457356E+02  0.59128826E-08
  0.44394926E+02  0.58497350E-08
  0.46420918E+02  0.57700868E-08
  0.48539368E+02  0.56743459E-08
  0.50754495E+02  0.55629437E-08
  0.53070711E+02  0.54365923E-08
  0.55492628E+02  0.52962924E-08
  0.58025072E+02  0.51431133E-08
  0.60673085E+02  0.49783498E-08
  0.63441942E+02  0.48033340E-08
  0.66337158E+02  0.46194462E-08
  0.69364499E+02  0.44284722E-08
  0.72529995E+02  0.42316745E-08
  0.75839950E+02  0.40308447E-08
  0.79300958E+02  0.38274633E-08
  0.82919910E+02  0.36229405E-08
  0.86704016E+02  0.34189366E-08
  0.90660813E+02  0.32165610E-08
  0.94798180E+02  0.30171872E-08
  0.99124359E+02  0.28219220E-08
  0.10364797E+03  0.26316441E-08
  0.10837801E+03  0.24473586E-08
  0.11332391E+03  0.22696880E-08
  0.11849553E+03  0.20991374E-08
  0.12390315E+03  0.19362720E-08
  0.12955756E+03  0.17813967E-08
  0.13547000E+03  0.16346385E-08
  0.14165227E+03  0.14961888E-08
  0.14811666E+03  0.13660530E-08
  0.15487607E+03  0.12441303E-08
  0.16194394E+03  0.11303188E-08
  0.16933436E+03  0.10244213E-08
  0.17706205E+03  0.92620505E-09
  0.18514240E+03  0.83536905E-09
  0.19359150E+03  0.75164836E-09
  0.20242617E+03  0.67468180E-09
  0.21166403E+03  0.60412472E-09
  0.22132346E+03  0.53964932E-09
  0.23142371E+03  0.48091495E-09
  0.24198488E+03  0.42748414E-09
  0.25302803E+03  0.37912254E-09
  0.26457513E+03  0.33556275E-09
  0.27664920E+03  0.29632000E-09
  0.28927427E+03  0.26080389E-09
  0.30247550E+03  0.22887492E-09
  0.31627917E+03  0.20043814E-09
  0.33071278E+03  0.17526347E-09
  0.34580508E+03  0.15295198E-09
  0.36158613E+03  0.13299209E-09
  0.37808736E+03  0.11523519E-09
  0.39534163E+03  0.99646204E-10
  0.41338331E+03  0.86115053E-10
  0.43224834E+03  0.74437333E-10
  0.45197428E+03  0.64291703E-10
  0.47260044E+03  0.55303460E-10
  0.49416788E+03  0.47376617E-10
  0.51671956E+03  0.40480880E-10
  0.54030041E+03  0.34546269E-10
  0.56495738E+03  0.29453292E-10
  0.59073959E+03  0.25037195E-10
  0.61769839E+03  0.21218199E-10
  0.64588748E+03  0.17963589E-10
  0.67536299E+03  0.15215192E-10
  0.70618363E+03  0.12882449E-10
  0.73841080E+03  0.10865045E-10
  0.77210867E+03  0.91338353E-11
  0.80734438E+03  0.76681137E-11
  0.84418808E+03  0.64331824E-11
  0.88271317E+03  0.53825373E-11
  0.92299639E+03  0.44929134E-11
  0.96511795E+03  0.37496625E-11
  0.10091618E+04  0.31295687E-11
  0.10552155E+04  0.26040009E-11
  0.11033710E+04  0.21610234E-11
  0.11537241E+04  0.17921719E-11
  0.12063751E+04  0.14844064E-11
  0.12614288E+04  0.12261227E-11
  0.13189950E+04  0.10121133E-11
  0.13791882E+04  0.83530009E-12
  0.14421284E+04  0.68746700E-12
  0.15079409E+04  0.56494676E-12
  0.15767568E+04  0.46409466E-12
  0.16487131E+04  0.38036884E-12
  0.17239533E+04  0.31138412E-12
  0.18026270E+04  0.25482784E-12
  0.18848911E+04  0.20803401E-12
  0.19709094E+04  0.16966450E-12
  0.20608532E+04  0.13826491E-12
  0.21549016E+04  0.11247301E-12
  0.22532420E+04  0.91473260E-13
  0.23560703E+04  0.74260223E-13
  0.24635911E+04  0.60205690E-13
  0.25760188E+04  0.48777357E-13
  0.26935771E+04  0.39467535E-13
  0.28165003E+04  0.31924844E-13
  0.29450332E+04  0.25768244E-13
  0.30794318E+04  0.20783818E-13
  0.32199637E+04  0.16750353E-13
  0.33669090E+04  0.13498770E-13
  0.35205601E+04  0.10856187E-13
  0.36812233E+04  0.87155678E-14
  0.38492184E+04  0.69904444E-14
  0.40248800E+04  0.56085924E-14
  0.42085582E+04  0.44977679E-14
  0.44006186E+04  0.36048016E-14
  0.46014438E+04  0.28821893E-14
  0.48114338E+04  0.23012925E-14
  0.50310068E+04  0.18366708E-14
  0.52606002E+04  0.14662542E-14
  0.55006712E+04  0.11705314E-14
  0.57516981E+04  0.93272723E-15
  0.60141807E+04  0.74217707E-15
  0.62886419E+04  0.58999426E-15
  0.65756283E+04  0.46851540E-15
  0.68757115E+04  0.37269276E-15
  0.71894893E+04  0.29706968E-15
  0.75175865E+04  0.23569084E-15
  0.78606566E+04  0.18640757E-15
  0.82193830E+04  0.14743448E-15
  0.85944801E+04  0.11680499E-15
  0.89866950E+04  0.92822478E-16
  0.93968089E+04  0.73455823E-16
  0.98256386E+04  0.58068877E-16
  0.10274038E+05  0.45984154E-16
  0.10742901E+05  0.36210133E-16
  0.11233160E+05  0.28548248E-16
  0.11745793E+05  0.22594624E-16
  0.12281820E+05  0.17738251E-16
  0.12842310E+05  0.14031742E-16
  0.13428377E+05  0.11079862E-16
  0.14041190E+05  0.86875187E-17
  0.14681969E+05  0.67777775E-17
  0.15351991E+05  0.53787782E-17
  0.16052589E+05  0.42217576E-17
  0.16785160E+05  0.33115538E-17
  0.17551162E+05  0.25725946E-17
  0.18352121E+05  0.20226038E-17
  0.19189633E+05  0.15678266E-17
  0.20065365E+05  0.12151255E-17
  0.20981061E+05  0.95708671E-18
  0.21938546E+05  0.73962281E-18
  0.22939727E+05  0.57223596E-18
  0.23986596E+05  0.45123960E-18
  0.25081241E+05  0.34781632E-18
  0.26225840E+05  0.26318458E-18
  0.27422674E+05  0.20854152E-18
  0.28674126E+05  0.15955246E-18
  0.29982690E+05  0.12038460E-18
  0.31350970E+05  0.94319895E-19
  0.32781693E+05  0.71924232E-19
  0.34277707E+05  0.56358878E-19
  0.35841994E+05  0.43676211E-19
  0.37477667E+05  0.33199675E-19
  0.39187986E+05  0.25349509E-19
  0.40976356E+05  0.19535813E-19
  0.42846340E+05  0.15750998E-19
  0.44801661E+05  0.11360838E-19
  0.46846215E+05  0.86181175E-20
  0.48984074E+05  0.67987102E-20
  0.51219495E+05  0.53852186E-20
  0.53556932E+05  0.41397066E-20
  0.56001038E+05  0.30223340E-20
  0.58556683E+05  0.22750840E-20
  0.61228957E+05  0.17166023E-20
  0.64023182E+05  0.14329060E-20
  0.66944923E+05  0.10356072E-20
  0.70000000E+05  0.76879107E-21
  Principal QN n  Azimuthal QN l
               4               0
 Electron Energy Probability dst
  0.10000000E+01  0.94468613E-09
  0.10456357E+01  0.91626074E-09
  0.10933540E+01  0.88734441E-09
  0.11432499E+01  0.85796737E-09
  0.11954229E+01  0.82816288E-09
  0.12499768E+01  0.79796713E-09
  0.13070204E+01  0.76741980E-09
  0.13666671E+01  0.73656763E-09
  0.14290359E+01  0.70546201E-09
  0.14942509E+01  0.67415755E-09
  0.15624421E+01  0.64271157E-09
  0.16337452E+01  0.61118341E-09
  0.17083022E+01  0.57963348E-09
  0.17862617E+01  0.54812691E-09
  0.18677790E+01  0.51674148E-09
  0.19530164E+01  0.48555872E-09
  0.20421436E+01  0.45466101E-09
  0.21353382E+01  0.42412993E-09
  0.22327858E+01  0.39404427E-09
  0.23346805E+01  0.36448744E-09
  0.24412252E+01  0.33555770E-09
  0.25526322E+01  0.30735236E-09
  0.26691232E+01  0.27996303E-09
  0.27909305E+01  0.25347197E-09
  0.29182965E+01  0.22795723E-09
  0.30514749E+01  0.20351730E-09
  0.31907310E+01  0.18024761E-09
  0.33363422E+01  0.15822896E-09
  0.34885984E+01  0.13752230E-09
  0.36478030E+01  0.11819130E-09
  0.38142729E+01  0.10031989E-09
  0.39883398E+01  0.83973936E-10
  0.41703504E+01  0.69190814E-10
  0.43606672E+01  0.55993166E-10
  0.45596692E+01  0.44431997E-10
  0.47677528E+01  0.34538802E-10
  0.49853324E+01  0.26306593E-10
  0.52128414E+01  0.19716495E-10
  0.54507329E+01  0.14779953E-10
  0.56994808E+01  0.11477612E-10
  0.59595804E+01  0.97464376E-11
  0.62315499E+01  0.95360516E-11
  0.65159309E+01  0.10792794E-10
  0.68132898E+01  0.13432577E-10
  0.71242189E+01  0.17377447E-10
  0.74493374E+01  0.22522772E-10
  0.77892930E+01  0.28767868E-10
  0.81447626E+01  0.35989002E-10
  0.85164544E+01  0.44078763E-10
  0.89051085E+01  0.52902655E-10
  0.93114992E+01  0.62322567E-10
  0.97364357E+01  0.72220707E-10
  0.10180765E+02  0.82448039E-10
  0.10645371E+02  0.92874521E-10
  0.11131179E+02  0.10337556E-09
  0.11639158E+02  0.11381336E-09
  0.12170319E+02  0.12407367E-09
  0.12725720E+02  0.13403242E-09
  0.13306467E+02  0.14358340E-09
  0.13913716E+02  0.15263017E-09
  0.14548678E+02  0.16108213E-09
  0.15212617E+02  0.16886328E-09
  0.15906855E+02  0.17590446E-09
  0.16632775E+02  0.18215328E-09
  0.17391823E+02  0.18756731E-09
  0.18185510E+02  0.19211617E-09
  0.19015418E+02  0.19578178E-09
  0.19883200E+02  0.19855648E-09
  0.20790583E+02  0.20044509E-09
  0.21739375E+02  0.20146073E-09
  0.22731466E+02  0.20162673E-09
  0.23768832E+02  0.20097470E-09
  0.24853539E+02  0.19954120E-09
  0.25987747E+02  0.19737174E-09
  0.27173715E+02  0.19451776E-09
  0.28413806E+02  0.19102889E-09
  0.29710489E+02  0.18696916E-09
  0.31066348E+02  0.18240257E-09
  0.32484081E+02  0.17737498E-09
  0.33966514E+02  0.17195522E-09
  0.35516599E+02  0.16620532E-09
  0.37137423E+02  0.16018856E-09
  0.38832214E+02  0.15397036E-09
  0.40604349E+02  0.14758978E-09
  0.42457356E+02  0.14110210E-09
  0.44394926E+02  0.13456542E-09
  0.46420918E+02  0.12801568E-09
  0.48539368E+02  0.12149238E-09
  0.50754495E+02  0.11504719E-09
  0.53070711E+02  0.10869456E-09
  0.55492628E+02  0.10247525E-09
  0.58025072E+02  0.96418492E-10
  0.60673085E+02  0.90521934E-10
  0.63441942E+02  0.84845217E-10
  0.66337158E+02  0.79342557E-10
  0.69364499E+02  0.74068663E-10
  0.72529995E+02  0.69044483E-10
  0.75839950E+02  0.64227801E-10
  0.79300958E+02  0.59667617E-10
  0.82919910E+02  0.55320634E-10
  0.86704016E+02  0.51218961E-10
  0.90660813E+02  0.47352571E-10
  0.94798180E+02  0.43707460E-10
  0.99124359E+02  0.40287679E-10
  0.10364797E+03  0.37084508E-10
  0.10837801E+03  0.34086892E-10
  0.11332391E+03  0.31292615E-10
  0.11849553E+03  0.28694057E-10
  0.12390315E+03  0.26286468E-10
  0.12955756E+03  0.24060505E-10
  0.13547000E+03  0.21997757E-10
  0.14165227E+03  0.20074421E-10
  0.14811666E+03  0.18287014E-10
  0.15487607E+03  0.16637939E-10
  0.16194394E+03  0.15125825E-10
  0.16933436E+03  0.13744480E-10
  0.17706205E+03  0.12481647E-10
  0.18514240E+03  0.11317908E-10
  0.19359150E+03  0.10240367E-10
  0.20242617E+03  0.92510720E-11
  0.21166403E+03  0.83513998E-11
  0.22132346E+03  0.75403246E-11
  0.23142371E+03  0.68137615E-11
  0.24198488E+03  0.61637822E-11
  0.25302803E+03  0.55776829E-11
  0.26457513E+03  0.50383219E-11
  0.27664920E+03  0.45388654E-11
  0.28927427E+03  0.40804346E-11
  0.30247550E+03  0.36633573E-11
  0.31627917E+03  0.32867572E-11
  0.33071278E+03  0.29482313E-11
  0.34580508E+03  0.26434657E-11
  0.36158613E+03  0.23668547E-11
  0.37808736E+03  0.21168123E-11
  0.39534163E+03  0.18929669E-11
  0.41338331E+03  0.16940347E-11
  0.43224834E+03  0.15175834E-11
  0.45197428E+03  0.13597556E-11
  0.47260044E+03  0.12160620E-11
  0.49416788E+03  0.10855057E-11
  0.51671956E+03  0.96794594E-12
  0.54030041E+03  0.86279686E-12
  0.56495738E+03  0.76891344E-12
  0.59073959E+03  0.68462687E-12
  0.61769839E+03  0.60913317E-12
  0.64588748E+03  0.54207020E-12
  0.67536299E+03  0.48271941E-12
  0.70618363E+03  0.42990959E-12
  0.73841080E+03  0.38232835E-12
  0.77210867E+03  0.33964179E-12
  0.80734438E+03  0.30161994E-12
  0.84418808E+03  0.26782059E-12
  0.88271317E+03  0.23761671E-12
  0.92299639E+03  0.21069700E-12
  0.96511795E+03  0.18684892E-12
  0.10091618E+04  0.16570359E-12
  0.10552155E+04  0.14678926E-12
  0.11033710E+04  0.12991806E-12
  0.11537241E+04  0.11494969E-12
  0.12063751E+04  0.10164597E-12
  0.12614288E+04  0.89791660E-13
  0.13189950E+04  0.79293442E-13
  0.13791882E+04  0.70008561E-13
  0.14421284E+04  0.61760083E-13
  0.15079409E+04  0.54459905E-13
  0.15767568E+04  0.48005571E-13
  0.16487131E+04  0.42265548E-13
  0.17239533E+04  0.37180886E-13
  0.18026270E+04  0.32695509E-13
  0.18848911E+04  0.28735986E-13
  0.19709094E+04  0.25251625E-13
  0.20608532E+04  0.22175797E-13
  0.21549016E+04  0.19449153E-13
  0.22532420E+04  0.17044702E-13
  0.23560703E+04  0.14926276E-13
  0.24635911E+04  0.13066851E-13
  0.25760188E+04  0.11437228E-13
  0.26935771E+04  0.10006906E-13
  0.28165003E+04  0.87507132E-14
  0.29450332E+04  0.76412234E-14
  0.30794318E+04  0.66676644E-14
  0.32199637E+04  0.58183435E-14
  0.33669090E+04  0.50771312E-14
  0.35205601E+04  0.44235958E-14
  0.36812233E+04  0.38490342E-14
  0.38492184E+04  0.33487210E-14
  0.40248800E+04  0.29136551E-14
  0.42085582E+04  0.25321337E-14
  0.44006186E+04  0.21990897E-14
  0.46014438E+04  0.19102430E-14
  0.48114338E+04  0.16585706E-14
  0.50310068E+04  0.14379144E-14
  0.52606002E+04  0.12458947E-14
  0.55006712E+04  0.10793284E-14
  0.57516981E+04  0.93422736E-15
  0.60141807E+04  0.80780578E-15
  0.62886419E+04  0.69794041E-15
  0.65756283E+04  0.60298521E-15
  0.68757115E+04  0.52065521E-15
  0.71894893E+04  0.44907942E-15
  0.75175865E+04  0.38721274E-15
  0.78606566E+04  0.33380456E-15
  0.82193830E+04  0.28742142E-15
  0.85944801E+04  0.24709934E-15
  0.89866950E+04  0.21259102E-15
  0.93968089E+04  0.18276593E-15
  0.98256386E+04  0.15688119E-15
  0.10274038E+05  0.13458835E-15
  0.10742901E+05  0.11545210E-15
  0.11233160E+05  0.98942832E-16
  0.11745793E+05  0.84776845E-16
  0.12281820E+05  0.72547665E-16
  0.12842310E+05  0.62027841E-16
  0.13428377E+05  0.53017398E-16
  0.14041190E+05  0.45311343E-16
  0.14681969E+05  0.38671281E-16
  0.15351991E+05  0.32994173E-16
  0.16052589E+05  0.28145706E-16
  0.16785160E+05  0.23937461E-16
  0.17551162E+05  0.20404978E-16
  0.18352121E+05  0.17345295E-16
  0.19189633E+05  0.14737172E-16
  0.20065365E+05  0.12524176E-16
  0.20981061E+05  0.10634677E-16
  0.21938546E+05  0.90218746E-17
  0.22939727E+05  0.76361240E-17
  0.23986596E+05  0.64646912E-17
  0.25081241E+05  0.54728033E-17
  0.26225840E+05  0.46243672E-17
  0.27422674E+05  0.39118202E-17
  0.28674126E+05  0.32926560E-17
  0.29982690E+05  0.27814101E-17
  0.31350970E+05  0.23439936E-17
  0.32781693E+05  0.19751371E-17
  0.34277707E+05  0.16642114E-17
  0.35841994E+05  0.13936803E-17
  0.37477667E+05  0.11766140E-17
  0.39187986E+05  0.98190716E-18
  0.40976356E+05  0.82932598E-18
  0.42846340E+05  0.69208657E-18
  0.44801661E+05  0.58030593E-18
  0.46846215E+05  0.48551826E-18
  0.48984074E+05  0.40684579E-18
  0.51219495E+05  0.34077893E-18
  0.53556932E+05  0.28249371E-18
  0.56001038E+05  0.23798736E-18
  0.58556683E+05  0.19626404E-18
  0.61228957E+05  0.16538199E-18
  0.64023182E+05  0.13600202E-18
  0.66944923E+05  0.11463626E-18
  0.70000000E+05  0.94057710E-19
  Principal QN n  Azimuthal QN l
               4               1
 Electron Energy Probability dst
  0.10000000E+01  0.22472284E-06
  0.10456357E+01  0.22048286E-06
  0.10933540E+01  0.21614502E-06
  0.11432499E+01  0.21171160E-06
  0.11954229E+01  0.20718466E-06
  0.12499768E+01  0.20256654E-06
  0.13070204E+01  0.19785993E-06
  0.13666671E+01  0.19306793E-06
  0.14290359E+01  0.18819503E-06
  0.14942509E+01  0.18324669E-06
  0.15624421E+01  0.17822882E-06
  0.16337452E+01  0.17314775E-06
  0.17083022E+01  0.16800986E-06
  0.17862617E+01  0.16282153E-06
  0.18677790E+01  0.15758968E-06
  0.19530164E+01  0.15232213E-06
  0.20421436E+01  0.14702754E-06
  0.21353382E+01  0.14171510E-06
  0.22327858E+01  0.13639345E-06
  0.23346805E+01  0.13107106E-06
  0.24412252E+01  0.12575758E-06
  0.25526322E+01  0.12046289E-06
  0.26691232E+01  0.11519825E-06
  0.27909305E+01  0.10997551E-06
  0.29182965E+01  0.10480607E-06
  0.30514749E+01  0.99699934E-07
  0.31907310E+01  0.94666597E-07
  0.33363422E+01  0.89714459E-07
  0.34885984E+01  0.84851775E-07
  0.36478030E+01  0.80089577E-07
  0.38142729E+01  0.75438460E-07
  0.39883398E+01  0.70908083E-07
  0.41703504E+01  0.66507371E-07
  0.43606672E+01  0.62242795E-07
  0.45596692E+01  0.58121326E-07
  0.47677528E+01  0.54148836E-07
  0.49853324E+01  0.50329752E-07
  0.52128414E+01  0.46669026E-07
  0.54507329E+01  0.43168875E-07
  0.56994808E+01  0.39832822E-07
  0.59595804E+01  0.36662071E-07
  0.62315499E+01  0.33658338E-07
  0.65159309E+01  0.30821772E-07
  0.68132898E+01  0.28151210E-07
  0.71242189E+01  0.25644635E-07
  0.74493374E+01  0.23299112E-07
  0.77892930E+01  0.21111178E-07
  0.81447626E+01  0.19077178E-07
  0.85164544E+01  0.17191923E-07
  0.89051085E+01  0.15450228E-07
  0.93114992E+01  0.13845951E-07
  0.97364357E+01  0.12373526E-07
  0.10180765E+02  0.11026474E-07
  0.10645371E+02  0.97981866E-08
  0.11131179E+02  0.86819593E-08
  0.11639158E+02  0.76708576E-08
  0.12170319E+02  0.67580809E-08
  0.12725720E+02  0.59367986E-08
  0.13306467E+02  0.52002908E-08
  0.13913716E+02  0.45420662E-08
  0.14548678E+02  0.39556988E-08
  0.15212617E+02  0.34350856E-08
  0.15906855E+02  0.29744904E-08
  0.16632775E+02  0.25682919E-08
  0.17391823E+02  0.22112480E-08
  0.18185510E+02  0.18984951E-08
  0.19015418E+02  0.16254666E-08
  0.19883200E+02  0.13879951E-08
  0.20790583E+02  0.11820936E-08
  0.21739375E+02  0.10041376E-08
  0.22731466E+02  0.85096461E-09
  0.23768832E+02  0.71952622E-09
  0.24853539E+02  0.60715299E-09
  0.25987747E+02  0.51142696E-09
  0.27173715E+02  0.43016209E-09
  0.28413806E+02  0.36142561E-09
  0.29710489E+02  0.30348425E-09
  0.31066348E+02  0.25483057E-09
  0.32484081E+02  0.21412250E-09
  0.33966514E+02  0.18016000E-09
  0.35516599E+02  0.15195723E-09
  0.37137423E+02  0.12857563E-09
  0.38832214E+02  0.10929250E-09
  0.40604349E+02  0.93397667E-10
  0.42457356E+02  0.80358840E-10
  0.44394926E+02  0.69662889E-10
  0.46420918E+02  0.60917124E-10
  0.48539368E+02  0.53811594E-10
  0.50754495E+02  0.47997494E-10
  0.53070711E+02  0.43113454E-10
  0.55492628E+02  0.38990759E-10
  0.58025072E+02  0.35573903E-10
  0.60673085E+02  0.32836977E-10
  0.63441942E+02  0.30728267E-10
  0.66337158E+02  0.29162940E-10
  0.69364499E+02  0.28015369E-10
  0.72529995E+02  0.27110047E-10
  0.75839950E+02  0.26223607E-10
  0.79300958E+02  0.25231335E-10
  0.82919910E+02  0.24128286E-10
  0.86704016E+02  0.22920526E-10
  0.90660813E+02  0.21617905E-10
  0.94798180E+02  0.20234915E-10
  0.99124359E+02  0.18791689E-10
  0.10364797E+03  0.17315193E-10
  0.10837801E+03  0.15840613E-10
  0.11332391E+03  0.14412994E-10
  0.11849553E+03  0.13088660E-10
  0.12390315E+03  0.11910008E-10
  0.12955756E+03  0.10883798E-10
  0.13547000E+03  0.10010525E-10
  0.14165227E+03  0.92864189E-11
  0.14811666E+03  0.87023220E-11
  0.15487607E+03  0.82423544E-11
  0.16194394E+03  0.78823276E-11
  0.16933436E+03  0.75878701E-11
  0.17706205E+03  0.73122123E-11
  0.18514240E+03  0.69977690E-11
  0.19359150E+03  0.66210126E-11
  0.20242617E+03  0.61871170E-11
  0.21166403E+03  0.57046197E-11
  0.22132346E+03  0.51856190E-11
  0.23142371E+03  0.46465380E-11
  0.24198488E+03  0.41090224E-11
  0.25302803E+03  0.36009962E-11
  0.26457513E+03  0.31555224E-11
  0.27664920E+03  0.27858096E-11
  0.28927427E+03  0.24882417E-11
  0.30247550E+03  0.22557765E-11
  0.31627917E+03  0.20774147E-11
  0.33071278E+03  0.19372974E-11
  0.34580508E+03  0.18136404E-11
  0.36158613E+03  0.16818655E-11
  0.37808736E+03  0.15369879E-11
  0.39534163E+03  0.13830484E-11
  0.41338331E+03  0.12254781E-11
  0.43224834E+03  0.10713717E-11
  0.45197428E+03  0.92981998E-12
  0.47260044E+03  0.81004688E-12
  0.49416788E+03  0.71279895E-12
  0.51671956E+03  0.63525659E-12
  0.54030041E+03  0.57318673E-12
  0.56495738E+03  0.52062594E-12
  0.59073959E+03  0.47025825E-12
  0.61769839E+03  0.41978549E-12
  0.64588748E+03  0.37038656E-12
  0.67536299E+03  0.32358765E-12
  0.70618363E+03  0.28128891E-12
  0.73841080E+03  0.24521435E-12
  0.77210867E+03  0.21514328E-12
  0.80734438E+03  0.19008608E-12
  0.84418808E+03  0.16860667E-12
  0.88271317E+03  0.14896062E-12
  0.92299639E+03  0.13066495E-12
  0.96511795E+03  0.11392615E-12
  0.10091618E+04  0.98968700E-13
  0.10552155E+04  0.85979266E-13
  0.11033710E+04  0.74860832E-13
  0.11537241E+04  0.65336918E-13
  0.12063751E+04  0.57004232E-13
  0.12614288E+04  0.49551827E-13
  0.13189950E+04  0.42944857E-13
  0.13791882E+04  0.37146712E-13
  0.14421284E+04  0.32095743E-13
  0.15079409E+04  0.27728184E-13
  0.15767568E+04  0.23949861E-13
  0.16487131E+04  0.20644703E-13
  0.17239533E+04  0.17764597E-13
  0.18026270E+04  0.15269689E-13
  0.18848911E+04  0.13108839E-13
  0.19709094E+04  0.11247409E-13
  0.20608532E+04  0.96408503E-14
  0.21549016E+04  0.82486188E-14
  0.22532420E+04  0.70498460E-14
  0.23560703E+04  0.60174569E-14
  0.24635911E+04  0.51319449E-14
  0.25760188E+04  0.43735000E-14
  0.26935771E+04  0.37228029E-14
  0.28165003E+04  0.31660759E-14
  0.29450332E+04  0.26879230E-14
  0.30794318E+04  0.22796615E-14
  0.32199637E+04  0.19317574E-14
  0.33669090E+04  0.16360335E-14
  0.35205601E+04  0.13834145E-14
  0.36812233E+04  0.11681309E-14
  0.38492184E+04  0.98524474E-15
  0.40248800E+04  0.83047379E-15
  0.42085582E+04  0.69935375E-15
  0.44006186E+04  0.58857931E-15
  0.46014438E+04  0.49490572E-15
  0.48114338E+04  0.41554828E-15
  0.50310068E+04  0.34820598E-15
  0.52606002E+04  0.29171196E-15
  0.55006712E+04  0.24450541E-15
  0.57516981E+04  0.20469595E-15
  0.60141807E+04  0.17099629E-15
  0.62886419E+04  0.14252782E-15
  0.65756283E+04  0.11876683E-15
  0.68757115E+04  0.98995308E-16
  0.71894893E+04  0.82489499E-16
  0.75175865E+04  0.68655032E-16
  0.78606566E+04  0.57005391E-16
  0.82193830E+04  0.47288472E-16
  0.85944801E+04  0.39284523E-16
  0.89866950E+04  0.32598239E-16
  0.93968089E+04  0.26989173E-16
  0.98256386E+04  0.22308476E-16
  0.10274038E+05  0.18428443E-16
  0.10742901E+05  0.15228134E-16
  0.11233160E+05  0.12583218E-16
  0.11745793E+05  0.10354771E-16
  0.12281820E+05  0.85303568E-17
  0.12842310E+05  0.70364513E-17
  0.13428377E+05  0.57902609E-17
  0.14041190E+05  0.47499410E-17
  0.14681969E+05  0.39046017E-17
  0.15351991E+05  0.32038220E-17
  0.16052589E+05  0.26246575E-17
  0.16785160E+05  0.21526921E-17
  0.17551162E+05  0.17625811E-17
  0.18352121E+05  0.14390539E-17
  0.19189633E+05  0.11770075E-17
  0.20065365E+05  0.96013003E-18
  0.20981061E+05  0.78333487E-18
  0.21938546E+05  0.64038372E-18
  0.22939727E+05  0.51801656E-18
  0.23986596E+05  0.42128019E-18
  0.25081241E+05  0.34350381E-18
  0.26225840E+05  0.27768128E-18
  0.27422674E+05  0.22622542E-18
  0.28674126E+05  0.18307084E-18
  0.29982690E+05  0.14789304E-18
  0.31350970E+05  0.12026384E-18
  0.32781693E+05  0.96385020E-19
  0.34277707E+05  0.78355489E-19
  0.35841994E+05  0.62827616E-19
  0.37477667E+05  0.51279209E-19
  0.39187986E+05  0.41017421E-19
  0.40976356E+05  0.32997143E-19
  0.42846340E+05  0.26485482E-19
  0.44801661E+05  0.21156611E-19
  0.46846215E+05  0.17266853E-19
  0.48984074E+05  0.13628044E-19
  0.51219495E+05  0.11128827E-19
  0.53556932E+05  0.88083917E-20
  0.56001038E+05  0.71360565E-20
  0.58556683E+05  0.56225265E-20
  0.61228957E+05  0.45462293E-20
  0.64023182E+05  0.36131106E-20
  0.66944923E+05  0.29141784E-20
  0.70000000E+05  0.23035401E-20
