#  Principal QN n  Azimuthal QN l
#               1               0
# Electron Energy Probability dst
  0.10000000E+01  0.10131066E-13
  0.10456357E+01  0.10133886E-13
  0.10933540E+01  0.10136812E-13
  0.11432499E+01  0.10139846E-13
  0.11954229E+01  0.10142991E-13
  0.12499768E+01  0.10146249E-13
  0.13070204E+01  0.10149624E-13
  0.13666671E+01  0.10153117E-13
  0.14290359E+01  0.10156731E-13
  0.14942509E+01  0.10160467E-13
  0.15624421E+01  0.10164329E-13
  0.16337452E+01  0.10168317E-13
  0.17083022E+01  0.10172432E-13
  0.17862617E+01  0.10176677E-13
  0.18677790E+01  0.10181051E-13
  0.19530164E+01  0.10185555E-13
  0.20421436E+01  0.10190189E-13
  0.21353382E+01  0.10194952E-13
  0.22327858E+01  0.10199844E-13
  0.23346805E+01  0.10204862E-13
  0.24412252E+01  0.10210003E-13
  0.25526322E+01  0.10215266E-13
  0.26691232E+01  0.10220645E-13
  0.27909305E+01  0.10226135E-13
  0.29182965E+01  0.10231731E-13
  0.30514749E+01  0.10237426E-13
  0.31907310E+01  0.10243210E-13
  0.33363422E+01  0.10249075E-13
  0.34885984E+01  0.10255010E-13
  0.36478030E+01  0.10261001E-13
  0.38142729E+01  0.10267034E-13
  0.39883398E+01  0.10273093E-13
  0.41703504E+01  0.10279161E-13
  0.43606672E+01  0.10285217E-13
  0.45596692E+01  0.10291238E-13
  0.47677528E+01  0.10297201E-13
  0.49853324E+01  0.10303079E-13
  0.52128414E+01  0.10308841E-13
  0.54507329E+01  0.10314457E-13
  0.56994808E+01  0.10319891E-13
  0.59595804E+01  0.10325106E-13
  0.62315499E+01  0.10330062E-13
  0.65159309E+01  0.10334716E-13
  0.68132898E+01  0.10339023E-13
  0.71242189E+01  0.10342934E-13
  0.74493374E+01  0.10346399E-13
  0.77892930E+01  0.10349366E-13
  0.81447626E+01  0.10351782E-13
  0.85164544E+01  0.10353590E-13
  0.89051085E+01  0.10354737E-13
  0.93114992E+01  0.10355166E-13
  0.97364357E+01  0.10354825E-13
  0.10180765E+02  0.10353663E-13
  0.10645371E+02  0.10351636E-13
  0.11131179E+02  0.10348704E-13
  0.11639158E+02  0.10344838E-13
  0.12170319E+02  0.10340021E-13
  0.12725720E+02  0.10334253E-13
  0.13306467E+02  0.10327552E-13
  0.13913716E+02  0.10319963E-13
  0.14548678E+02  0.10311563E-13
  0.15212617E+02  0.10302468E-13
  0.15906855E+02  0.10292840E-13
  0.16632775E+02  0.10282901E-13
  0.17391823E+02  0.10272941E-13
  0.18185510E+02  0.10263263E-13
  0.19015418E+02  0.10253968E-13
  0.19883200E+02  0.10245095E-13
  0.20790583E+02  0.10236683E-13
  0.21739375E+02  0.10228762E-13
  0.22731466E+02  0.10221357E-13
  0.23768832E+02  0.10214481E-13
  0.24853539E+02  0.10208136E-13
  0.25987747E+02  0.10202305E-13
  0.27173715E+02  0.10196949E-13
  0.28413806E+02  0.10192003E-13
  0.29710489E+02  0.10187369E-13
  0.31066348E+02  0.10182907E-13
  0.32484081E+02  0.10178425E-13
  0.33966514E+02  0.10173675E-13
  0.35516599E+02  0.10168332E-13
  0.37137423E+02  0.10162012E-13
  0.38832214E+02  0.10154555E-13
  0.40604349E+02  0.10145998E-13
  0.42457356E+02  0.10136418E-13
  0.44394926E+02  0.10125933E-13
  0.46420918E+02  0.10114715E-13
  0.48539368E+02  0.10103002E-13
  0.50754495E+02  0.10091109E-13
  0.53070711E+02  0.10079445E-13
  0.55492628E+02  0.10068420E-13
  0.58025072E+02  0.10058123E-13
  0.60673085E+02  0.10048551E-13
  0.63441942E+02  0.10039674E-13
  0.66337158E+02  0.10031432E-13
  0.69364499E+02  0.10023722E-13
  0.72529995E+02  0.10016394E-13
  0.75839950E+02  0.10009236E-13
  0.79300958E+02  0.10001962E-13
  0.82919910E+02  0.99942123E-14
  0.86704016E+02  0.99858047E-14
  0.90660813E+02  0.99767882E-14
  0.94798180E+02  0.99672476E-14
  0.99124359E+02  0.99573011E-14
  0.10364797E+03  0.99471077E-14
  0.10837801E+03  0.99368749E-14
  0.11332391E+03  0.99268605E-14
  0.11849553E+03  0.99172016E-14
  0.12390315E+03  0.99078736E-14
  0.12955756E+03  0.98988220E-14
  0.13547000E+03  0.98899635E-14
  0.14165227E+03  0.98811784E-14
  0.14811666E+03  0.98723041E-14
  0.15487607E+03  0.98632036E-14
  0.16194394E+03  0.98538579E-14
  0.16933436E+03  0.98442617E-14
  0.17706205E+03  0.98344085E-14
  0.18514240E+03  0.98242906E-14
  0.19359150E+03  0.98138981E-14
  0.20242617E+03  0.98032233E-14
  0.21166403E+03  0.97922726E-14
  0.22132346E+03  0.97810581E-14
  0.23142371E+03  0.97695955E-14
  0.24198488E+03  0.97578930E-14
  0.25302803E+03  0.97458933E-14
  0.26457513E+03  0.97334980E-14
  0.27664920E+03  0.97205811E-14
  0.28927427E+03  0.97069834E-14
  0.30247550E+03  0.96925689E-14
  0.31627917E+03  0.96773935E-14
  0.33071278E+03  0.96615887E-14
  0.34580508E+03  0.96453322E-14
  0.36158613E+03  0.96287623E-14
  0.37808736E+03  0.96117057E-14
  0.39534163E+03  0.95938582E-14
  0.41338331E+03  0.95748436E-14
  0.43224834E+03  0.95544967E-14
  0.45197428E+03  0.95329522E-14
  0.47260044E+03  0.95104185E-14
  0.49416788E+03  0.94871471E-14
  0.51671956E+03  0.94631164E-14
  0.54030041E+03  0.94380797E-14
  0.56495738E+03  0.94117785E-14
  0.59073959E+03  0.93841421E-14
  0.61769839E+03  0.93551654E-14
  0.64588748E+03  0.93248562E-14
  0.67536299E+03  0.92932233E-14
  0.70618363E+03  0.92602833E-14
  0.73841080E+03  0.92260699E-14
  0.77210867E+03  0.91906307E-14
  0.80734438E+03  0.91540295E-14
  0.84418808E+03  0.91162245E-14
  0.88271317E+03  0.90770111E-14
  0.92299639E+03  0.90361612E-14
  0.96511795E+03  0.89937572E-14
  0.10091618E+04  0.89500909E-14
  0.10552155E+04  0.89050882E-14
  0.11033710E+04  0.88583771E-14
  0.11537241E+04  0.88097606E-14
  0.12063751E+04  0.87595329E-14
  0.12614288E+04  0.87079821E-14
  0.13189950E+04  0.86546917E-14
  0.13791882E+04  0.85992498E-14
  0.14421284E+04  0.85419587E-14
  0.15079409E+04  0.84831023E-14
  0.15767568E+04  0.84222734E-14
  0.16487131E+04  0.83592089E-14
  0.17239533E+04  0.82940568E-14
  0.18026270E+04  0.82268724E-14
  0.18848911E+04  0.81575682E-14
  0.19709094E+04  0.80860916E-14
  0.20608532E+04  0.80123903E-14
  0.21549016E+04  0.79363317E-14
  0.22532420E+04  0.78579482E-14
  0.23560703E+04  0.77772801E-14
  0.24635911E+04  0.76936875E-14
  0.25760188E+04  0.76072791E-14
  0.26935771E+04  0.75189112E-14
  0.28165003E+04  0.74279481E-14
  0.29450332E+04  0.73341762E-14
  0.30794318E+04  0.72375927E-14
  0.32199637E+04  0.71377658E-14
  0.33669090E+04  0.70354462E-14
  0.35205601E+04  0.69305557E-14
  0.36812233E+04  0.68227234E-14
  0.38492184E+04  0.67121489E-14
  0.40248800E+04  0.65988127E-14
  0.42085582E+04  0.64824951E-14
  0.44006186E+04  0.63636522E-14
  0.46014438E+04  0.62422670E-14
  0.48114338E+04  0.61183469E-14
  0.50310068E+04  0.59919894E-14
  0.52606002E+04  0.58633230E-14
  0.55006712E+04  0.57324075E-14
  0.57516981E+04  0.55993304E-14
  0.60141807E+04  0.54642796E-14
  0.62886419E+04  0.53273348E-14
  0.65756283E+04  0.51886957E-14
  0.68757115E+04  0.50484786E-14
  0.71894893E+04  0.49070524E-14
  0.75175865E+04  0.47641671E-14
  0.78606566E+04  0.46202277E-14
  0.82193830E+04  0.44753981E-14
  0.85944801E+04  0.43299054E-14
  0.89866950E+04  0.41839895E-14
  0.93968089E+04  0.40379714E-14
  0.98256386E+04  0.38918907E-14
  0.10274038E+05  0.37459458E-14
  0.10742901E+05  0.36005283E-14
  0.11233160E+05  0.34558175E-14
  0.11745793E+05  0.33121618E-14
  0.12281820E+05  0.31696647E-14
  0.12842310E+05  0.30287750E-14
  0.13428377E+05  0.28894968E-14
  0.14041190E+05  0.27522513E-14
  0.14681969E+05  0.26171862E-14
  0.15351991E+05  0.24845954E-14
  0.16052589E+05  0.23546071E-14
  0.16785160E+05  0.22275332E-14
  0.17551162E+05  0.21035352E-14
  0.18352121E+05  0.19828532E-14
  0.19189633E+05  0.18655697E-14
  0.20065365E+05  0.17519386E-14
  0.20981061E+05  0.16420073E-14
  0.21938546E+05  0.15359967E-14
  0.22939727E+05  0.14339177E-14
  0.23986596E+05  0.13359334E-14
  0.25081241E+05  0.12420948E-14
  0.26225840E+05  0.11524729E-14
  0.27422674E+05  0.10670554E-14
  0.28674126E+05  0.98586688E-15
  0.29982690E+05  0.90888961E-15
  0.31350970E+05  0.83607294E-15
  0.32781693E+05  0.76743632E-15
  0.34277707E+05  0.70287604E-15
  0.35841994E+05  0.64232988E-15
  0.37477667E+05  0.58566780E-15
  0.39187986E+05  0.53281552E-15
  0.40976356E+05  0.48362507E-15
  0.42846340E+05  0.43797396E-15
  0.44801661E+05  0.39572375E-15
  0.46846215E+05  0.35674098E-15
  0.48984074E+05  0.32087209E-15
  0.51219495E+05  0.28793958E-15
  0.53556932E+05  0.25780295E-15
  0.56001038E+05  0.23028496E-15
  0.58556683E+05  0.20522436E-15
  0.61228957E+05  0.18248507E-15
  0.64023182E+05  0.16189383E-15
  0.66944923E+05  0.14330527E-15
  0.70000000E+05  0.12655909E-15
  Principal QN n  Azimuthal QN l
               2               0
 Electron Energy Probability dst
  0.10000000E+01  0.25385091E-12
  0.10456357E+01  0.25392905E-12
  0.10933540E+01  0.25400990E-12
  0.11432499E+01  0.25409353E-12
  0.11954229E+01  0.25417997E-12
  0.12499768E+01  0.25426927E-12
  0.13070204E+01  0.25436145E-12
  0.13666671E+01  0.25445655E-12
  0.14290359E+01  0.25455458E-12
  0.14942509E+01  0.25465557E-12
  0.15624421E+01  0.25475950E-12
  0.16337452E+01  0.25486637E-12
  0.17083022E+01  0.25497616E-12
  0.17862617E+01  0.25508884E-12
  0.18677790E+01  0.25520434E-12
  0.19530164E+01  0.25532262E-12
  0.20421436E+01  0.25544358E-12
  0.21353382E+01  0.25556711E-12
  0.22327858E+01  0.25569309E-12
  0.23346805E+01  0.25582136E-12
  0.24412252E+01  0.25595175E-12
  0.25526322E+01  0.25608404E-12
  0.26691232E+01  0.25621799E-12
  0.27909305E+01  0.25635332E-12
  0.29182965E+01  0.25648972E-12
  0.30514749E+01  0.25662684E-12
  0.31907310E+01  0.25676428E-12
  0.33363422E+01  0.25690158E-12
  0.34885984E+01  0.25703827E-12
  0.36478030E+01  0.25717379E-12
  0.38142729E+01  0.25730754E-12
  0.39883398E+01  0.25743887E-12
  0.41703504E+01  0.25756704E-12
  0.43606672E+01  0.25769128E-12
  0.45596692E+01  0.25781075E-12
  0.47677528E+01  0.25792451E-12
  0.49853324E+01  0.25803161E-12
  0.52128414E+01  0.25813097E-12
  0.54507329E+01  0.25822150E-12
  0.56994808E+01  0.25830203E-12
  0.59595804E+01  0.25837131E-12
  0.62315499E+01  0.25842806E-12
  0.65159309E+01  0.25847097E-12
  0.68132898E+01  0.25849868E-12
  0.71242189E+01  0.25850983E-12
  0.74493374E+01  0.25850306E-12
  0.77892930E+01  0.25847706E-12
  0.81447626E+01  0.25843057E-12
  0.85164544E+01  0.25836245E-12
  0.89051085E+01  0.25827171E-12
  0.93114992E+01  0.25815757E-12
  0.97364357E+01  0.25801954E-12
  0.10180765E+02  0.25785753E-12
  0.10645371E+02  0.25767188E-12
  0.11131179E+02  0.25746355E-12
  0.11639158E+02  0.25723425E-12
  0.12170319E+02  0.25698661E-12
  0.12725720E+02  0.25672434E-12
  0.13306467E+02  0.25645255E-12
  0.13913716E+02  0.25617798E-12
  0.14548678E+02  0.25590933E-12
  0.15212617E+02  0.25565537E-12
  0.15906855E+02  0.25541826E-12
  0.16632775E+02  0.25519819E-12
  0.17391823E+02  0.25499483E-12
  0.18185510E+02  0.25480720E-12
  0.19015418E+02  0.25463350E-12
  0.19883200E+02  0.25447093E-12
  0.20790583E+02  0.25431544E-12
  0.21739375E+02  0.25416146E-12
  0.22731466E+02  0.25400159E-12
  0.23768832E+02  0.25382623E-12
  0.24853539E+02  0.25362722E-12
  0.25987747E+02  0.25340289E-12
  0.27173715E+02  0.25315259E-12
  0.28413806E+02  0.25287602E-12
  0.29710489E+02  0.25257323E-12
  0.31066348E+02  0.25224480E-12
  0.32484081E+02  0.25189195E-12
  0.33966514E+02  0.25151663E-12
  0.35516599E+02  0.25112179E-12
  0.37137423E+02  0.25071149E-12
  0.38832214E+02  0.25029122E-12
  0.40604349E+02  0.24986812E-12
  0.42457356E+02  0.24945118E-12
  0.44394926E+02  0.24904593E-12
  0.46420918E+02  0.24865161E-12
  0.48539368E+02  0.24826625E-12
  0.50754495E+02  0.24788678E-12
  0.53070711E+02  0.24750884E-12
  0.55492628E+02  0.24712645E-12
  0.58025072E+02  0.24673168E-12
  0.60673085E+02  0.24631707E-12
  0.63441942E+02  0.24588137E-12
  0.66337158E+02  0.24542471E-12
  0.69364499E+02  0.24494749E-12
  0.72529995E+02  0.24445047E-12
  0.75839950E+02  0.24393486E-12
  0.79300958E+02  0.24340238E-12
  0.82919910E+02  0.24285539E-12
  0.86704016E+02  0.24229664E-12
  0.90660813E+02  0.24172653E-12
  0.94798180E+02  0.24114400E-12
  0.99124359E+02  0.24054759E-12
  0.10364797E+03  0.23993543E-12
  0.10837801E+03  0.23930504E-12
  0.11332391E+03  0.23865412E-12
  0.11849553E+03  0.23798215E-12
  0.12390315E+03  0.23728898E-12
  0.12955756E+03  0.23657455E-12
  0.13547000E+03  0.23583889E-12
  0.14165227E+03  0.23508209E-12
  0.14811666E+03  0.23430397E-12
  0.15487607E+03  0.23350316E-12
  0.16194394E+03  0.23267780E-12
  0.16933436E+03  0.23182553E-12
  0.17706205E+03  0.23094352E-12
  0.18514240E+03  0.23002943E-12
  0.19359150E+03  0.22908196E-12
  0.20242617E+03  0.22809980E-12
  0.21166403E+03  0.22708148E-12
  0.22132346E+03  0.22602550E-12
  0.23142371E+03  0.22493072E-12
  0.24198488E+03  0.22379617E-12
  0.25302803E+03  0.22262087E-12
  0.26457513E+03  0.22140379E-12
  0.27664920E+03  0.22014299E-12
  0.28927427E+03  0.21883584E-12
  0.30247550E+03  0.21747929E-12
  0.31627917E+03  0.21607110E-12
  0.33071278E+03  0.21461174E-12
  0.34580508E+03  0.21310262E-12
  0.36158613E+03  0.21154568E-12
  0.37808736E+03  0.20993837E-12
  0.39534163E+03  0.20827238E-12
  0.41338331E+03  0.20653791E-12
  0.43224834E+03  0.20473264E-12
  0.45197428E+03  0.20286100E-12
  0.47260044E+03  0.20092942E-12
  0.49416788E+03  0.19894115E-12
  0.51671956E+03  0.19689035E-12
  0.54030041E+03  0.19476993E-12
  0.56495738E+03  0.19257800E-12
  0.59073959E+03  0.19031473E-12
  0.61769839E+03  0.18798103E-12
  0.64588748E+03  0.18558062E-12
  0.67536299E+03  0.18311827E-12
  0.70618363E+03  0.18059213E-12
  0.73841080E+03  0.17799662E-12
  0.77210867E+03  0.17532730E-12
  0.80734438E+03  0.17259355E-12
  0.84418808E+03  0.16980270E-12
  0.88271317E+03  0.16694625E-12
  0.92299639E+03  0.16401329E-12
  0.96511795E+03  0.16102381E-12
  0.10091618E+04  0.15800789E-12
  0.10552155E+04  0.15494126E-12
  0.11033710E+04  0.15178716E-12
  0.11537241E+04  0.14856111E-12
  0.12063751E+04  0.14529809E-12
  0.12614288E+04  0.14199760E-12
  0.13189950E+04  0.13865412E-12
  0.13791882E+04  0.13526316E-12
  0.14421284E+04  0.13183139E-12
  0.15079409E+04  0.12837180E-12
  0.15767568E+04  0.12488146E-12
  0.16487131E+04  0.12135763E-12
  0.17239533E+04  0.11781122E-12
  0.18026270E+04  0.11424741E-12
  0.18848911E+04  0.11066985E-12
  0.19709094E+04  0.10708783E-12
  0.20608532E+04  0.10350241E-12
  0.21549016E+04  0.99915327E-13
  0.22532420E+04  0.96335604E-13
  0.23560703E+04  0.92769573E-13
  0.24635911E+04  0.89217574E-13
  0.25760188E+04  0.85686777E-13
  0.26935771E+04  0.82190316E-13
  0.28165003E+04  0.78727204E-13
  0.29450332E+04  0.75302927E-13
  0.30794318E+04  0.71923922E-13
  0.32199637E+04  0.68591510E-13
  0.33669090E+04  0.65314993E-13
  0.35205601E+04  0.62104176E-13
  0.36812233E+04  0.58957030E-13
  0.38492184E+04  0.55885979E-13
  0.40248800E+04  0.52881556E-13
  0.42085582E+04  0.49946596E-13
  0.44006186E+04  0.47116605E-13
  0.46014438E+04  0.44364669E-13
  0.48114338E+04  0.41703871E-13
  0.50310068E+04  0.39134927E-13
  0.52606002E+04  0.36661005E-13
  0.55006712E+04  0.34281769E-13
  0.57516981E+04  0.32002200E-13
  0.60141807E+04  0.29821107E-13
  0.62886419E+04  0.27739218E-13
  0.65756283E+04  0.25756397E-13
  0.68757115E+04  0.23872251E-13
  0.71894893E+04  0.22085896E-13
  0.75175865E+04  0.20395764E-13
  0.78606566E+04  0.18800686E-13
  0.82193830E+04  0.17298211E-13
  0.85944801E+04  0.15886834E-13
  0.89866950E+04  0.14563789E-13
  0.93968089E+04  0.13326598E-13
  0.98256386E+04  0.12172002E-13
  0.10274038E+05  0.11096717E-13
  0.10742901E+05  0.10098029E-13
  0.11233160E+05  0.91723348E-14
  0.11745793E+05  0.83165380E-14
  0.12281820E+05  0.75267293E-14
  0.12842310E+05  0.67999519E-14
  0.13428377E+05  0.61319336E-14
  0.14041190E+05  0.55198229E-14
  0.14681969E+05  0.49600308E-14
  0.15351991E+05  0.44489630E-14
  0.16052589E+05  0.39835687E-14
  0.16785160E+05  0.35607492E-14
  0.17551162E+05  0.31772682E-14
  0.18352121E+05  0.28302380E-14
  0.19189633E+05  0.25167404E-14
  0.20065365E+05  0.22342519E-14
  0.20981061E+05  0.19800842E-14
  0.21938546E+05  0.17519545E-14
  0.22939727E+05  0.15473323E-14
  0.23986596E+05  0.13647491E-14
  0.25081241E+05  0.12015587E-14
  0.26225840E+05  0.10562176E-14
  0.27422674E+05  0.92697569E-15
  0.28674126E+05  0.81225436E-15
  0.29982690E+05  0.71061503E-15
  0.31350970E+05  0.62074242E-15
  0.32781693E+05  0.54139824E-15
  0.34277707E+05  0.47148034E-15
  0.35841994E+05  0.40997269E-15
  0.37477667E+05  0.35595428E-15
  0.39187986E+05  0.30859320E-15
  0.40976356E+05  0.26714628E-15
  0.42846340E+05  0.23091817E-15
  0.44801661E+05  0.19931368E-15
  0.46846215E+05  0.17178615E-15
  0.48984074E+05  0.14785330E-15
  0.51219495E+05  0.12707395E-15
  0.53556932E+05  0.10906454E-15
  0.56001038E+05  0.93470251E-16
  0.58556683E+05  0.79988187E-16
  0.61228957E+05  0.68362053E-16
  0.64023182E+05  0.58346660E-16
  0.66944923E+05  0.49731872E-16
  0.70000000E+05  0.42330896E-16
  Principal QN n  Azimuthal QN l
               2               1
 Electron Energy Probability dst
  0.10000000E+01  0.14179232E-11
  0.10456357E+01  0.14245720E-11
  0.10933540E+01  0.14314608E-11
  0.11432499E+01  0.14385951E-11
  0.11954229E+01  0.14459798E-11
  0.12499768E+01  0.14536198E-11
  0.13070204E+01  0.14615196E-11
  0.13666671E+01  0.14696832E-11
  0.14290359E+01  0.14781141E-11
  0.14942509E+01  0.14868155E-11
  0.15624421E+01  0.14957898E-11
  0.16337452E+01  0.15050386E-11
  0.17083022E+01  0.15145628E-11
  0.17862617E+01  0.15243626E-11
  0.18677790E+01  0.15344368E-11
  0.19530164E+01  0.15447833E-11
  0.20421436E+01  0.15553988E-11
  0.21353382E+01  0.15662784E-11
  0.22327858E+01  0.15774158E-11
  0.23346805E+01  0.15888031E-11
  0.24412252E+01  0.16004303E-11
  0.25526322E+01  0.16122855E-11
  0.26691232E+01  0.16243547E-11
  0.27909305E+01  0.16366213E-11
  0.29182965E+01  0.16490663E-11
  0.30514749E+01  0.16616677E-11
  0.31907310E+01  0.16744008E-11
  0.33363422E+01  0.16872373E-11
  0.34885984E+01  0.17001459E-11
  0.36478030E+01  0.17130912E-11
  0.38142729E+01  0.17260344E-11
  0.39883398E+01  0.17389325E-11
  0.41703504E+01  0.17517384E-11
  0.43606672E+01  0.17644005E-11
  0.45596692E+01  0.17768630E-11
  0.47677528E+01  0.17890654E-11
  0.49853324E+01  0.18009429E-11
  0.52128414E+01  0.18124262E-11
  0.54507329E+01  0.18234417E-11
  0.56994808E+01  0.18339119E-11
  0.59595804E+01  0.18437557E-11
  0.62315499E+01  0.18528889E-11
  0.65159309E+01  0.18612252E-11
  0.68132898E+01  0.18686772E-11
  0.71242189E+01  0.18751574E-11
  0.74493374E+01  0.18805803E-11
  0.77892930E+01  0.18848643E-11
  0.81447626E+01  0.18879340E-11
  0.85164544E+01  0.18897241E-11
  0.89051085E+01  0.18901822E-11
  0.93114992E+01  0.18892743E-11
  0.97364357E+01  0.18869901E-11
  0.10180765E+02  0.18833495E-11
  0.10645371E+02  0.18784109E-11
  0.11131179E+02  0.18722804E-11
  0.11639158E+02  0.18651234E-11
  0.12170319E+02  0.18571775E-11
  0.12725720E+02  0.18487688E-11
  0.13306467E+02  0.18403298E-11
  0.13913716E+02  0.18324216E-11
  0.14548678E+02  0.18257592E-11
  0.15212617E+02  0.18210592E-11
  0.15906855E+02  0.18185112E-11
  0.16632775E+02  0.18181418E-11
  0.17391823E+02  0.18199300E-11
  0.18185510E+02  0.18237951E-11
  0.19015418E+02  0.18295807E-11
  0.19883200E+02  0.18370376E-11
  0.20790583E+02  0.18458019E-11
  0.21739375E+02  0.18553702E-11
  0.22731466E+02  0.18650703E-11
  0.23768832E+02  0.18740286E-11
  0.24853539E+02  0.18815007E-11
  0.25987747E+02  0.18873302E-11
  0.27173715E+02  0.18914526E-11
  0.28413806E+02  0.18938295E-11
  0.29710489E+02  0.18944566E-11
  0.31066348E+02  0.18933730E-11
  0.32484081E+02  0.18906724E-11
  0.33966514E+02  0.18865172E-11
  0.35516599E+02  0.18811534E-11
  0.37137423E+02  0.18749306E-11
  0.38832214E+02  0.18683231E-11
  0.40604349E+02  0.18619571E-11
  0.42457356E+02  0.18566257E-11
  0.44394926E+02  0.18528149E-11
  0.46420918E+02  0.18504518E-11
  0.48539368E+02  0.18493613E-11
  0.50754495E+02  0.18492812E-11
  0.53070711E+02  0.18498432E-11
  0.55492628E+02  0.18505502E-11
  0.58025072E+02  0.18507493E-11
  0.60673085E+02  0.18498328E-11
  0.63441942E+02  0.18477111E-11
  0.66337158E+02  0.18444177E-11
  0.69364499E+02  0.18400244E-11
  0.72529995E+02  0.18346501E-11
  0.75839950E+02  0.18284720E-11
  0.79300958E+02  0.18217383E-11
  0.82919910E+02  0.18147833E-11
  0.86704016E+02  0.18079957E-11
  0.90660813E+02  0.18014667E-11
  0.94798180E+02  0.17951032E-11
  0.99124359E+02  0.17887740E-11
  0.10364797E+03  0.17823029E-11
  0.10837801E+03  0.17754593E-11
  0.11332391E+03  0.17680343E-11
  0.11849553E+03  0.17600159E-11
  0.12390315E+03  0.17514438E-11
  0.12955756E+03  0.17423787E-11
  0.13547000E+03  0.17329069E-11
  0.14165227E+03  0.17231456E-11
  0.14811666E+03  0.17131974E-11
  0.15487607E+03  0.17030521E-11
  0.16194394E+03  0.16926715E-11
  0.16933436E+03  0.16820051E-11
  0.17706205E+03  0.16709889E-11
  0.18514240E+03  0.16595842E-11
  0.19359150E+03  0.16477980E-11
  0.20242617E+03  0.16356449E-11
  0.21166403E+03  0.16231462E-11
  0.22132346E+03  0.16103250E-11
  0.23142371E+03  0.15971799E-11
  0.24198488E+03  0.15836975E-11
  0.25302803E+03  0.15698608E-11
  0.26457513E+03  0.15556491E-11
  0.27664920E+03  0.15410481E-11
  0.28927427E+03  0.15260458E-11
  0.30247550E+03  0.15106277E-11
  0.31627917E+03  0.14947812E-11
  0.33071278E+03  0.14785034E-11
  0.34580508E+03  0.14617934E-11
  0.36158613E+03  0.14446498E-11
  0.37808736E+03  0.14270577E-11
  0.39534163E+03  0.14089847E-11
  0.41338331E+03  0.13903920E-11
  0.43224834E+03  0.13712671E-11
  0.45197428E+03  0.13516202E-11
  0.47260044E+03  0.13314667E-11
  0.49416788E+03  0.13108246E-11
  0.51671956E+03  0.12897126E-11
  0.54030041E+03  0.12681457E-11
  0.56495738E+03  0.12461028E-11
  0.59073959E+03  0.12235426E-11
  0.61769839E+03  0.12004230E-11
  0.64588748E+03  0.11767866E-11
  0.67536299E+03  0.11527219E-11
  0.70618363E+03  0.11282552E-11
  0.73841080E+03  0.11033822E-11
  0.77210867E+03  0.10781022E-11
  0.80734438E+03  0.10524605E-11
  0.84418808E+03  0.10265034E-11
  0.88271317E+03  0.10002401E-11
  0.92299639E+03  0.97367277E-12
  0.96511795E+03  0.94684524E-12
  0.10091618E+04  0.91982483E-12
  0.10552155E+04  0.89263376E-12
  0.11033710E+04  0.86528345E-12
  0.11537241E+04  0.83781576E-12
  0.12063751E+04  0.81028514E-12
  0.12614288E+04  0.78272665E-12
  0.13189950E+04  0.75517326E-12
  0.13791882E+04  0.72766790E-12
  0.14421284E+04  0.70025289E-12
  0.15079409E+04  0.67296774E-12
  0.15767568E+04  0.64586641E-12
  0.16487131E+04  0.61899452E-12
  0.17239533E+04  0.59237192E-12
  0.18026270E+04  0.56603916E-12
  0.18848911E+04  0.54005570E-12
  0.19709094E+04  0.51447819E-12
  0.20608532E+04  0.48931915E-12
  0.21549016E+04  0.46460300E-12
  0.22532420E+04  0.44039440E-12
  0.23560703E+04  0.41672040E-12
  0.24635911E+04  0.39363485E-12
  0.25760188E+04  0.37116458E-12
  0.26935771E+04  0.34930371E-12
  0.28165003E+04  0.32811696E-12
  0.29450332E+04  0.30762324E-12
  0.30794318E+04  0.28784313E-12
  0.32199637E+04  0.26880654E-12
  0.33669090E+04  0.25052430E-12
  0.35205601E+04  0.23300407E-12
  0.36812233E+04  0.21626125E-12
  0.38492184E+04  0.20030640E-12
  0.40248800E+04  0.18513606E-12
  0.42085582E+04  0.17075416E-12
  0.44006186E+04  0.15715016E-12
  0.46014438E+04  0.14431873E-12
  0.48114338E+04  0.13225184E-12
  0.50310068E+04  0.12092934E-12
  0.52606002E+04  0.11033452E-12
  0.55006712E+04  0.10044541E-12
  0.57516981E+04  0.91241942E-13
  0.60141807E+04  0.82697545E-13
  0.62886419E+04  0.74787869E-13
  0.65756283E+04  0.67484251E-13
  0.68757115E+04  0.60759020E-13
  0.71894893E+04  0.54581532E-13
  0.75175865E+04  0.48921416E-13
  0.78606566E+04  0.43750333E-13
  0.82193830E+04  0.39038556E-13
  0.85944801E+04  0.34757520E-13
  0.89866950E+04  0.30878000E-13
  0.93968089E+04  0.27372501E-13
  0.98256386E+04  0.24210789E-13
  0.10274038E+05  0.21366636E-13
  0.10742901E+05  0.18815812E-13
  0.11233160E+05  0.16534136E-13
  0.11745793E+05  0.14498144E-13
  0.12281820E+05  0.12688512E-13
  0.12842310E+05  0.11079695E-13
  0.13428377E+05  0.96539721E-14
  0.14041190E+05  0.83943548E-14
  0.14681969E+05  0.72838195E-14
  0.15351991E+05  0.63080957E-14
  0.16052589E+05  0.54519316E-14
  0.16785160E+05  0.47049850E-14
  0.17551162E+05  0.40502867E-14
  0.18352121E+05  0.34798797E-14
  0.19189633E+05  0.29841049E-14
  0.20065365E+05  0.25542210E-14
  0.20981061E+05  0.21821786E-14
  0.21938546E+05  0.18609040E-14
  0.22939727E+05  0.15853226E-14
  0.23986596E+05  0.13470522E-14
  0.25081241E+05  0.11424815E-14
  0.26225840E+05  0.96733008E-15
  0.27422674E+05  0.81762402E-15
  0.28674126E+05  0.68991622E-15
  0.29982690E+05  0.58140891E-15
  0.31350970E+05  0.48938341E-15
  0.32781693E+05  0.41085382E-15
  0.34277707E+05  0.34438209E-15
  0.35841994E+05  0.28818850E-15
  0.37477667E+05  0.24079812E-15
  0.39187986E+05  0.20089688E-15
  0.40976356E+05  0.16747130E-15
  0.42846340E+05  0.13939210E-15
  0.44801661E+05  0.11574361E-15
  0.46846215E+05  0.95966566E-16
  0.48984074E+05  0.79434058E-16
  0.51219495E+05  0.65675375E-16
  0.53556932E+05  0.54201359E-16
  0.56001038E+05  0.44808241E-16
  0.58556683E+05  0.36867903E-16
  0.61228957E+05  0.30300336E-16
  0.64023182E+05  0.24866735E-16
  0.66944923E+05  0.20377049E-16
  0.70000000E+05  0.16685228E-16
  Principal QN n  Azimuthal QN l
               3               0
 Electron Energy Probability dst
  0.10000000E+01  0.37456130E-11
  0.10456357E+01  0.37467808E-11
  0.10933540E+01  0.37479776E-11
  0.11432499E+01  0.37492028E-11
  0.11954229E+01  0.37504555E-11
  0.12499768E+01  0.37517345E-11
  0.13070204E+01  0.37530385E-11
  0.13666671E+01  0.37543661E-11
  0.14290359E+01  0.37557152E-11
  0.14942509E+01  0.37570838E-11
  0.15624421E+01  0.37584694E-11
  0.16337452E+01  0.37598693E-11
  0.17083022E+01  0.37612801E-11
  0.17862617E+01  0.37626985E-11
  0.18677790E+01  0.37641204E-11
  0.19530164E+01  0.37655415E-11
  0.20421436E+01  0.37669567E-11
  0.21353382E+01  0.37683609E-11
  0.22327858E+01  0.37697480E-11
  0.23346805E+01  0.37711118E-11
  0.24412252E+01  0.37724452E-11
  0.25526322E+01  0.37737409E-11
  0.26691232E+01  0.37749907E-11
  0.27909305E+01  0.37761862E-11
  0.29182965E+01  0.37773182E-11
  0.30514749E+01  0.37783772E-11
  0.31907310E+01  0.37793533E-11
  0.33363422E+01  0.37802359E-11
  0.34885984E+01  0.37810146E-11
  0.36478030E+01  0.37816786E-11
  0.38142729E+01  0.37822170E-11
  0.39883398E+01  0.37826193E-11
  0.41703504E+01  0.37828755E-11
  0.43606672E+01  0.37829762E-11
  0.45596692E+01  0.37829131E-11
  0.47677528E+01  0.37826799E-11
  0.49853324E+01  0.37822719E-11
  0.52128414E+01  0.37816878E-11
  0.54507329E+01  0.37809294E-11
  0.56994808E+01  0.37800034E-11
  0.59595804E+01  0.37789190E-11
  0.62315499E+01  0.37776703E-11
  0.65159309E+01  0.37762442E-11
  0.68132898E+01  0.37746278E-11
  0.71242189E+01  0.37728075E-11
  0.74493374E+01  0.37707700E-11
  0.77892930E+01  0.37685020E-11
  0.81447626E+01  0.37659906E-11
  0.85164544E+01  0.37632237E-11
  0.89051085E+01  0.37601900E-11
  0.93114992E+01  0.37568799E-11
  0.97364357E+01  0.37532859E-11
  0.10180765E+02  0.37494031E-11
  0.10645371E+02  0.37452300E-11
  0.11131179E+02  0.37407695E-11
  0.11639158E+02  0.37360262E-11
  0.12170319E+02  0.37309924E-11
  0.12725720E+02  0.37256576E-11
  0.13306467E+02  0.37200124E-11
  0.13913716E+02  0.37140490E-11
  0.14548678E+02  0.37077618E-11
  0.15212617E+02  0.37011473E-11
  0.15906855E+02  0.36942060E-11
  0.16632775E+02  0.36869419E-11
  0.17391823E+02  0.36793644E-11
  0.18185510E+02  0.36714889E-11
  0.19015418E+02  0.36633313E-11
  0.19883200E+02  0.36548879E-11
  0.20790583E+02  0.36461499E-11
  0.21739375E+02  0.36371084E-11
  0.22731466E+02  0.36277537E-11
  0.23768832E+02  0.36180752E-11
  0.24853539E+02  0.36080617E-11
  0.25987747E+02  0.35977009E-11
  0.27173715E+02  0.35869794E-11
  0.28413806E+02  0.35758874E-11
  0.29710489E+02  0.35644164E-11
  0.31066348E+02  0.35525584E-11
  0.32484081E+02  0.35403051E-11
  0.33966514E+02  0.35276486E-11
  0.35516599E+02  0.35145808E-11
  0.37137423E+02  0.35010938E-11
  0.38832214E+02  0.34871793E-11
  0.40604349E+02  0.34728278E-11
  0.42457356E+02  0.34580292E-11
  0.44394926E+02  0.34427727E-11
  0.46420918E+02  0.34270463E-11
  0.48539368E+02  0.34108367E-11
  0.50754495E+02  0.33941291E-11
  0.53070711E+02  0.33769074E-11
  0.55492628E+02  0.33591532E-11
  0.58025072E+02  0.33408455E-11
  0.60673085E+02  0.33219594E-11
  0.63441942E+02  0.33024659E-11
  0.66337158E+02  0.32823406E-11
  0.69364499E+02  0.32615668E-11
  0.72529995E+02  0.32401273E-11
  0.75839950E+02  0.32180033E-11
  0.79300958E+02  0.31951741E-11
  0.82919910E+02  0.31716192E-11
  0.86704016E+02  0.31473211E-11
  0.90660813E+02  0.31222609E-11
  0.94798180E+02  0.30964184E-11
  0.99124359E+02  0.30697740E-11
  0.10364797E+03  0.30423169E-11
  0.10837801E+03  0.30140393E-11
  0.11332391E+03  0.29849348E-11
  0.11849553E+03  0.29549965E-11
  0.12390315E+03  0.29242111E-11
  0.12955756E+03  0.28925616E-11
  0.13547000E+03  0.28600287E-11
  0.14165227E+03  0.28265983E-11
  0.14811666E+03  0.27922846E-11
  0.15487607E+03  0.27571144E-11
  0.16194394E+03  0.27211139E-11
  0.16933436E+03  0.26842541E-11
  0.17706205E+03  0.26464695E-11
  0.18514240E+03  0.26076797E-11
  0.19359150E+03  0.25678608E-11
  0.20242617E+03  0.25270487E-11
  0.21166403E+03  0.24852918E-11
  0.22132346E+03  0.24426361E-11
  0.23142371E+03  0.23991208E-11
  0.24198488E+03  0.23547834E-11
  0.25302803E+03  0.23096154E-11
  0.26457513E+03  0.22635789E-11
  0.27664920E+03  0.22166574E-11
  0.28927427E+03  0.21689222E-11
  0.30247550E+03  0.21204697E-11
  0.31627917E+03  0.20713549E-11
  0.33071278E+03  0.20215859E-11
  0.34580508E+03  0.19711889E-11
  0.36158613E+03  0.19202272E-11
  0.37808736E+03  0.18687745E-11
  0.39534163E+03  0.18169208E-11
  0.41338331E+03  0.17647435E-11
  0.43224834E+03  0.17122219E-11
  0.45197428E+03  0.16593309E-11
  0.47260044E+03  0.16062554E-11
  0.49416788E+03  0.15532187E-11
  0.51671956E+03  0.15002088E-11
  0.54030041E+03  0.14471886E-11
  0.56495738E+03  0.13943035E-11
  0.59073959E+03  0.13416708E-11
  0.61769839E+03  0.12893073E-11
  0.64588748E+03  0.12373844E-11
  0.67536299E+03  0.11861357E-11
  0.70618363E+03  0.11353601E-11
  0.73841080E+03  0.10850765E-11
  0.77210867E+03  0.10358325E-11
  0.80734438E+03  0.98760509E-12
  0.84418808E+03  0.94018493E-12
  0.88271317E+03  0.89364190E-12
  0.92299639E+03  0.84821442E-12
  0.96511795E+03  0.80402285E-12
  0.10091618E+04  0.76098358E-12
  0.10552155E+04  0.71910149E-12
  0.11033710E+04  0.67852799E-12
  0.11537241E+04  0.63934250E-12
  0.12063751E+04  0.60147811E-12
  0.12614288E+04  0.56493216E-12
  0.13189950E+04  0.52986015E-12
  0.13791882E+04  0.49622396E-12
  0.14421284E+04  0.46401447E-12
  0.15079409E+04  0.43319211E-12
  0.15767568E+04  0.40379512E-12
  0.16487131E+04  0.37585920E-12
  0.17239533E+04  0.34931631E-12
  0.18026270E+04  0.32416344E-12
  0.18848911E+04  0.30035547E-12
  0.19709094E+04  0.27787829E-12
  0.20608532E+04  0.25671051E-12
  0.21549016E+04  0.23680171E-12
  0.22532420E+04  0.21811594E-12
  0.23560703E+04  0.20061209E-12
  0.24635911E+04  0.18424599E-12
  0.25760188E+04  0.16896543E-12
  0.26935771E+04  0.15473532E-12
  0.28165003E+04  0.14149186E-12
  0.29450332E+04  0.12920907E-12
  0.30794318E+04  0.11782321E-12
  0.32199637E+04  0.10729571E-12
  0.33669090E+04  0.97577383E-13
  0.35205601E+04  0.88602767E-13
  0.36812233E+04  0.80359273E-13
  0.38492184E+04  0.72778631E-13
  0.40248800E+04  0.65830147E-13
  0.42085582E+04  0.59466928E-13
  0.44006186E+04  0.53646856E-13
  0.46014438E+04  0.48335419E-13
  0.48114338E+04  0.43492792E-13
  0.50310068E+04  0.39088364E-13
  0.52606002E+04  0.35086494E-13
  0.55006712E+04  0.31455203E-13
  0.57516981E+04  0.28167291E-13
  0.60141807E+04  0.25185223E-13
  0.62886419E+04  0.22497303E-13
  0.65756283E+04  0.20070958E-13
  0.68757115E+04  0.17885937E-13
  0.71894893E+04  0.15919510E-13
  0.75175865E+04  0.14151516E-13
  0.78606566E+04  0.12564284E-13
  0.82193830E+04  0.11142582E-13
  0.85944801E+04  0.98695984E-14
  0.89866950E+04  0.87320309E-14
  0.93968089E+04  0.77170117E-14
  0.98256386E+04  0.68117649E-14
  0.10274038E+05  0.60052806E-14
  0.10742901E+05  0.52882514E-14
  0.11233160E+05  0.46516106E-14
  0.11745793E+05  0.40870852E-14
  0.12281820E+05  0.35872476E-14
  0.12842310E+05  0.31448722E-14
  0.13428377E+05  0.27542275E-14
  0.14041190E+05  0.24095399E-14
  0.14681969E+05  0.21055783E-14
  0.15351991E+05  0.18380687E-14
  0.16052589E+05  0.16031448E-14
  0.16785160E+05  0.13966251E-14
  0.17551162E+05  0.12157128E-14
  0.18352121E+05  0.10569909E-14
  0.19189633E+05  0.91812202E-15
  0.20065365E+05  0.79673590E-15
  0.20981061E+05  0.69074384E-15
  0.21938546E+05  0.59813253E-15
  0.22939727E+05  0.51760764E-15
  0.23986596E+05  0.44746488E-15
  0.25081241E+05  0.38639790E-15
  0.26225840E+05  0.33330521E-15
  0.27422674E+05  0.28728170E-15
  0.28674126E+05  0.24735259E-15
  0.29982690E+05  0.21274108E-15
  0.31350970E+05  0.18277845E-15
  0.32781693E+05  0.15692920E-15
  0.34277707E+05  0.13457204E-15
  0.35841994E+05  0.11530604E-15
  0.37477667E+05  0.98674697E-16
  0.39187986E+05  0.84414850E-16
  0.40976356E+05  0.72084379E-16
  0.42846340E+05  0.61544754E-16
  0.44801661E+05  0.52481795E-16
  0.46846215E+05  0.44708258E-16
  0.48984074E+05  0.38043257E-16
  0.51219495E+05  0.32341911E-16
  0.53556932E+05  0.27478089E-16
  0.56001038E+05  0.23310785E-16
  0.58556683E+05  0.19755867E-16
  0.61228957E+05  0.16731314E-16
  0.64023182E+05  0.14150987E-16
  0.66944923E+05  0.11960711E-16
  0.70000000E+05  0.10093821E-16
  Principal QN n  Azimuthal QN l
               3               1
 Electron Energy Probability dst
  0.10000000E+01  0.19317961E-10
  0.10456357E+01  0.19411906E-10
  0.10933540E+01  0.19508501E-10
  0.11432499E+01  0.19607731E-10
  0.11954229E+01  0.19709572E-10
  0.12499768E+01  0.19813988E-10
  0.13070204E+01  0.19920930E-10
  0.13666671E+01  0.20030335E-10
  0.14290359E+01  0.20142125E-10
  0.14942509E+01  0.20256206E-10
  0.15624421E+01  0.20372466E-10
  0.16337452E+01  0.20490775E-10
  0.17083022E+01  0.20610983E-10
  0.17862617E+01  0.20732917E-10
  0.18677790E+01  0.20856386E-10
  0.19530164E+01  0.20981174E-10
  0.20421436E+01  0.21107039E-10
  0.21353382E+01  0.21233719E-10
  0.22327858E+01  0.21360925E-10
  0.23346805E+01  0.21488344E-10
  0.24412252E+01  0.21615641E-10
  0.25526322E+01  0.21742457E-10
  0.26691232E+01  0.21868412E-10
  0.27909305E+01  0.21993110E-10
  0.29182965E+01  0.22116140E-10
  0.30514749E+01  0.22237083E-10
  0.31907310E+01  0.22355519E-10
  0.33363422E+01  0.22471031E-10
  0.34885984E+01  0.22583224E-10
  0.36478030E+01  0.22691732E-10
  0.38142729E+01  0.22796235E-10
  0.39883398E+01  0.22896483E-10
  0.41703504E+01  0.22992316E-10
  0.43606672E+01  0.23083698E-10
  0.45596692E+01  0.23170748E-10
  0.47677528E+01  0.23253780E-10
  0.49853324E+01  0.23332998E-10
  0.52128414E+01  0.23408228E-10
  0.54507329E+01  0.23479339E-10
  0.56994808E+01  0.23546310E-10
  0.59595804E+01  0.23609193E-10
  0.62315499E+01  0.23667777E-10
  0.65159309E+01  0.23721763E-10
  0.68132898E+01  0.23770908E-10
  0.71242189E+01  0.23815049E-10
  0.74493374E+01  0.23854127E-10
  0.77892930E+01  0.23888217E-10
  0.81447626E+01  0.23917564E-10
  0.85164544E+01  0.23942624E-10
  0.89051085E+01  0.23963817E-10
  0.93114992E+01  0.23981030E-10
  0.97364357E+01  0.23994111E-10
  0.10180765E+02  0.24002974E-10
  0.10645371E+02  0.24007619E-10
  0.11131179E+02  0.24008157E-10
  0.11639158E+02  0.24004775E-10
  0.12170319E+02  0.23997553E-10
  0.12725720E+02  0.23986609E-10
  0.13306467E+02  0.23972188E-10
  0.13913716E+02  0.23954689E-10
  0.14548678E+02  0.23934638E-10
  0.15212617E+02  0.23912198E-10
  0.15906855E+02  0.23887314E-10
  0.16632775E+02  0.23859956E-10
  0.17391823E+02  0.23830134E-10
  0.18185510E+02  0.23797902E-10
  0.19015418E+02  0.23763340E-10
  0.19883200E+02  0.23726459E-10
  0.20790583E+02  0.23687283E-10
  0.21739375E+02  0.23645866E-10
  0.22731466E+02  0.23602179E-10
  0.23768832E+02  0.23556136E-10
  0.24853539E+02  0.23507655E-10
  0.25987747E+02  0.23456660E-10
  0.27173715E+02  0.23403086E-10
  0.28413806E+02  0.23346881E-10
  0.29710489E+02  0.23287999E-10
  0.31066348E+02  0.23226332E-10
  0.32484081E+02  0.23161745E-10
  0.33966514E+02  0.23094096E-10
  0.35516599E+02  0.23023235E-10
  0.37137423E+02  0.22949006E-10
  0.38832214E+02  0.22871243E-10
  0.40604349E+02  0.22789770E-10
  0.42457356E+02  0.22704409E-10
  0.44394926E+02  0.22614969E-10
  0.46420918E+02  0.22521253E-10
  0.48539368E+02  0.22423053E-10
  0.50754495E+02  0.22320157E-10
  0.53070711E+02  0.22212364E-10
  0.55492628E+02  0.22099483E-10
  0.58025072E+02  0.21981322E-10
  0.60673085E+02  0.21857693E-10
  0.63441942E+02  0.21728411E-10
  0.66337158E+02  0.21593285E-10
  0.69364499E+02  0.21452129E-10
  0.72529995E+02  0.21304767E-10
  0.75839950E+02  0.21151039E-10
  0.79300958E+02  0.20990826E-10
  0.82919910E+02  0.20824046E-10
  0.86704016E+02  0.20650642E-10
  0.90660813E+02  0.20470599E-10
  0.94798180E+02  0.20283910E-10
  0.99124359E+02  0.20090486E-10
  0.10364797E+03  0.19890237E-10
  0.10837801E+03  0.19683100E-10
  0.11332391E+03  0.19469050E-10
  0.11849553E+03  0.19248101E-10
  0.12390315E+03  0.19020267E-10
  0.12955756E+03  0.18785604E-10
  0.13547000E+03  0.18544235E-10
  0.14165227E+03  0.18296338E-10
  0.14811666E+03  0.18042030E-10
  0.15487607E+03  0.17781140E-10
  0.16194394E+03  0.17513392E-10
  0.16933436E+03  0.17238657E-10
  0.17706205E+03  0.16957336E-10
  0.18514240E+03  0.16670064E-10
  0.19359150E+03  0.16377160E-10
  0.20242617E+03  0.16078339E-10
  0.21166403E+03  0.15773214E-10
  0.22132346E+03  0.15461993E-10
  0.23142371E+03  0.15145385E-10
  0.24198488E+03  0.14824012E-10
  0.25302803E+03  0.14497713E-10
  0.26457513E+03  0.14166108E-10
  0.27664920E+03  0.13829500E-10
  0.28927427E+03  0.13488670E-10
  0.30247550E+03  0.13144111E-10
  0.31627917E+03  0.12795971E-10
  0.33071278E+03  0.12444404E-10
  0.34580508E+03  0.12089729E-10
  0.36158613E+03  0.11732295E-10
  0.37808736E+03  0.11372465E-10
  0.39534163E+03  0.11010859E-10
  0.41338331E+03  0.10648286E-10
  0.43224834E+03  0.10285027E-10
  0.45197428E+03  0.99209693E-11
  0.47260044E+03  0.95571605E-11
  0.49416788E+03  0.91948952E-11
  0.51671956E+03  0.88343036E-11
  0.54030041E+03  0.84755384E-11
  0.56495738E+03  0.81192417E-11
  0.59073959E+03  0.77662060E-11
  0.61769839E+03  0.74173494E-11
  0.64588748E+03  0.70734184E-11
  0.67536299E+03  0.67348530E-11
  0.70618363E+03  0.64021812E-11
  0.73841080E+03  0.60760738E-11
  0.77210867E+03  0.57570100E-11
  0.80734438E+03  0.54456249E-11
  0.84418808E+03  0.51425162E-11
  0.88271317E+03  0.48479330E-11
  0.92299639E+03  0.45621420E-11
  0.96511795E+03  0.42857651E-11
  0.10091618E+04  0.40191867E-11
  0.10552155E+04  0.37624418E-11
  0.11033710E+04  0.35157904E-11
  0.11537241E+04  0.32793928E-11
  0.12063751E+04  0.30533248E-11
  0.12614288E+04  0.28376424E-11
  0.13189950E+04  0.26324115E-11
  0.13791882E+04  0.24374820E-11
  0.14421284E+04  0.22528019E-11
  0.15079409E+04  0.20782559E-11
  0.15767568E+04  0.19136652E-11
  0.16487131E+04  0.17588370E-11
  0.17239533E+04  0.16135116E-11
  0.18026270E+04  0.14774343E-11
  0.18848911E+04  0.13504111E-11
  0.19709094E+04  0.12313510E-11
  0.20608532E+04  0.11220879E-11
  0.21549016E+04  0.10192704E-11
  0.22532420E+04  0.92472235E-12
  0.23560703E+04  0.83729566E-12
  0.24635911E+04  0.75672286E-12
  0.25760188E+04  0.68263510E-12
  0.26935771E+04  0.61466625E-12
  0.28165003E+04  0.55243631E-12
  0.29450332E+04  0.49558628E-12
  0.30794318E+04  0.44377658E-12
  0.32199637E+04  0.39666685E-12
  0.33669090E+04  0.35390201E-12
  0.35205601E+04  0.31519585E-12
  0.36812233E+04  0.28020510E-12
  0.38492184E+04  0.24865583E-12
  0.40248800E+04  0.22027589E-12
  0.42085582E+04  0.19479053E-12
  0.44006186E+04  0.17195676E-12
  0.46014438E+04  0.15153962E-12
  0.48114338E+04  0.13331414E-12
  0.50310068E+04  0.11708537E-12
  0.52606002E+04  0.10265251E-12
  0.55006712E+04  0.89851468E-13
  0.57516981E+04  0.78514678E-13
  0.60141807E+04  0.68492469E-13
  0.62886419E+04  0.59651763E-13
  0.65756283E+04  0.51864766E-13
  0.68757115E+04  0.45019787E-13
  0.71894893E+04  0.39013378E-13
  0.75175865E+04  0.33753917E-13
  0.78606566E+04  0.29155392E-13
  0.82193830E+04  0.25141723E-13
  0.85944801E+04  0.21646225E-13
  0.89866950E+04  0.18606337E-13
  0.93968089E+04  0.15968848E-13
  0.98256386E+04  0.13683878E-13
  0.10274038E+05  0.11707237E-13
  0.10742901E+05  0.10001418E-13
  0.11233160E+05  0.85316556E-14
  0.11745793E+05  0.72660700E-14
  0.12281820E+05  0.61811727E-14
  0.12842310E+05  0.52497721E-14
  0.13428377E+05  0.44520997E-14
  0.14041190E+05  0.37707361E-14
  0.14681969E+05  0.31894547E-14
  0.15351991E+05  0.26943455E-14
  0.16052589E+05  0.22728761E-14
  0.16785160E+05  0.19153609E-14
  0.17551162E+05  0.16114373E-14
  0.18352121E+05  0.13543358E-14
  0.19189633E+05  0.11370344E-14
  0.20065365E+05  0.95313131E-15
  0.20981061E+05  0.79827068E-15
  0.21938546E+05  0.66767928E-15
  0.22939727E+05  0.55801532E-15
  0.23986596E+05  0.46554433E-15
  0.25081241E+05  0.38788129E-15
  0.26225840E+05  0.32287578E-15
  0.27422674E+05  0.26844237E-15
  0.28674126E+05  0.22293355E-15
  0.29982690E+05  0.18490656E-15
  0.31350970E+05  0.15330103E-15
  0.32781693E+05  0.12689314E-15
  0.34277707E+05  0.10487774E-15
  0.35841994E+05  0.86614279E-16
  0.37477667E+05  0.71432528E-16
  0.39187986E+05  0.58864578E-16
  0.40976356E+05  0.48490650E-16
  0.42846340E+05  0.39905294E-16
  0.44801661E+05  0.32768847E-16
  0.46846215E+05  0.26888422E-16
  0.48984074E+05  0.22050016E-16
  0.51219495E+05  0.18039060E-16
  0.53556932E+05  0.14741545E-16
  0.56001038E+05  0.12077861E-16
  0.58556683E+05  0.98591360E-17
  0.61228957E+05  0.80278305E-17
  0.64023182E+05  0.65460964E-17
  0.66944923E+05  0.53286265E-17
  0.70000000E+05  0.43262830E-17
  Principal QN n  Azimuthal QN l
               3               2
 Electron Energy Probability dst
  0.10000000E+01  0.68757561E-11
  0.10456357E+01  0.69507445E-11
  0.10933540E+01  0.70335158E-11
  0.11432499E+01  0.71247741E-11
  0.11954229E+01  0.72252795E-11
  0.12499768E+01  0.73358522E-11
  0.13070204E+01  0.74573761E-11
  0.13666671E+01  0.75908025E-11
  0.14290359E+01  0.77371539E-11
  0.14942509E+01  0.78975281E-11
  0.15624421E+01  0.80731015E-11
  0.16337452E+01  0.82651332E-11
  0.17083022E+01  0.84749678E-11
  0.17862617E+01  0.87040391E-11
  0.18677790E+01  0.89538723E-11
  0.19530164E+01  0.92260861E-11
  0.20421436E+01  0.95223942E-11
  0.21353382E+01  0.98446053E-11
  0.22327858E+01  0.10194623E-10
  0.23346805E+01  0.10574441E-10
  0.24412252E+01  0.10986143E-10
  0.25526322E+01  0.11431892E-10
  0.26691232E+01  0.11913923E-10
  0.27909305E+01  0.12434532E-10
  0.29182965E+01  0.12996055E-10
  0.30514749E+01  0.13600851E-10
  0.31907310E+01  0.14251274E-10
  0.33363422E+01  0.14949638E-10
  0.34885984E+01  0.15698176E-10
  0.36478030E+01  0.16498992E-10
  0.38142729E+01  0.17353993E-10
  0.39883398E+01  0.18264821E-10
  0.41703504E+01  0.19232760E-10
  0.43606672E+01  0.20258628E-10
  0.45596692E+01  0.21342649E-10
  0.47677528E+01  0.22484759E-10
  0.49853324E+01  0.23711475E-10
  0.52128414E+01  0.25100222E-10
  0.54507329E+01  0.26752843E-10
  0.56994808E+01  0.28796759E-10
  0.59595804E+01  0.31389825E-10
  0.62315499E+01  0.34725997E-10
  0.65159309E+01  0.39041950E-10
  0.68132898E+01  0.44624775E-10
  0.71242189E+01  0.51820951E-10
  0.74493374E+01  0.61046756E-10
  0.77892930E+01  0.72800371E-10
  0.81447626E+01  0.87675919E-10
  0.85164544E+01  0.10637894E-09
  0.89051085E+01  0.12951026E-09
  0.93114992E+01  0.15716378E-09
  0.97364357E+01  0.18927306E-09
  0.10180765E+02  0.22565772E-09
  0.10645371E+02  0.26599569E-09
  0.11131179E+02  0.30979020E-09
  0.11639158E+02  0.35633097E-09
  0.12170319E+02  0.40464830E-09
  0.12725720E+02  0.45345915E-09
  0.13306467E+02  0.50110382E-09
  0.13913716E+02  0.54547174E-09
  0.14548678E+02  0.58411532E-09
  0.15212617E+02  0.61585301E-09
  0.15906855E+02  0.64034386E-09
  0.16632775E+02  0.65734984E-09
  0.17391823E+02  0.66676026E-09
  0.18185510E+02  0.66862904E-09
  0.19015418E+02  0.66321931E-09
  0.19883200E+02  0.65105647E-09
  0.20790583E+02  0.63299128E-09
  0.21739375E+02  0.61019987E-09
  0.22731466E+02  0.58351001E-09
  0.23768832E+02  0.55357633E-09
  0.24853539E+02  0.52131168E-09
  0.25987747E+02  0.48794865E-09
  0.27173715E+02  0.45510580E-09
  0.28413806E+02  0.42486537E-09
  0.29710489E+02  0.39946965E-09
  0.31066348E+02  0.37935064E-09
  0.32484081E+02  0.36405037E-09
  0.33966514E+02  0.35283761E-09
  0.35516599E+02  0.34464599E-09
  0.37137423E+02  0.33800007E-09
  0.38832214E+02  0.33100143E-09
  0.40604349E+02  0.32268298E-09
  0.42457356E+02  0.31326525E-09
  0.44394926E+02  0.30311447E-09
  0.46420918E+02  0.29272172E-09
  0.48539368E+02  0.28272864E-09
  0.50754495E+02  0.27392781E-09
  0.53070711E+02  0.26667060E-09
  0.55492628E+02  0.26072568E-09
  0.58025072E+02  0.25572731E-09
  0.60673085E+02  0.25117040E-09
  0.63441942E+02  0.24650925E-09
  0.66337158E+02  0.24166051E-09
  0.69364499E+02  0.23670998E-09
  0.72529995E+02  0.23176934E-09
  0.75839950E+02  0.22697424E-09
  0.79300958E+02  0.22237516E-09
  0.82919910E+02  0.21792753E-09
  0.86704016E+02  0.21356349E-09
  0.90660813E+02  0.20918955E-09
  0.94798180E+02  0.20471997E-09
  0.99124359E+02  0.20016235E-09
  0.10364797E+03  0.19554902E-09
  0.10837801E+03  0.19091809E-09
  0.11332391E+03  0.18628271E-09
  0.11849553E+03  0.18163419E-09
  0.12390315E+03  0.17695845E-09
  0.12955756E+03  0.17224728E-09
  0.13547000E+03  0.16750758E-09
  0.14165227E+03  0.16274798E-09
  0.14811666E+03  0.15797624E-09
  0.15487607E+03  0.15319625E-09
  0.16194394E+03  0.14840953E-09
  0.16933436E+03  0.14361775E-09
  0.17706205E+03  0.13882955E-09
  0.18514240E+03  0.13405542E-09
  0.19359150E+03  0.12930436E-09
  0.20242617E+03  0.12458239E-09
  0.21166403E+03  0.11989404E-09
  0.22132346E+03  0.11524576E-09
  0.23142371E+03  0.11064440E-09
  0.24198488E+03  0.10609596E-09
  0.25302803E+03  0.10160729E-09
  0.26457513E+03  0.97184073E-10
  0.27664920E+03  0.92832073E-10
  0.28927427E+03  0.88555712E-10
  0.30247550E+03  0.84359732E-10
  0.31627917E+03  0.80248181E-10
  0.33071278E+03  0.76224472E-10
  0.34580508E+03  0.72292557E-10
  0.36158613E+03  0.68455419E-10
  0.37808736E+03  0.64715253E-10
  0.39534163E+03  0.61075407E-10
  0.41338331E+03  0.57540404E-10
  0.43224834E+03  0.54113880E-10
  0.45197428E+03  0.50798687E-10
  0.47260044E+03  0.47597633E-10
  0.49416788E+03  0.44512791E-10
  0.51671956E+03  0.41546271E-10
  0.54030041E+03  0.38699759E-10
  0.56495738E+03  0.35975154E-10
  0.59073959E+03  0.33374376E-10
  0.61769839E+03  0.30897433E-10
  0.64588748E+03  0.28542154E-10
  0.67536299E+03  0.26311793E-10
  0.70618363E+03  0.24206140E-10
  0.73841080E+03  0.22217655E-10
  0.77210867E+03  0.20348714E-10
  0.80734438E+03  0.18597517E-10
  0.84418808E+03  0.16958227E-10
  0.88271317E+03  0.15428922E-10
  0.92299639E+03  0.14006084E-10
  0.96511795E+03  0.12686703E-10
  0.10091618E+04  0.11465838E-10
  0.10552155E+04  0.10338247E-10
  0.11033710E+04  0.93007366E-11
  0.11537241E+04  0.83482937E-11
  0.12063751E+04  0.74761429E-11
  0.12614288E+04  0.66796619E-11
  0.13189950E+04  0.59543578E-11
  0.13791882E+04  0.52956006E-11
  0.14421284E+04  0.46988706E-11
  0.15079409E+04  0.41597362E-11
  0.15767568E+04  0.36738948E-11
  0.16487131E+04  0.32374167E-11
  0.17239533E+04  0.28462624E-11
  0.18026270E+04  0.24964912E-11
  0.18848911E+04  0.21848781E-11
  0.19709094E+04  0.19067497E-11
  0.20608532E+04  0.16625893E-11
  0.21549016E+04  0.14443276E-11
  0.22532420E+04  0.12527166E-11
  0.23560703E+04  0.10840073E-11
  0.24635911E+04  0.93597676E-12
  0.25760188E+04  0.80641874E-12
  0.26935771E+04  0.69346620E-12
  0.28165003E+04  0.59494938E-12
  0.29450332E+04  0.50936415E-12
  0.30794318E+04  0.43520102E-12
  0.32199637E+04  0.37109636E-12
  0.33669090E+04  0.31580293E-12
  0.35205601E+04  0.26830636E-12
  0.36812233E+04  0.22742332E-12
  0.38492184E+04  0.19239558E-12
  0.40248800E+04  0.16244859E-12
  0.42085582E+04  0.13689318E-12
  0.44006186E+04  0.11523723E-12
  0.46014438E+04  0.96739317E-13
  0.48114338E+04  0.81056831E-13
  0.50310068E+04  0.67787955E-13
  0.52606002E+04  0.56581024E-13
  0.55006712E+04  0.47144249E-13
  0.57516981E+04  0.39230700E-13
  0.60141807E+04  0.32582131E-13
  0.62886419E+04  0.26987165E-13
  0.65756283E+04  0.22313121E-13
  0.68757115E+04  0.18416227E-13
  0.71894893E+04  0.15174138E-13
  0.75175865E+04  0.12495128E-13
  0.78606566E+04  0.10264256E-13
  0.82193830E+04  0.84080744E-14
  0.85944801E+04  0.68783032E-14
  0.89866950E+04  0.56162677E-14
  0.93968089E+04  0.45882721E-14
  0.98256386E+04  0.37407775E-14
  0.10274038E+05  0.30379668E-14
  0.10742901E+05  0.24657562E-14
  0.11233160E+05  0.19978741E-14
  0.11745793E+05  0.16164242E-14
  0.12281820E+05  0.13057291E-14
  0.12842310E+05  0.10574078E-14
  0.13428377E+05  0.85307196E-15
  0.14041190E+05  0.68631952E-15
  0.14681969E+05  0.55169197E-15
  0.15351991E+05  0.44295395E-15
  0.16052589E+05  0.35519975E-15
  0.16785160E+05  0.28600797E-15
  0.17551162E+05  0.22882778E-15
  0.18352121E+05  0.18282598E-15
  0.19189633E+05  0.14590964E-15
  0.20065365E+05  0.11631219E-15
  0.20981061E+05  0.92594821E-16
  0.21938546E+05  0.73553895E-16
  0.22939727E+05  0.58905728E-16
  0.23986596E+05  0.46718759E-16
  0.25081241E+05  0.36970661E-16
  0.26225840E+05  0.29310756E-16
  0.27422674E+05  0.23155274E-16
  0.28674126E+05  0.18268288E-16
  0.29982690E+05  0.14488725E-16
  0.31350970E+05  0.11456979E-16
  0.32781693E+05  0.90315945E-17
  0.34277707E+05  0.71069498E-17
  0.35841994E+05  0.55737469E-17
  0.37477667E+05  0.43860861E-17
  0.39187986E+05  0.34363638E-17
  0.40976356E+05  0.27215836E-17
  0.42846340E+05  0.21228497E-17
  0.44801661E+05  0.16727002E-17
  0.46846215E+05  0.12983638E-17
  0.48984074E+05  0.10161218E-17
  0.51219495E+05  0.78828775E-18
  0.53556932E+05  0.61573610E-18
  0.56001038E+05  0.48414551E-18
  0.58556683E+05  0.37489952E-18
  0.61228957E+05  0.29182843E-18
  0.64023182E+05  0.22570138E-18
  0.66944923E+05  0.17487307E-18
  0.70000000E+05  0.13578065E-18
  Principal QN n  Azimuthal QN l
               4               0
 Electron Energy Probability dst
  0.10000000E+01  0.42720228E-10
  0.10456357E+01  0.42726904E-10
  0.10933540E+01  0.42733565E-10
  0.11432499E+01  0.42740185E-10
  0.11954229E+01  0.42746735E-10
  0.12499768E+01  0.42753181E-10
  0.13070204E+01  0.42759487E-10
  0.13666671E+01  0.42765610E-10
  0.14290359E+01  0.42771508E-10
  0.14942509E+01  0.42777129E-10
  0.15624421E+01  0.42782420E-10
  0.16337452E+01  0.42787321E-10
  0.17083022E+01  0.42791769E-10
  0.17862617E+01  0.42795692E-10
  0.18677790E+01  0.42799015E-10
  0.19530164E+01  0.42801657E-10
  0.20421436E+01  0.42803530E-10
  0.21353382E+01  0.42804543E-10
  0.22327858E+01  0.42804599E-10
  0.23346805E+01  0.42803593E-10
  0.24412252E+01  0.42801418E-10
  0.25526322E+01  0.42797959E-10
  0.26691232E+01  0.42793100E-10
  0.27909305E+01  0.42786717E-10
  0.29182965E+01  0.42778687E-10
  0.30514749E+01  0.42768885E-10
  0.31907310E+01  0.42757185E-10
  0.33363422E+01  0.42743465E-10
  0.34885984E+01  0.42727608E-10
  0.36478030E+01  0.42709507E-10
  0.38142729E+01  0.42689065E-10
  0.39883398E+01  0.42666199E-10
  0.41703504E+01  0.42640769E-10
  0.43606672E+01  0.42612594E-10
  0.45596692E+01  0.42581486E-10
  0.47677528E+01  0.42547257E-10
  0.49853324E+01  0.42509719E-10
  0.52128414E+01  0.42468688E-10
  0.54507329E+01  0.42423987E-10
  0.56994808E+01  0.42375450E-10
  0.59595804E+01  0.42322905E-10
  0.62315499E+01  0.42266132E-10
  0.65159309E+01  0.42204907E-10
  0.68132898E+01  0.42139011E-10
  0.71242189E+01  0.42068235E-10
  0.74493374E+01  0.41992388E-10
  0.77892930E+01  0.41911303E-10
  0.81447626E+01  0.41824827E-10
  0.85164544E+01  0.41732760E-10
  0.89051085E+01  0.41634906E-10
  0.93114992E+01  0.41531094E-10
  0.97364357E+01  0.41421191E-10
  0.10180765E+02  0.41305107E-10
  0.10645371E+02  0.41182810E-10
  0.11131179E+02  0.41054193E-10
  0.11639158E+02  0.40918997E-10
  0.12170319E+02  0.40776960E-10
  0.12725720E+02  0.40627823E-10
  0.13306467E+02  0.40471339E-10
  0.13913716E+02  0.40307274E-10
  0.14548678E+02  0.40135415E-10
  0.15212617E+02  0.39955571E-10
  0.15906855E+02  0.39767532E-10
  0.16632775E+02  0.39571097E-10
  0.17391823E+02  0.39366097E-10
  0.18185510E+02  0.39152406E-10
  0.19015418E+02  0.38929944E-10
  0.19883200E+02  0.38698700E-10
  0.20790583E+02  0.38458649E-10
  0.21739375E+02  0.38209548E-10
  0.22731466E+02  0.37951100E-10
  0.23768832E+02  0.37682991E-10
  0.24853539E+02  0.37404898E-10
  0.25987747E+02  0.37116526E-10
  0.27173715E+02  0.36817628E-10
  0.28413806E+02  0.36507972E-10
  0.29710489E+02  0.36187336E-10
  0.31066348E+02  0.35855518E-10
  0.32484081E+02  0.35512336E-10
  0.33966514E+02  0.35157631E-10
  0.35516599E+02  0.34791227E-10
  0.37137423E+02  0.34412907E-10
  0.38832214E+02  0.34022457E-10
  0.40604349E+02  0.33619664E-10
  0.42457356E+02  0.33204365E-10
  0.44394926E+02  0.32776505E-10
  0.46420918E+02  0.32336078E-10
  0.48539368E+02  0.31883128E-10
  0.50754495E+02  0.31417720E-10
  0.53070711E+02  0.30939838E-10
  0.55492628E+02  0.30449455E-10
  0.58025072E+02  0.29946565E-10
  0.60673085E+02  0.29431291E-10
  0.63441942E+02  0.28903859E-10
  0.66337158E+02  0.28364424E-10
  0.69364499E+02  0.27812926E-10
  0.72529995E+02  0.27249355E-10
  0.75839950E+02  0.26674211E-10
  0.79300958E+02  0.26088256E-10
  0.82919910E+02  0.25492235E-10
  0.86704016E+02  0.24886695E-10
  0.90660813E+02  0.24272189E-10
  0.94798180E+02  0.23649298E-10
  0.99124359E+02  0.23018622E-10
  0.10364797E+03  0.22380796E-10
  0.10837801E+03  0.21737068E-10
  0.11332391E+03  0.21089278E-10
  0.11849553E+03  0.20438006E-10
  0.12390315E+03  0.19783203E-10
  0.12955756E+03  0.19126376E-10
  0.13547000E+03  0.18469434E-10
  0.14165227E+03  0.17813441E-10
  0.14811666E+03  0.17159173E-10
  0.15487607E+03  0.16507923E-10
  0.16194394E+03  0.15861424E-10
  0.16933436E+03  0.15220270E-10
  0.17706205E+03  0.14583818E-10
  0.18514240E+03  0.13955255E-10
  0.19359150E+03  0.13336205E-10
  0.20242617E+03  0.12725537E-10
  0.21166403E+03  0.12125214E-10
  0.22132346E+03  0.11537394E-10
  0.23142371E+03  0.10962035E-10
  0.24198488E+03  0.10399298E-10
  0.25302803E+03  0.98516416E-11
  0.26457513E+03  0.93194333E-11
  0.27664920E+03  0.88021637E-11
  0.28927427E+03  0.83000636E-11
  0.30247550E+03  0.78141297E-11
  0.31627917E+03  0.73462540E-11
  0.33071278E+03  0.68978045E-11
  0.34580508E+03  0.64668393E-11
  0.36158613E+03  0.60499053E-11
  0.37808736E+03  0.56554364E-11
  0.39534163E+03  0.52776275E-11
  0.41338331E+03  0.49166199E-11
  0.43224834E+03  0.45755259E-11
  0.45197428E+03  0.42516462E-11
  0.47260044E+03  0.39444684E-11
  0.49416788E+03  0.36536121E-11
  0.51671956E+03  0.33803875E-11
  0.54030041E+03  0.31227911E-11
  0.56495738E+03  0.28809311E-11
  0.59073959E+03  0.26541626E-11
  0.61769839E+03  0.24419846E-11
  0.64588748E+03  0.22437917E-11
  0.67536299E+03  0.20587404E-11
  0.70618363E+03  0.18865248E-11
  0.73841080E+03  0.17267265E-11
  0.77210867E+03  0.15781405E-11
  0.80734438E+03  0.14405284E-11
  0.84418808E+03  0.13132714E-11
  0.88271317E+03  0.11959362E-11
  0.92299639E+03  0.10875816E-11
  0.96511795E+03  0.98790299E-12
  0.10091618E+04  0.89629669E-12
  0.10552155E+04  0.81229864E-12
  0.11033710E+04  0.73525414E-12
  0.11537241E+04  0.66478474E-12
  0.12063751E+04  0.60040377E-12
  0.12614288E+04  0.54167028E-12
  0.13189950E+04  0.48816180E-12
  0.13791882E+04  0.43947198E-12
  0.14421284E+04  0.39522835E-12
  0.15079409E+04  0.35508088E-12
  0.15767568E+04  0.31872187E-12
  0.16487131E+04  0.28577234E-12
  0.17239533E+04  0.25600697E-12
  0.18026270E+04  0.22916874E-12
  0.18848911E+04  0.20492862E-12
  0.19709094E+04  0.18310992E-12
  0.20608532E+04  0.16348112E-12
  0.21549016E+04  0.14581427E-12
  0.22532420E+04  0.12996826E-12
  0.23560703E+04  0.11574317E-12
  0.24635911E+04  0.10300174E-12
  0.25760188E+04  0.91602472E-13
  0.26935771E+04  0.81401699E-13
  0.28165003E+04  0.72292066E-13
  0.29450332E+04  0.64144892E-13
  0.30794318E+04  0.56879429E-13
  0.32199637E+04  0.50400317E-13
  0.33669090E+04  0.44634503E-13
  0.35205601E+04  0.39500046E-13
  0.36812233E+04  0.34934627E-13
  0.38492184E+04  0.30874833E-13
  0.40248800E+04  0.27271773E-13
  0.42085582E+04  0.24075345E-13
  0.44006186E+04  0.21241764E-13
  0.46014438E+04  0.18726235E-13
  0.48114338E+04  0.16499217E-13
  0.50310068E+04  0.14530466E-13
  0.52606002E+04  0.12789422E-13
  0.55006712E+04  0.11250069E-13
  0.57516981E+04  0.98898846E-14
  0.60141807E+04  0.86897292E-14
  0.62886419E+04  0.76310089E-14
  0.65756283E+04  0.66966190E-14
  0.68757115E+04  0.58738502E-14
  0.71894893E+04  0.51499623E-14
  0.75175865E+04  0.45117924E-14
  0.78606566E+04  0.39503286E-14
  0.82193830E+04  0.34567346E-14
  0.85944801E+04  0.30226720E-14
  0.89866950E+04  0.26417097E-14
  0.93968089E+04  0.23075269E-14
  0.98256386E+04  0.20140209E-14
  0.10274038E+05  0.17564493E-14
  0.10742901E+05  0.15310955E-14
  0.11233160E+05  0.13339720E-14
  0.11745793E+05  0.11613170E-14
  0.12281820E+05  0.10101034E-14
  0.12842310E+05  0.87776747E-15
  0.13428377E+05  0.76226701E-15
  0.14041190E+05  0.66114290E-15
  0.14681969E+05  0.57316911E-15
  0.15351991E+05  0.49682686E-15
  0.16052589E+05  0.42998309E-15
  0.16785160E+05  0.37184629E-15
  0.17551162E+05  0.32142785E-15
  0.18352121E+05  0.27761810E-15
  0.19189633E+05  0.23957202E-15
  0.20065365E+05  0.20668991E-15
  0.20981061E+05  0.17805229E-15
  0.21938546E+05  0.15328668E-15
  0.22939727E+05  0.13194491E-15
  0.23986596E+05  0.11346673E-15
  0.25081241E+05  0.97450334E-16
  0.26225840E+05  0.83633218E-16
  0.27422674E+05  0.71756671E-16
  0.28674126E+05  0.61541674E-16
  0.29982690E+05  0.52711396E-16
  0.31350970E+05  0.45114219E-16
  0.32781693E+05  0.38553629E-16
  0.34277707E+05  0.32953586E-16
  0.35841994E+05  0.28151500E-16
  0.37477667E+05  0.24025390E-16
  0.39187986E+05  0.20460862E-16
  0.40976356E+05  0.17422203E-16
  0.42846340E+05  0.14837421E-16
  0.44801661E+05  0.12614361E-16
  0.46846215E+05  0.10724874E-16
  0.48984074E+05  0.90757919E-17
  0.51219495E+05  0.77088714E-17
  0.53556932E+05  0.65207120E-17
  0.56001038E+05  0.55399111E-17
  0.58556683E+05  0.46688250E-17
  0.61228957E+05  0.39528274E-17
  0.64023182E+05  0.33278089E-17
  0.66944923E+05  0.28176427E-17
  0.70000000E+05  0.23645210E-17
  Principal QN n  Azimuthal QN l
               4               1
 Electron Energy Probability dst
  0.10000000E+01  0.20974807E-09
  0.10456357E+01  0.20962904E-09
  0.10933540E+01  0.20950438E-09
  0.11432499E+01  0.20937383E-09
  0.11954229E+01  0.20923710E-09
  0.12499768E+01  0.20909388E-09
  0.13070204E+01  0.20894384E-09
  0.13666671E+01  0.20878665E-09
  0.14290359E+01  0.20862196E-09
  0.14942509E+01  0.20844937E-09
  0.15624421E+01  0.20826850E-09
  0.16337452E+01  0.20807892E-09
  0.17083022E+01  0.20788021E-09
  0.17862617E+01  0.20767193E-09
  0.18677790E+01  0.20745364E-09
  0.19530164E+01  0.20722488E-09
  0.20421436E+01  0.20698518E-09
  0.21353382E+01  0.20673401E-09
  0.22327858E+01  0.20647086E-09
  0.23346805E+01  0.20619517E-09
  0.24412252E+01  0.20590638E-09
  0.25526322E+01  0.20560391E-09
  0.26691232E+01  0.20528716E-09
  0.27909305E+01  0.20495552E-09
  0.29182965E+01  0.20460837E-09
  0.30514749E+01  0.20424508E-09
  0.31907310E+01  0.20386501E-09
  0.33363422E+01  0.20346753E-09
  0.34885984E+01  0.20305196E-09
  0.36478030E+01  0.20261752E-09
  0.38142729E+01  0.20216339E-09
  0.39883398E+01  0.20168867E-09
  0.41703504E+01  0.20119245E-09
  0.43606672E+01  0.20067372E-09
  0.45596692E+01  0.20013146E-09
  0.47677528E+01  0.19956455E-09
  0.49853324E+01  0.19897185E-09
  0.52128414E+01  0.19835216E-09
  0.54507329E+01  0.19770429E-09
  0.56994808E+01  0.19702746E-09
  0.59595804E+01  0.19632102E-09
  0.62315499E+01  0.19558435E-09
  0.65159309E+01  0.19481693E-09
  0.68132898E+01  0.19401840E-09
  0.71242189E+01  0.19318860E-09
  0.74493374E+01  0.19232719E-09
  0.77892930E+01  0.19143325E-09
  0.81447626E+01  0.19050573E-09
  0.85164544E+01  0.18954345E-09
  0.89051085E+01  0.18854515E-09
  0.93114992E+01  0.18750950E-09
  0.97364357E+01  0.18643520E-09
  0.10180765E+02  0.18532172E-09
  0.10645371E+02  0.18416887E-09
  0.11131179E+02  0.18297671E-09
  0.11639158E+02  0.18174559E-09
  0.12170319E+02  0.18047618E-09
  0.12725720E+02  0.17916958E-09
  0.13306467E+02  0.17782683E-09
  0.13913716E+02  0.17644817E-09
  0.14548678E+02  0.17503381E-09
  0.15212617E+02  0.17358403E-09
  0.15906855E+02  0.17209904E-09
  0.16632775E+02  0.17057905E-09
  0.17391823E+02  0.16902429E-09
  0.18185510E+02  0.16743544E-09
  0.19015418E+02  0.16581383E-09
  0.19883200E+02  0.16416108E-09
  0.20790583E+02  0.16247912E-09
  0.21739375E+02  0.16077024E-09
  0.22731466E+02  0.15903703E-09
  0.23768832E+02  0.15728140E-09
  0.24853539E+02  0.15550423E-09
  0.25987747E+02  0.15370603E-09
  0.27173715E+02  0.15188740E-09
  0.28413806E+02  0.15005046E-09
  0.29710489E+02  0.14819783E-09
  0.31066348E+02  0.14633216E-09
  0.32484081E+02  0.14445476E-09
  0.33966514E+02  0.14256563E-09
  0.35516599E+02  0.14066430E-09
  0.37137423E+02  0.13875129E-09
  0.38832214E+02  0.13682792E-09
  0.40604349E+02  0.13489504E-09
  0.42457356E+02  0.13295308E-09
  0.44394926E+02  0.13100247E-09
  0.46420918E+02  0.12904360E-09
  0.48539368E+02  0.12707602E-09
  0.50754495E+02  0.12509843E-09
  0.53070711E+02  0.12310986E-09
  0.55492628E+02  0.12110930E-09
  0.58025072E+02  0.11909468E-09
  0.60673085E+02  0.11706471E-09
  0.63441942E+02  0.11501908E-09
  0.66337158E+02  0.11295628E-09
  0.69364499E+02  0.11087275E-09
  0.72529995E+02  0.10876435E-09
  0.75839950E+02  0.10663033E-09
  0.79300958E+02  0.10447036E-09
  0.82919910E+02  0.10228363E-09
  0.86704016E+02  0.10006880E-09
  0.90660813E+02  0.97823617E-10
  0.94798180E+02  0.95546758E-10
  0.99124359E+02  0.93238842E-10
  0.10364797E+03  0.90900768E-10
  0.10837801E+03  0.88534206E-10
  0.11332391E+03  0.86139125E-10
  0.11849553E+03  0.83715261E-10
  0.12390315E+03  0.81266661E-10
  0.12955756E+03  0.78797697E-10
  0.13547000E+03  0.76309780E-10
  0.14165227E+03  0.73805702E-10
  0.14811666E+03  0.71290511E-10
  0.15487607E+03  0.68769880E-10
  0.16194394E+03  0.66246151E-10
  0.16933436E+03  0.63718643E-10
  0.17706205E+03  0.61196971E-10
  0.18514240E+03  0.58692220E-10
  0.19359150E+03  0.56203043E-10
  0.20242617E+03  0.53734804E-10
  0.21166403E+03  0.51294954E-10
  0.22132346E+03  0.48887596E-10
  0.23142371E+03  0.46517508E-10
  0.24198488E+03  0.44190714E-10
  0.25302803E+03  0.41913304E-10
  0.26457513E+03  0.39686758E-10
  0.27664920E+03  0.37513610E-10
  0.28927427E+03  0.35399771E-10
  0.30247550E+03  0.33350881E-10
  0.31627917E+03  0.31368544E-10
  0.33071278E+03  0.29455691E-10
  0.34580508E+03  0.27616144E-10
  0.36158613E+03  0.25842981E-10
  0.37808736E+03  0.24142172E-10
  0.39534163E+03  0.22522599E-10
  0.41338331E+03  0.20971432E-10
  0.43224834E+03  0.19494247E-10
  0.45197428E+03  0.18095047E-10
  0.47260044E+03  0.16767945E-10
  0.49416788E+03  0.15509185E-10
  0.51671956E+03  0.14325198E-10
  0.54030041E+03  0.13211184E-10
  0.56495738E+03  0.12160809E-10
  0.59073959E+03  0.11178456E-10
  0.61769839E+03  0.10259032E-10
  0.64588748E+03  0.94003074E-11
  0.67536299E+03  0.85999274E-11
  0.70618363E+03  0.78553592E-11
  0.73841080E+03  0.71648743E-11
  0.77210867E+03  0.65247620E-11
  0.80734438E+03  0.59329016E-11
  0.84418808E+03  0.53866500E-11
  0.88271317E+03  0.48833332E-11
  0.92299639E+03  0.44206940E-11
  0.96511795E+03  0.39957280E-11
  0.10091618E+04  0.36064497E-11
  0.10552155E+04  0.32504724E-11
  0.11033710E+04  0.29253755E-11
  0.11537241E+04  0.26290508E-11
  0.12063751E+04  0.23593695E-11
  0.12614288E+04  0.21144547E-11
  0.13189950E+04  0.18922845E-11
  0.13791882E+04  0.16912189E-11
  0.14421284E+04  0.15093881E-11
  0.15079409E+04  0.13452585E-11
  0.15767568E+04  0.11974865E-11
  0.16487131E+04  0.10643804E-11
  0.17239533E+04  0.94495224E-12
  0.18026270E+04  0.83801485E-12
  0.18848911E+04  0.74207325E-12
  0.19709094E+04  0.65634111E-12
  0.20608532E+04  0.57981243E-12
  0.21549016E+04  0.51149269E-12
  0.22532420E+04  0.45075002E-12
  0.23560703E+04  0.39670075E-12
  0.24635911E+04  0.34872920E-12
  0.25760188E+04  0.30620339E-12
  0.26935771E+04  0.26850192E-12
  0.28165003E+04  0.23519191E-12
  0.29450332E+04  0.20575044E-12
  0.30794318E+04  0.17981566E-12
  0.32199637E+04  0.15695785E-12
  0.33669090E+04  0.13685901E-12
  0.35205601E+04  0.11917570E-12
  0.36812233E+04  0.10365799E-12
  0.38492184E+04  0.90058854E-13
  0.40248800E+04  0.78169643E-13
  0.42085582E+04  0.67770997E-13
  0.44006186E+04  0.58692807E-13
  0.46014438E+04  0.50766557E-13
  0.48114338E+04  0.43865482E-13
  0.50310068E+04  0.37864390E-13
  0.52606002E+04  0.32651100E-13
  0.55006712E+04  0.28124139E-13
  0.57516981E+04  0.24192461E-13
  0.60141807E+04  0.20792025E-13
  0.62886419E+04  0.17856015E-13
  0.65756283E+04  0.15313012E-13
  0.68757115E+04  0.13117759E-13
  0.71894893E+04  0.11226868E-13
  0.75175865E+04  0.95941496E-14
  0.78606566E+04  0.81921356E-14
  0.82193830E+04  0.69890194E-14
  0.85944801E+04  0.59540766E-14
  0.89866950E+04  0.50683084E-14
  0.93968089E+04  0.43082867E-14
  0.98256386E+04  0.36571996E-14
  0.10274038E+05  0.31012701E-14
  0.10742901E+05  0.26264314E-14
  0.11233160E+05  0.22217579E-14
  0.11745793E+05  0.18785957E-14
  0.12281820E+05  0.15851630E-14
  0.12842310E+05  0.13360814E-14
  0.13428377E+05  0.11254737E-14
  0.14041190E+05  0.94672694E-15
  0.14681969E+05  0.79528575E-15
  0.15351991E+05  0.66725396E-15
  0.16052589E+05  0.55917177E-15
  0.16785160E+05  0.46864445E-15
  0.17551162E+05  0.39198003E-15
  0.18352121E+05  0.32770758E-15
  0.19189633E+05  0.27336234E-15
  0.20065365E+05  0.22796908E-15
  0.20981061E+05  0.18984533E-15
  0.21938546E+05  0.15800813E-15
  0.22939727E+05  0.13148174E-15
  0.23986596E+05  0.10919881E-15
  0.25081241E+05  0.90600825E-16
  0.26225840E+05  0.75060937E-16
  0.27422674E+05  0.62173337E-16
  0.28674126E+05  0.51457101E-16
  0.29982690E+05  0.42573572E-16
  0.31350970E+05  0.35148248E-16
  0.32781693E+05  0.28978878E-16
  0.34277707E+05  0.23899255E-16
  0.35841994E+05  0.19664502E-16
  0.37477667E+05  0.16194877E-16
  0.39187986E+05  0.13287031E-16
  0.40976356E+05  0.10902728E-16
  0.42846340E+05  0.89781749E-17
  0.44801661E+05  0.73461582E-17
  0.46846215E+05  0.60240548E-17
  0.48984074E+05  0.49036540E-17
  0.51219495E+05  0.40193672E-17
  0.53556932E+05  0.32744135E-17
  0.56001038E+05  0.26872214E-17
  0.58556683E+05  0.21792902E-17
  0.61228957E+05  0.17746100E-17
  0.64023182E+05  0.14425012E-17
  0.66944923E+05  0.11734971E-17
  0.70000000E+05  0.95114957E-18
  Principal QN n  Azimuthal QN l
               4               2
 Electron Energy Probability dst
  0.10000000E+01  0.21157779E-08
  0.10456357E+01  0.21242818E-08
  0.10933540E+01  0.21334470E-08
  0.11432499E+01  0.21433347E-08
  0.11954229E+01  0.21540126E-08
  0.12499768E+01  0.21655556E-08
  0.13070204E+01  0.21780468E-08
  0.13666671E+01  0.21915783E-08
  0.14290359E+01  0.22062521E-08
  0.14942509E+01  0.22221819E-08
  0.15624421E+01  0.22394942E-08
  0.16337452E+01  0.22583312E-08
  0.17083022E+01  0.22788513E-08
  0.17862617E+01  0.23012317E-08
  0.18677790E+01  0.23256704E-08
  0.19530164E+01  0.23523885E-08
  0.20421436E+01  0.23816339E-08
  0.21353382E+01  0.24136839E-08
  0.22327858E+01  0.24488495E-08
  0.23346805E+01  0.24874793E-08
  0.24412252E+01  0.25299649E-08
  0.25526322E+01  0.25767458E-08
  0.26691232E+01  0.26283229E-08
  0.27909305E+01  0.26852887E-08
  0.29182965E+01  0.27483234E-08
  0.30514749E+01  0.28182001E-08
  0.31907310E+01  0.28957985E-08
  0.33363422E+01  0.29821194E-08
  0.34885984E+01  0.30783022E-08
  0.36478030E+01  0.31856444E-08
  0.38142729E+01  0.33056241E-08
  0.39883398E+01  0.34399270E-08
  0.41703504E+01  0.35905747E-08
  0.43606672E+01  0.37600455E-08
  0.45596692E+01  0.39512183E-08
  0.47677528E+01  0.41674217E-08
  0.49853324E+01  0.44125022E-08
  0.52128414E+01  0.46909039E-08
  0.54507329E+01  0.50077591E-08
  0.56994808E+01  0.53692281E-08
  0.59595804E+01  0.57833712E-08
  0.62315499E+01  0.62598640E-08
  0.65159309E+01  0.68100605E-08
  0.68132898E+01  0.74472702E-08
  0.71242189E+01  0.81872036E-08
  0.74493374E+01  0.90483847E-08
  0.77892930E+01  0.10052479E-07
  0.81447626E+01  0.11224798E-07
  0.85164544E+01  0.12599482E-07
  0.89051085E+01  0.14229445E-07
  0.93114992E+01  0.16180472E-07
  0.97364357E+01  0.18531584E-07
  0.10180765E+02  0.21371222E-07
  0.10645371E+02  0.24729467E-07
  0.11131179E+02  0.28583509E-07
  0.11639158E+02  0.32892413E-07
  0.12170319E+02  0.37593761E-07
  0.12725720E+02  0.42595872E-07
  0.13306467E+02  0.47678222E-07
  0.13913716E+02  0.52435604E-07
  0.14548678E+02  0.56342609E-07
  0.15212617E+02  0.58736491E-07
  0.15906855E+02  0.58887872E-07
  0.16632775E+02  0.56760651E-07
  0.17391823E+02  0.52819104E-07
  0.18185510E+02  0.47717174E-07
  0.19015418E+02  0.42309479E-07
  0.19883200E+02  0.37131266E-07
  0.20790583E+02  0.32282390E-07
  0.21739375E+02  0.27857429E-07
  0.22731466E+02  0.23959223E-07
  0.23768832E+02  0.20608353E-07
  0.24853539E+02  0.17744299E-07
  0.25987747E+02  0.15277225E-07
  0.27173715E+02  0.13145597E-07
  0.28413806E+02  0.11310087E-07
  0.29710489E+02  0.97293202E-08
  0.31066348E+02  0.83659191E-08
  0.32484081E+02  0.71819522E-08
  0.33966514E+02  0.61569326E-08
  0.35516599E+02  0.52656931E-08
  0.37137423E+02  0.44912931E-08
  0.38832214E+02  0.38210515E-08
  0.40604349E+02  0.32375354E-08
  0.42457356E+02  0.27308691E-08
  0.44394926E+02  0.22931506E-08
  0.46420918E+02  0.19148041E-08
  0.48539368E+02  0.15903132E-08
  0.50754495E+02  0.13128679E-08
  0.53070711E+02  0.10768503E-08
  0.55492628E+02  0.87815603E-09
  0.58025072E+02  0.71180807E-09
  0.60673085E+02  0.57419632E-09
  0.63441942E+02  0.46173348E-09
  0.66337158E+02  0.37122242E-09
  0.69364499E+02  0.29971413E-09
  0.72529995E+02  0.24455251E-09
  0.75839950E+02  0.20329568E-09
  0.79300958E+02  0.17373903E-09
  0.82919910E+02  0.15388394E-09
  0.86704016E+02  0.14192672E-09
  0.90660813E+02  0.13626363E-09
  0.94798180E+02  0.13550780E-09
  0.99124359E+02  0.13839059E-09
  0.10364797E+03  0.14385827E-09
  0.10837801E+03  0.15094774E-09
  0.11332391E+03  0.15897716E-09
  0.11849553E+03  0.16720263E-09
  0.12390315E+03  0.17514823E-09
  0.12955756E+03  0.18244637E-09
  0.13547000E+03  0.18874556E-09
  0.14165227E+03  0.19385488E-09
  0.14811666E+03  0.19763971E-09
  0.15487607E+03  0.20001918E-09
  0.16194394E+03  0.20098776E-09
  0.16933436E+03  0.20058107E-09
  0.17706205E+03  0.19884799E-09
  0.18514240E+03  0.19590212E-09
  0.19359150E+03  0.19185526E-09
  0.20242617E+03  0.18681886E-09
  0.21166403E+03  0.18094381E-09
  0.22132346E+03  0.17437494E-09
  0.23142371E+03  0.16722612E-09
  0.24198488E+03  0.15963329E-09
  0.25302803E+03  0.15173101E-09
  0.26457513E+03  0.14362356E-09
  0.27664920E+03  0.13540504E-09
  0.28927427E+03  0.12717907E-09
  0.30247550E+03  0.11902405E-09
  0.31627917E+03  0.11099954E-09
  0.33071278E+03  0.10317778E-09
  0.34580508E+03  0.95602098E-10
  0.36158613E+03  0.88296735E-10
  0.37808736E+03  0.81308901E-10
  0.39534163E+03  0.74661158E-10
  0.41338331E+03  0.68357949E-10
  0.43224834E+03  0.62407602E-10
  0.45197428E+03  0.56831931E-10
  0.47260044E+03  0.51618177E-10
  0.49416788E+03  0.46752621E-10
  0.51671956E+03  0.42247692E-10
  0.54030041E+03  0.38083317E-10
  0.56495738E+03  0.34247222E-10
  0.59073959E+03  0.30727255E-10
  0.61769839E+03  0.27500632E-10
  0.64588748E+03  0.24553945E-10
  0.67536299E+03  0.21877942E-10
  0.70618363E+03  0.19452306E-10
  0.73841080E+03  0.17251412E-10
  0.77210867E+03  0.15267208E-10
  0.80734438E+03  0.13489968E-10
  0.84418808E+03  0.11900641E-10
  0.88271317E+03  0.10472189E-10
  0.92299639E+03  0.91926006E-11
  0.96511795E+03  0.80550784E-11
  0.10091618E+04  0.70465027E-11
  0.10552155E+04  0.61492412E-11
  0.11033710E+04  0.53552789E-11
  0.11537241E+04  0.46572341E-11
  0.12063751E+04  0.40427317E-11
  0.12614288E+04  0.35006288E-11
  0.13189950E+04  0.30261190E-11
  0.13791882E+04  0.26119450E-11
  0.14421284E+04  0.22491731E-11
  0.15079409E+04  0.19334381E-11
  0.15767568E+04  0.16597363E-11
  0.16487131E+04  0.14215533E-11
  0.17239533E+04  0.12154302E-11
  0.18026270E+04  0.10377526E-11
  0.18848911E+04  0.88413610E-12
  0.19709094E+04  0.75215750E-12
  0.20608532E+04  0.63890737E-12
  0.21549016E+04  0.54160371E-12
  0.22532420E+04  0.45853855E-12
  0.23560703E+04  0.38749056E-12
  0.24635911E+04  0.32695639E-12
  0.25760188E+04  0.27550404E-12
  0.26935771E+04  0.23174668E-12
  0.28165003E+04  0.19471182E-12
  0.29450332E+04  0.16329206E-12
  0.30794318E+04  0.13677566E-12
  0.32199637E+04  0.11437710E-12
  0.33669090E+04  0.95538549E-13
  0.35205601E+04  0.79688622E-13
  0.36812233E+04  0.66392741E-13
  0.38492184E+04  0.55229000E-13
  0.40248800E+04  0.45889515E-13
  0.42085582E+04  0.38084664E-13
  0.44006186E+04  0.31572952E-13
  0.46014438E+04  0.26120841E-13
  0.48114338E+04  0.21581349E-13
  0.50310068E+04  0.17814099E-13
  0.52606002E+04  0.14685558E-13
  0.55006712E+04  0.12090624E-13
  0.57516981E+04  0.99449115E-14
  0.60141807E+04  0.81695221E-14
  0.62886419E+04  0.66983235E-14
  0.65756283E+04  0.54846592E-14
  0.68757115E+04  0.44848474E-14
  0.71894893E+04  0.36636819E-14
  0.75175865E+04  0.29942907E-14
  0.78606566E+04  0.24410043E-14
  0.82193830E+04  0.19835035E-14
  0.85944801E+04  0.16107793E-14
  0.89866950E+04  0.13066824E-14
  0.93968089E+04  0.10600241E-14
  0.98256386E+04  0.85829105E-15
  0.10274038E+05  0.69303894E-15
  0.10742901E+05  0.55922257E-15
  0.11233160E+05  0.45022903E-15
  0.11745793E+05  0.36270593E-15
  0.12281820E+05  0.29138621E-15
  0.12842310E+05  0.23434368E-15
  0.13428377E+05  0.18788234E-15
  0.14041190E+05  0.15042734E-15
  0.14681969E+05  0.12020140E-15
  0.15351991E+05  0.95955649E-16
  0.16052589E+05  0.76469905E-16
  0.16785160E+05  0.61181334E-16
  0.17551162E+05  0.48794867E-16
  0.18352121E+05  0.38822358E-16
  0.19189633E+05  0.30838742E-16
  0.20065365E+05  0.24467806E-16
  0.20981061E+05  0.19430938E-16
  0.21938546E+05  0.15403085E-16
  0.22939727E+05  0.12301979E-16
  0.23986596E+05  0.97050342E-17
  0.25081241E+05  0.76902039E-17
  0.26225840E+05  0.60394593E-17
  0.27422674E+05  0.47611387E-17
  0.28674126E+05  0.37630160E-17
  0.29982690E+05  0.29576138E-17
  0.31350970E+05  0.23417748E-17
  0.32781693E+05  0.18343967E-17
  0.34277707E+05  0.14439177E-17
  0.35841994E+05  0.11370501E-17
  0.37477667E+05  0.88141296E-18
  0.39187986E+05  0.69253002E-18
  0.40976356E+05  0.54260519E-18
  0.42846340E+05  0.43412958E-18
  0.44801661E+05  0.33388864E-18
  0.46846215E+05  0.25970375E-18
  0.48984074E+05  0.20146709E-18
  0.51219495E+05  0.15728651E-18
  0.53556932E+05  0.12412326E-18
  0.56001038E+05  0.96861777E-19
  0.58556683E+05  0.74526066E-19
  0.61228957E+05  0.57008471E-19
  0.64023182E+05  0.45207550E-19
  0.66944923E+05  0.34628615E-19
  0.70000000E+05  0.26817651E-19
  Principal QN n  Azimuthal QN l
               5               0
 Electron Energy Probability dst
  0.10000000E+01  0.49376553E-09
  0.10456357E+01  0.48510364E-09
  0.10933540E+01  0.47620618E-09
  0.11432499E+01  0.46707432E-09
  0.11954229E+01  0.45770995E-09
  0.12499768E+01  0.44811576E-09
  0.13070204E+01  0.43829524E-09
  0.13666671E+01  0.42825269E-09
  0.14290359E+01  0.41799325E-09
  0.14942509E+01  0.40752327E-09
  0.15624421E+01  0.39685129E-09
  0.16337452E+01  0.38598736E-09
  0.17083022E+01  0.37494285E-09
  0.17862617E+01  0.36373045E-09
  0.18677790E+01  0.35236418E-09
  0.19530164E+01  0.34085936E-09
  0.20421436E+01  0.32923246E-09
  0.21353382E+01  0.31750160E-09
  0.22327858E+01  0.30568761E-09
  0.23346805E+01  0.29381292E-09
  0.24412252E+01  0.28190117E-09
  0.25526322E+01  0.26997691E-09
  0.26691232E+01  0.25806528E-09
  0.27909305E+01  0.24619157E-09
  0.29182965E+01  0.23438365E-09
  0.30514749E+01  0.22267420E-09
  0.31907310E+01  0.21109677E-09
  0.33363422E+01  0.19968482E-09
  0.34885984E+01  0.18847088E-09
  0.36478030E+01  0.17748578E-09
  0.38142729E+01  0.16676310E-09
  0.39883398E+01  0.15634128E-09
  0.41703504E+01  0.14625711E-09
  0.43606672E+01  0.13654393E-09
  0.45596692E+01  0.12723001E-09
  0.47677528E+01  0.11834334E-09
  0.49853324E+01  0.10992113E-09
  0.52128414E+01  0.10199760E-09
  0.54507329E+01  0.94599957E-10
  0.56994808E+01  0.87746501E-10
  0.59595804E+01  0.81457059E-10
  0.62315499E+01  0.75753959E-10
  0.65159309E+01  0.70648899E-10
  0.68132898E+01  0.66150874E-10
  0.71242189E+01  0.62271698E-10
  0.74493374E+01  0.59011660E-10
  0.77892930E+01  0.56369496E-10
  0.81447626E+01  0.54336476E-10
  0.85164544E+01  0.52894574E-10
  0.89051085E+01  0.52035235E-10
  0.93114992E+01  0.51737925E-10
  0.97364357E+01  0.51966192E-10
  0.10180765E+02  0.52694999E-10
  0.10645371E+02  0.53895565E-10
  0.11131179E+02  0.55520302E-10
  0.11639158E+02  0.57525321E-10
  0.12170319E+02  0.59873817E-10
  0.12725720E+02  0.62512318E-10
  0.13306467E+02  0.65387969E-10
  0.13913716E+02  0.68456411E-10
  0.14548678E+02  0.71659696E-10
  0.15212617E+02  0.74945002E-10
  0.15906855E+02  0.78266046E-10
  0.16632775E+02  0.81567715E-10
  0.17391823E+02  0.84804222E-10
  0.18185510E+02  0.87929562E-10
  0.19015418E+02  0.90897968E-10
  0.19883200E+02  0.93673447E-10
  0.20790583E+02  0.96219105E-10
  0.21739375E+02  0.98504326E-10
  0.22731466E+02  0.10050137E-09
  0.23768832E+02  0.10218706E-09
  0.24853539E+02  0.10354404E-09
  0.25987747E+02  0.10455960E-09
  0.27173715E+02  0.10522685E-09
  0.28413806E+02  0.10554026E-09
  0.29710489E+02  0.10549929E-09
  0.31066348E+02  0.10511205E-09
  0.32484081E+02  0.10438628E-09
  0.33966514E+02  0.10333322E-09
  0.35516599E+02  0.10196944E-09
  0.37137423E+02  0.10031361E-09
  0.38832214E+02  0.98387061E-10
  0.40604349E+02  0.96213703E-10
  0.42457356E+02  0.93819125E-10
  0.44394926E+02  0.91222935E-10
  0.46420918E+02  0.88451526E-10
  0.48539368E+02  0.85537025E-10
  0.50754495E+02  0.82496680E-10
  0.53070711E+02  0.79356284E-10
  0.55492628E+02  0.76152938E-10
  0.58025072E+02  0.72889002E-10
  0.60673085E+02  0.69601534E-10
  0.63441942E+02  0.66316679E-10
  0.66337158E+02  0.63037742E-10
  0.69364499E+02  0.59790426E-10
  0.72529995E+02  0.56575775E-10
  0.75839950E+02  0.53434803E-10
  0.79300958E+02  0.50352989E-10
  0.82919910E+02  0.47357173E-10
  0.86704016E+02  0.44453442E-10
  0.90660813E+02  0.41647003E-10
  0.94798180E+02  0.38943650E-10
  0.99124359E+02  0.36352566E-10
  0.10364797E+03  0.33872309E-10
  0.10837801E+03  0.31502267E-10
  0.11332391E+03  0.29260168E-10
  0.11849553E+03  0.27130302E-10
  0.12390315E+03  0.25106684E-10
  0.12955756E+03  0.23206112E-10
  0.13547000E+03  0.21408726E-10
  0.14165227E+03  0.19741070E-10
  0.14811666E+03  0.18158986E-10
  0.15487607E+03  0.16691783E-10
  0.16194394E+03  0.15326201E-10
  0.16933436E+03  0.14050139E-10
  0.17706205E+03  0.12862284E-10
  0.18514240E+03  0.11766032E-10
  0.19359150E+03  0.10744660E-10
  0.20242617E+03  0.97948305E-11
  0.21166403E+03  0.89179712E-11
  0.22132346E+03  0.81139877E-11
  0.23142371E+03  0.73815136E-11
  0.24198488E+03  0.67166757E-11
  0.25302803E+03  0.61122885E-11
  0.26457513E+03  0.55570767E-11
  0.27664920E+03  0.50405589E-11
  0.28927427E+03  0.45624568E-11
  0.30247550E+03  0.41234026E-11
  0.31627917E+03  0.37229633E-11
  0.33071278E+03  0.33593483E-11
  0.34580508E+03  0.30290602E-11
  0.36158613E+03  0.27274173E-11
  0.37808736E+03  0.24531615E-11
  0.39534163E+03  0.22059883E-11
  0.41338331E+03  0.19846647E-11
  0.43224834E+03  0.17867873E-11
  0.45197428E+03  0.16084989E-11
  0.47260044E+03  0.14452953E-11
  0.49416788E+03  0.12962299E-11
  0.51671956E+03  0.11612212E-11
  0.54030041E+03  0.10397238E-11
  0.56495738E+03  0.93060737E-12
  0.59073959E+03  0.83218944E-12
  0.61769839E+03  0.74365681E-12
  0.64588748E+03  0.66462550E-12
  0.67536299E+03  0.59431419E-12
  0.70618363E+03  0.53143740E-12
  0.73841080E+03  0.47455157E-12
  0.77210867E+03  0.42330061E-12
  0.80734438E+03  0.37744185E-12
  0.84418808E+03  0.33649322E-12
  0.88271317E+03  0.29976298E-12
  0.92299639E+03  0.26690775E-12
  0.96511795E+03  0.23768891E-12
  0.10091618E+04  0.21168599E-12
  0.10552155E+04  0.18835769E-12
  0.11033710E+04  0.16748616E-12
  0.11537241E+04  0.14890419E-12
  0.12063751E+04  0.13232691E-12
  0.12614288E+04  0.11749692E-12
  0.13189950E+04  0.10430314E-12
  0.13791882E+04  0.92574833E-13
  0.14421284E+04  0.82101473E-13
  0.15079409E+04  0.72785071E-13
  0.15767568E+04  0.64513405E-13
  0.16487131E+04  0.57137925E-13
  0.17239533E+04  0.50581068E-13
  0.18026270E+04  0.44760184E-13
  0.18848911E+04  0.39574536E-13
  0.19709094E+04  0.34974361E-13
  0.20608532E+04  0.30899211E-13
  0.21549016E+04  0.27287111E-13
  0.22532420E+04  0.24093316E-13
  0.23560703E+04  0.21257780E-13
  0.24635911E+04  0.18744301E-13
  0.25760188E+04  0.16521142E-13
  0.26935771E+04  0.14555430E-13
  0.28165003E+04  0.12821083E-13
  0.29450332E+04  0.11287256E-13
  0.30794318E+04  0.99345523E-14
  0.32199637E+04  0.87405208E-14
  0.33669090E+04  0.76873144E-14
  0.35205601E+04  0.67555132E-14
  0.36812233E+04  0.59338466E-14
  0.38492184E+04  0.52125420E-14
  0.40248800E+04  0.45787919E-14
  0.42085582E+04  0.40175352E-14
  0.44006186E+04  0.35227190E-14
  0.46014438E+04  0.30895453E-14
  0.48114338E+04  0.27098705E-14
  0.50310068E+04  0.23754546E-14
  0.52606002E+04  0.20808181E-14
  0.55006712E+04  0.18218621E-14
  0.57516981E+04  0.15949472E-14
  0.60141807E+04  0.13952647E-14
  0.62886419E+04  0.12195894E-14
  0.65756283E+04  0.10668579E-14
  0.68757115E+04  0.93281775E-15
  0.71894893E+04  0.81452877E-15
  0.75175865E+04  0.71161768E-15
  0.78606566E+04  0.62134124E-15
  0.82193830E+04  0.54183072E-15
  0.85944801E+04  0.47230485E-15
  0.89866950E+04  0.41177347E-15
  0.93968089E+04  0.35863836E-15
  0.98256386E+04  0.31212632E-15
  0.10274038E+05  0.27157214E-15
  0.10742901E+05  0.23615360E-15
  0.11233160E+05  0.20532635E-15
  0.11745793E+05  0.17833194E-15
  0.12281820E+05  0.15481230E-15
  0.12842310E+05  0.13437718E-15
  0.13428377E+05  0.11644567E-15
  0.14041190E+05  0.10084875E-15
  0.14681969E+05  0.87367755E-16
  0.15351991E+05  0.75523971E-16
  0.16052589E+05  0.65296523E-16
  0.16785160E+05  0.56322379E-16
  0.17551162E+05  0.48642411E-16
  0.18352121E+05  0.41976979E-16
  0.19189633E+05  0.36144406E-16
  0.20065365E+05  0.31123500E-16
  0.20981061E+05  0.26789516E-16
  0.21938546E+05  0.23045536E-16
  0.22939727E+05  0.19827516E-16
  0.23986596E+05  0.17003127E-16
  0.25081241E+05  0.14595166E-16
  0.26225840E+05  0.12528379E-16
  0.27422674E+05  0.10741718E-16
  0.28674126E+05  0.92024035E-17
  0.29982690E+05  0.78626897E-17
  0.31350970E+05  0.67334947E-17
  0.32781693E+05  0.57492148E-17
  0.34277707E+05  0.49213905E-17
  0.35841994E+05  0.41861146E-17
  0.37477667E+05  0.35755951E-17
  0.39187986E+05  0.30399961E-17
  0.40976356E+05  0.25900797E-17
  0.42846340E+05  0.22045815E-17
  0.44801661E+05  0.18667092E-17
  0.46846215E+05  0.15934760E-17
  0.48984074E+05  0.13420332E-17
  0.51219495E+05  0.11469111E-17
  0.53556932E+05  0.96167351E-18
  0.56001038E+05  0.82260754E-18
  0.58556683E+05  0.68754727E-18
  0.61228957E+05  0.58698551E-18
  0.64023182E+05  0.49017019E-18
  0.66944923E+05  0.41700322E-18
  0.70000000E+05  0.34800293E-18
  Principal QN n  Azimuthal QN l
               5               1
 Electron Energy Probability dst
  0.10000000E+01  0.51731180E-06
  0.10456357E+01  0.51034044E-06
  0.10933540E+01  0.50312696E-06
  0.11432499E+01  0.49566886E-06
  0.11954229E+01  0.48796456E-06
  0.12499768E+01  0.48001328E-06
  0.13070204E+01  0.47181414E-06
  0.13666671E+01  0.46336676E-06
  0.14290359E+01  0.45467175E-06
  0.14942509E+01  0.44573062E-06
  0.15624421E+01  0.43654599E-06
  0.16337452E+01  0.42712187E-06
  0.17083022E+01  0.41746392E-06
  0.17862617E+01  0.40757965E-06
  0.18677790E+01  0.39747845E-06
  0.19530164E+01  0.38717122E-06
  0.20421436E+01  0.37667054E-06
  0.21353382E+01  0.36598886E-06
  0.22327858E+01  0.35513914E-06
  0.23346805E+01  0.34413592E-06
  0.24412252E+01  0.33299507E-06
  0.25526322E+01  0.32173439E-06
  0.26691232E+01  0.31037584E-06
  0.27909305E+01  0.29894416E-06
  0.29182965E+01  0.28746631E-06
  0.30514749E+01  0.27596958E-06
  0.31907310E+01  0.26447849E-06
  0.33363422E+01  0.25301605E-06
  0.34885984E+01  0.24160472E-06
  0.36478030E+01  0.23026772E-06
  0.38142729E+01  0.21903433E-06
  0.39883398E+01  0.20793556E-06
  0.41703504E+01  0.19700173E-06
  0.43606672E+01  0.18626126E-06
  0.45596692E+01  0.17573960E-06
  0.47677528E+01  0.16545802E-06
  0.49853324E+01  0.15543557E-06
  0.52128414E+01  0.14569580E-06
  0.54507329E+01  0.13625870E-06
  0.56994808E+01  0.12713960E-06
  0.59595804E+01  0.11835717E-06
  0.62315499E+01  0.10992552E-06
  0.65159309E+01  0.10185293E-06
  0.68132898E+01  0.94149517E-07
  0.71242189E+01  0.86821584E-07
  0.74493374E+01  0.79872606E-07
  0.77892930E+01  0.73302712E-07
  0.81447626E+01  0.67110209E-07
  0.85164544E+01  0.61293185E-07
  0.89051085E+01  0.55845381E-07
  0.93114992E+01  0.50756788E-07
  0.97364357E+01  0.46020595E-07
  0.10180765E+02  0.41625053E-07
  0.10645371E+02  0.37559458E-07
  0.11131179E+02  0.33809466E-07
  0.11639158E+02  0.30361720E-07
  0.12170319E+02  0.27201178E-07
  0.12725720E+02  0.24313192E-07
  0.13306467E+02  0.21681491E-07
  0.13913716E+02  0.19290866E-07
  0.14548678E+02  0.17125082E-07
  0.15212617E+02  0.15169128E-07
  0.15906855E+02  0.13407228E-07
  0.16632775E+02  0.11824868E-07
  0.17391823E+02  0.10407636E-07
  0.18185510E+02  0.91414174E-08
  0.19015418E+02  0.80134679E-08
  0.19883200E+02  0.70109237E-08
  0.20790583E+02  0.61226576E-08
  0.21739375E+02  0.53376941E-08
  0.22731466E+02  0.46454327E-08
  0.23768832E+02  0.40366269E-08
  0.24853539E+02  0.35024686E-08
  0.25987747E+02  0.30348273E-08
  0.27173715E+02  0.26265036E-08
  0.28413806E+02  0.22706915E-08
  0.29710489E+02  0.19613164E-08
  0.31066348E+02  0.16928921E-08
  0.32484081E+02  0.14604798E-08
  0.33966514E+02  0.12596356E-08
  0.35516599E+02  0.10863704E-08
  0.37137423E+02  0.93716976E-09
  0.38832214E+02  0.80890906E-09
  0.40604349E+02  0.69875764E-09
  0.42457356E+02  0.60434756E-09
  0.44394926E+02  0.52346249E-09
  0.46420918E+02  0.45425655E-09
  0.48539368E+02  0.39508553E-09
  0.50754495E+02  0.34450616E-09
  0.53070711E+02  0.30128130E-09
  0.55492628E+02  0.26430548E-09
  0.58025072E+02  0.23267094E-09
  0.60673085E+02  0.20560953E-09
  0.63441942E+02  0.18234988E-09
  0.66337158E+02  0.16242283E-09
  0.69364499E+02  0.14517336E-09
  0.72529995E+02  0.13031417E-09
  0.75839950E+02  0.11741355E-09
  0.79300958E+02  0.10616502E-09
  0.82919910E+02  0.96346487E-10
  0.86704016E+02  0.87683005E-10
  0.90660813E+02  0.80027225E-10
  0.94798180E+02  0.73204066E-10
  0.99124359E+02  0.67094645E-10
  0.10364797E+03  0.61638084E-10
  0.10837801E+03  0.56784514E-10
  0.11332391E+03  0.52483169E-10
  0.11849553E+03  0.48651747E-10
  0.12390315E+03  0.45168408E-10
  0.12955756E+03  0.41892757E-10
  0.13547000E+03  0.38774156E-10
  0.14165227E+03  0.35819857E-10
  0.14811666E+03  0.33039067E-10
  0.15487607E+03  0.30437716E-10
  0.16194394E+03  0.28017414E-10
  0.16933436E+03  0.25774188E-10
  0.17706205E+03  0.23696983E-10
  0.18514240E+03  0.21767754E-10
  0.19359150E+03  0.19980944E-10
  0.20242617E+03  0.18340168E-10
  0.21166403E+03  0.16845711E-10
  0.22132346E+03  0.15493312E-10
  0.23142371E+03  0.14272975E-10
  0.24198488E+03  0.13167534E-10
  0.25302803E+03  0.12150962E-10
  0.26457513E+03  0.11189200E-10
  0.27664920E+03  0.10269371E-10
  0.28927427E+03  0.93953873E-11
  0.30247550E+03  0.85710281E-11
  0.31627917E+03  0.77994692E-11
  0.33071278E+03  0.70830496E-11
  0.34580508E+03  0.64229897E-11
  0.36158613E+03  0.58193076E-11
  0.37808736E+03  0.52718119E-11
  0.39534163E+03  0.47790961E-11
  0.41338331E+03  0.43376314E-11
  0.43224834E+03  0.39412348E-11
  0.45197428E+03  0.35804386E-11
  0.47260044E+03  0.32445084E-11
  0.49416788E+03  0.29316854E-11
  0.51671956E+03  0.26427751E-11
  0.54030041E+03  0.23780470E-11
  0.56495738E+03  0.21370779E-11
  0.59073959E+03  0.19187035E-11
  0.61769839E+03  0.17220576E-11
  0.64588748E+03  0.15461165E-11
  0.67536299E+03  0.13889173E-11
  0.70618363E+03  0.12473225E-11
  0.73841080E+03  0.11178939E-11
  0.77210867E+03  0.99999077E-12
  0.80734438E+03  0.89339154E-12
  0.84418808E+03  0.79745454E-12
  0.88271317E+03  0.71114273E-12
  0.92299639E+03  0.63383014E-12
  0.96511795E+03  0.56491161E-12
  0.10091618E+04  0.50334337E-12
  0.10552155E+04  0.44780495E-12
  0.11033710E+04  0.39783192E-12
  0.11537241E+04  0.35313344E-12
  0.12063751E+04  0.31317422E-12
  0.12614288E+04  0.27744084E-12
  0.13189950E+04  0.24565759E-12
  0.13791882E+04  0.21738972E-12
  0.14421284E+04  0.19210990E-12
  0.15079409E+04  0.16959533E-12
  0.15767568E+04  0.14960263E-12
  0.16487131E+04  0.13180271E-12
  0.17239533E+04  0.11601499E-12
  0.18026270E+04  0.10203835E-12
  0.18848911E+04  0.89625982E-13
  0.19709094E+04  0.78650022E-13
  0.20608532E+04  0.68953600E-13
  0.21549016E+04  0.60382415E-13
  0.22532420E+04  0.52837228E-13
  0.23560703E+04  0.46183354E-13
  0.24635911E+04  0.40329825E-13
  0.25760188E+04  0.35187392E-13
  0.26935771E+04  0.30668563E-13
  0.28165003E+04  0.26712017E-13
  0.29450332E+04  0.23243554E-13
  0.30794318E+04  0.20207564E-13
  0.32199637E+04  0.17540439E-13
  0.33669090E+04  0.15207692E-13
  0.35205601E+04  0.13177191E-13
  0.36812233E+04  0.11413086E-13
  0.38492184E+04  0.98726448E-14
  0.40248800E+04  0.85305494E-14
  0.42085582E+04  0.73657805E-14
  0.44006186E+04  0.63562261E-14
  0.46014438E+04  0.54782091E-14
  0.48114338E+04  0.47167959E-14
  0.50310068E+04  0.40575746E-14
  0.52606002E+04  0.34868358E-14
  0.55006712E+04  0.29934937E-14
  0.57516981E+04  0.25679568E-14
  0.60141807E+04  0.21999740E-14
  0.62886419E+04  0.18821042E-14
  0.65756283E+04  0.16105641E-14
  0.68757115E+04  0.13771506E-14
  0.71894893E+04  0.11753744E-14
  0.75175865E+04  0.10026401E-14
  0.78606566E+04  0.85449690E-15
  0.82193830E+04  0.72720676E-15
  0.85944801E+04  0.61816911E-15
  0.89866950E+04  0.52513132E-15
  0.93968089E+04  0.44568326E-15
  0.98256386E+04  0.37770194E-15
  0.10274038E+05  0.31966373E-15
  0.10742901E+05  0.27034698E-15
  0.11233160E+05  0.22840171E-15
  0.11745793E+05  0.19267500E-15
  0.12281820E+05  0.16238963E-15
  0.12842310E+05  0.13679818E-15
  0.13428377E+05  0.11499717E-15
  0.14041190E+05  0.96631467E-16
  0.14681969E+05  0.81156680E-16
  0.15351991E+05  0.67989735E-16
  0.16052589E+05  0.56914181E-16
  0.16785160E+05  0.47611765E-16
  0.17551162E+05  0.39819303E-16
  0.18352121E+05  0.33261285E-16
  0.19189633E+05  0.27685535E-16
  0.20065365E+05  0.23058642E-16
  0.20981061E+05  0.19212585E-16
  0.21938546E+05  0.15979703E-16
  0.22939727E+05  0.13271889E-16
  0.23986596E+05  0.11009754E-16
  0.25081241E+05  0.91442969E-17
  0.26225840E+05  0.75686548E-17
  0.27422674E+05  0.62663634E-17
  0.28674126E+05  0.51794055E-17
  0.29982690E+05  0.42817936E-17
  0.31350970E+05  0.35428840E-17
  0.32781693E+05  0.29125720E-17
  0.34277707E+05  0.24069719E-17
  0.35841994E+05  0.19707476E-17
  0.37477667E+05  0.16237095E-17
  0.39187986E+05  0.13370037E-17
  0.40976356E+05  0.10930157E-17
  0.42846340E+05  0.90370198E-18
  0.44801661E+05  0.73223298E-18
  0.46846215E+05  0.60617545E-18
  0.48984074E+05  0.48973342E-18
  0.51219495E+05  0.40429962E-18
  0.53556932E+05  0.32682448E-18
  0.56001038E+05  0.26951826E-18
  0.58556683E+05  0.21765520E-18
  0.61228957E+05  0.17780209E-18
  0.64023182E+05  0.14421266E-18
  0.66944923E+05  0.11714978E-18
  0.70000000E+05  0.95015019E-19
